 0.00000000e+000 1.27000000e+006 0.00000000e+000
 5.00000000e-002 -3.76538337e+005 1.64653834e+006
 1.00000000e-001 -3.76538260e+005 -6.72573944e+008
 1.50000000e-001 -3.76538260e+005 -6.72573944e+008
 2.00000000e-001 -3.76538260e+005 -6.72573944e+008
 2.50000000e-001 -3.76538260e+005 -6.72573944e+008
 3.00000000e-001 -3.76538260e+005 -6.72573944e+008
 3.50000000e-001 -3.76538260e+005 -6.72573944e+008
 4.00000000e-001 -3.76538260e+005 -6.72573944e+008
 4.50000000e-001 -3.76538260e+005 -6.72573944e+008
 5.00000000e-001 -3.76538260e+005 -6.72573944e+008
 5.50000000e-001 -3.76538260e+005 -6.72573944e+008
 6.00000000e-001 -3.76538260e+005 -6.72573944e+008
 6.50000000e-001 -3.76538260e+005 -6.72573944e+008
 7.00000000e-001 -3.76538260e+005 -6.72573944e+008
 7.50000000e-001 -3.76538260e+005 -6.72573944e+008
 8.00000000e-001 -3.76538260e+005 -6.72573944e+008
 8.50000000e-001 -3.76538260e+005 -6.72573944e+008
 9.00000000e-001 -3.76538260e+005 -6.72573944e+008
 9.50000000e-001 -3.76538260e+005 -6.72573944e+008
 1.00000000e+000 -3.76538260e+005 -6.72573944e+008
 1.05000000e+000 -3.76538260e+005 -6.72573944e+008
 1.10000000e+000 -3.76538260e+005 -6.72573944e+008
 1.15000000e+000 -3.76538260e+005 -6.72573944e+008
 1.20000000e+000 -3.76538260e+005 -6.72573944e+008
 1.25000000e+000 -3.76538260e+005 -6.72573944e+008
 1.30000000e+000 -3.76538260e+005 -6.72573944e+008
 1.35000000e+000 -3.76538260e+005 -6.72573944e+008
 1.40000000e+000 -3.76538260e+005 -6.72573944e+008
 1.45000000e+000 -3.76538260e+005 -6.72573944e+008
 1.50000000e+000 -3.76538260e+005 -6.72573944e+008
 1.55000000e+000 -3.76538260e+005 -6.72573944e+008
 1.60000000e+000 -3.76538260e+005 -6.72573944e+008
 1.65000000e+000 -3.76538260e+005 -6.72573944e+008
 1.70000000e+000 -3.76538260e+005 -6.72573944e+008
 1.75000000e+000 -3.76538260e+005 -6.72573944e+008
 1.80000000e+000 -3.76538260e+005 -6.72573944e+008
 1.85000000e+000 -3.76538260e+005 -6.72573944e+008
 1.90000000e+000 -3.76538260e+005 -6.72573944e+008
 1.95000000e+000 -3.76538260e+005 -6.72573944e+008
 2.00000000e+000 -3.76538260e+005 -6.72573944e+008
 2.05000000e+000 -3.76538260e+005 -6.72573944e+008
 2.10000000e+000 -3.76538260e+005 -6.72573944e+008
 2.15000000e+000 -3.76538260e+005 -6.72573944e+008
 2.20000000e+000 -3.76538260e+005 -6.72573944e+008
 2.25000000e+000 -3.76538260e+005 -6.72573944e+008
 2.30000000e+000 -3.76538260e+005 -6.72573944e+008
 2.35000000e+000 -3.76538260e+005 -6.72573944e+008
 2.40000000e+000 -3.76538260e+005 -6.72573944e+008
 2.45000000e+000 -3.76538260e+005 -6.72573944e+008
 2.50000000e+000 -3.76538260e+005 -6.72573944e+008
 2.55000000e+000 -3.76538260e+005 -6.72573944e+008
 2.60000000e+000 -3.76538260e+005 -6.72573944e+008
 2.65000000e+000 -3.76538260e+005 -6.72573944e+008
 2.70000000e+000 -3.76538260e+005 -6.72573944e+008
 2.75000000e+000 -3.76538260e+005 -6.72573944e+008
 2.80000000e+000 -3.76538260e+005 -6.72573944e+008
 2.85000000e+000 -3.76538260e+005 -6.72573944e+008
 2.90000000e+000 -3.76538260e+005 -6.72573944e+008
 2.95000000e+000 -3.76538260e+005 -6.72573944e+008
 3.00000000e+000 -3.76538260e+005 -6.72573944e+008
 3.05000000e+000 -3.76538260e+005 -6.72573944e+008
 3.10000000e+000 -3.76538260e+005 -6.72573944e+008
 3.15000000e+000 -3.76538260e+005 -6.72573944e+008
 3.20000000e+000 -3.76538260e+005 -6.72573944e+008
 3.25000000e+000 -3.76538260e+005 -6.72573944e+008
 3.30000000e+000 -3.76538260e+005 -6.72573944e+008
 3.35000000e+000 -3.76538260e+005 -6.72573944e+008
 3.40000000e+000 -3.76538260e+005 -6.72573944e+008
 3.45000000e+000 -3.76538260e+005 -6.72573944e+008
 3.50000000e+000 -3.76538260e+005 -6.72573944e+008
 3.55000000e+000 -3.76538260e+005 -6.72573944e+008
 3.60000000e+000 -3.76538260e+005 -6.72573944e+008
 3.65000000e+000 -3.76538260e+005 -6.72573944e+008
 3.70000000e+000 -3.76538260e+005 -6.72573944e+008
 3.75000000e+000 -3.76538260e+005 -6.72573944e+008
 3.80000000e+000 -3.76538260e+005 -6.72573944e+008
 3.85000000e+000 -3.76538260e+005 -6.72573944e+008
 3.90000000e+000 -3.76538260e+005 -6.72573944e+008
 3.95000000e+000 -3.76538260e+005 -6.72573944e+008
 4.00000000e+000 -3.76538260e+005 -6.72573944e+008
 4.05000000e+000 -3.76538260e+005 -6.72573944e+008
 4.10000000e+000 -3.76538260e+005 -6.72573944e+008
 4.15000000e+000 -3.76538260e+005 -6.72573944e+008
 4.20000000e+000 -3.76538260e+005 -6.72573944e+008
 4.25000000e+000 -3.76538260e+005 -6.72573944e+008
 4.30000000e+000 -3.76538260e+005 -6.72573944e+008
 4.35000000e+000 -3.76538260e+005 -6.72573944e+008
 4.40000000e+000 -3.76538260e+005 -6.72573944e+008
 4.45000000e+000 -3.76538260e+005 -6.72573944e+008
 4.50000000e+000 -3.76538260e+005 -6.72573944e+008
 4.55000000e+000 -3.76538260e+005 -6.72573944e+008
 4.60000000e+000 -3.76538260e+005 -6.72573944e+008
 4.65000000e+000 -3.76538260e+005 -6.72573944e+008
 4.70000000e+000 -3.76538260e+005 -6.72573944e+008
 4.75000000e+000 -3.76538260e+005 -6.72573944e+008
 4.80000000e+000 -3.76538260e+005 -6.72573944e+008
 4.85000000e+000 -3.76538260e+005 -6.72573944e+008
 4.90000000e+000 -3.76538260e+005 -6.72573944e+008
 4.95000000e+000 -3.76538260e+005 -6.72573944e+008
 5.00000000e+000 -3.76538260e+005 -6.72573944e+008
 5.05000000e+000 -3.76538260e+005 -6.72573944e+008
 5.10000000e+000 -3.76538260e+005 -6.72573944e+008
 5.15000000e+000 -3.76538260e+005 -6.72573944e+008
 5.20000000e+000 -3.76538260e+005 -6.72573944e+008
 5.25000000e+000 -3.76538260e+005 -6.72573944e+008
 5.30000000e+000 -3.76538260e+005 -6.72573944e+008
 5.35000000e+000 -3.76538260e+005 -6.72573944e+008
 5.40000000e+000 -3.76538260e+005 -6.72573944e+008
 5.45000000e+000 -3.76538260e+005 -6.72573944e+008
 5.50000000e+000 -3.76538260e+005 -6.72573944e+008
 5.55000000e+000 -3.76538260e+005 -6.72573944e+008
 5.60000000e+000 -3.76538260e+005 -6.72573944e+008
 5.65000000e+000 -3.76538260e+005 -6.72573944e+008
 5.70000000e+000 -3.76538260e+005 -6.72573944e+008
 5.75000000e+000 -3.76538260e+005 -6.72573944e+008
 5.80000000e+000 -3.76538260e+005 -6.72573944e+008
 5.85000000e+000 -3.76538260e+005 -6.72573944e+008
 5.90000000e+000 -3.76538260e+005 -6.72573944e+008
 5.95000000e+000 -3.76538260e+005 -6.72573944e+008
 6.00000000e+000 -3.76538260e+005 -6.72573944e+008
 6.05000000e+000 -3.76538260e+005 -6.72573944e+008
 6.10000000e+000 -3.76538260e+005 -6.72573944e+008
 6.15000000e+000 -3.76538260e+005 -6.72573944e+008
 6.20000000e+000 -3.76538260e+005 -6.72573944e+008
 6.25000000e+000 -3.76538260e+005 -6.72573944e+008
 6.30000000e+000 -3.76538260e+005 -6.72573944e+008
 6.35000000e+000 -3.76538260e+005 -6.72573944e+008
 6.40000000e+000 -3.76538260e+005 -6.72573944e+008
 6.45000000e+000 -3.76538260e+005 -6.72573944e+008
 6.50000000e+000 -3.76538260e+005 -6.72573944e+008
 6.55000000e+000 -3.76538260e+005 -6.72573944e+008
 6.60000000e+000 -3.76538260e+005 -6.72573944e+008
 6.65000000e+000 -3.76538260e+005 -6.72573944e+008
 6.70000000e+000 -3.76538260e+005 -6.72573944e+008
 6.75000000e+000 -3.76538260e+005 -6.72573944e+008
 6.80000000e+000 -3.76538260e+005 -6.72573944e+008
 6.85000000e+000 -3.76538260e+005 -6.72573944e+008
 6.90000000e+000 -3.76538260e+005 -6.72573944e+008
 6.95000000e+000 -3.76538260e+005 -6.72573944e+008
 7.00000000e+000 -3.76538260e+005 -6.72573944e+008
 7.05000000e+000 -3.76538260e+005 -6.72573944e+008
 7.10000000e+000 -3.76538260e+005 -6.72573944e+008
 7.15000000e+000 -3.76538260e+005 -6.72573944e+008
 7.20000000e+000 -3.76538260e+005 -6.72573944e+008
 7.25000000e+000 -3.76538260e+005 -6.72573944e+008
 7.30000000e+000 -3.76538260e+005 -6.72573944e+008
 7.35000000e+000 -3.76538260e+005 -6.72573944e+008
 7.40000000e+000 -3.76538260e+005 -6.72573944e+008
 7.45000000e+000 -3.76538260e+005 -6.72573944e+008
 7.50000000e+000 -3.76538260e+005 -6.72573944e+008
 7.55000000e+000 -3.76538260e+005 -6.72573944e+008
 7.60000000e+000 -3.76538260e+005 -6.72573944e+008
 7.65000000e+000 -3.76538260e+005 -6.72573944e+008
 7.70000000e+000 -3.76538260e+005 -6.72573944e+008
 7.75000000e+000 -3.76538260e+005 -6.72573944e+008
 7.80000000e+000 -3.76538260e+005 -6.72573944e+008
 7.85000000e+000 -3.76538260e+005 -6.72573944e+008
 7.90000000e+000 -3.76538260e+005 -6.72573944e+008
 7.95000000e+000 -3.76538260e+005 -6.72573944e+008
 8.00000000e+000 -3.76538260e+005 -6.72573944e+008
 8.05000000e+000 -3.76538260e+005 -6.72573944e+008
 8.10000000e+000 -3.76538260e+005 -6.72573944e+008
 8.15000000e+000 -3.76538260e+005 -6.72573944e+008
 8.20000000e+000 -3.76538260e+005 -6.72573944e+008
 8.25000000e+000 -3.76538260e+005 -6.72573944e+008
 8.30000000e+000 -3.76538260e+005 -6.72573944e+008
 8.35000000e+000 -3.76538260e+005 -6.72573944e+008
 8.40000000e+000 -3.76538260e+005 -6.72573944e+008
 8.45000000e+000 -3.76538260e+005 -6.72573944e+008
 8.50000000e+000 -3.76538260e+005 -6.72573944e+008
 8.55000000e+000 -3.76538260e+005 -6.72573944e+008
 8.60000000e+000 -3.76538260e+005 -6.72573944e+008
 8.65000000e+000 -3.76538260e+005 -6.72573944e+008
 8.70000000e+000 -3.76538260e+005 -6.72573944e+008
 8.75000000e+000 -3.76538260e+005 -6.72573944e+008
 8.80000000e+000 -3.76538260e+005 -6.72573944e+008
 8.85000000e+000 -3.76538260e+005 -6.72573944e+008
 8.90000000e+000 -3.76538260e+005 -6.72573944e+008
 8.95000000e+000 -3.76538260e+005 -6.72573944e+008
 9.00000000e+000 -3.76538260e+005 -6.72573944e+008
 9.05000000e+000 -3.76538260e+005 -6.72573944e+008
 9.10000000e+000 -3.76538260e+005 -6.72573944e+008
 9.15000000e+000 -3.76538260e+005 -6.72573944e+008
 9.20000000e+000 -3.76538260e+005 -6.72573944e+008
 9.25000000e+000 -3.76538260e+005 -6.72573944e+008
 9.30000000e+000 -3.76538260e+005 -6.72573944e+008
 9.35000000e+000 -3.76538260e+005 -6.72573944e+008
 9.40000000e+000 -3.76538260e+005 -6.72573944e+008
 9.45000000e+000 -3.76538260e+005 -6.72573944e+008
 9.50000000e+000 -3.76538260e+005 -6.72573944e+008
 9.55000000e+000 -3.76538260e+005 -6.72573944e+008
 9.60000000e+000 -3.76538260e+005 -6.72573944e+008
 9.65000000e+000 -3.76538260e+005 -6.72573944e+008
 9.70000000e+000 -3.76538260e+005 -6.72573944e+008
 9.75000000e+000 -3.76538260e+005 -6.72573944e+008
 9.80000000e+000 -3.76538260e+005 -6.72573944e+008
 9.85000000e+000 -3.76538260e+005 -6.72573944e+008
 9.90000000e+000 -3.76538260e+005 -6.72573944e+008
 9.95000000e+000 -3.76538260e+005 -6.72573944e+008
 1.00000000e+001 -3.76538260e+005 -6.72573944e+008
 1.00500000e+001 -3.76538260e+005 -6.72573944e+008
 1.01000000e+001 -3.76538260e+005 -6.72573944e+008
 1.01500000e+001 -3.76538260e+005 -6.72573944e+008
 1.02000000e+001 -3.76538260e+005 -6.72573944e+008
 1.02500000e+001 -3.76538260e+005 -6.72573944e+008
 1.03000000e+001 -3.76538260e+005 -6.72573944e+008
 1.03500000e+001 -3.76538260e+005 -6.72573944e+008
 1.04000000e+001 -3.76538260e+005 -6.72573944e+008
 1.04500000e+001 -3.76538260e+005 -6.72573944e+008
 1.05000000e+001 -3.76538260e+005 -6.72573944e+008
 1.05500000e+001 -3.76538260e+005 -6.72573944e+008
 1.06000000e+001 -3.76538260e+005 -6.72573944e+008
 1.06500000e+001 -3.76538260e+005 -6.72573944e+008
 1.07000000e+001 -3.76538260e+005 -6.72573944e+008
 1.07500000e+001 -3.76538260e+005 -6.72573944e+008
 1.08000000e+001 -3.76538260e+005 -6.72573944e+008
 1.08500000e+001 -3.76538260e+005 -6.72573944e+008
 1.09000000e+001 -3.76538260e+005 -6.72573944e+008
 1.09500000e+001 -3.76538260e+005 -6.72573944e+008
 1.10000000e+001 -3.76538260e+005 -6.72573944e+008
 1.10500000e+001 -3.76538260e+005 -6.72573944e+008
 1.11000000e+001 -3.76538260e+005 -6.72573944e+008
 1.11500000e+001 -3.76538260e+005 -6.72573944e+008
 1.12000000e+001 -3.76538260e+005 -6.72573944e+008
 1.12500000e+001 -3.76538260e+005 -6.72573944e+008
 1.13000000e+001 -3.76538260e+005 -6.72573944e+008
 1.13500000e+001 -3.76538260e+005 -6.72573944e+008
 1.14000000e+001 -3.76538260e+005 -6.72573944e+008
 1.14500000e+001 -3.76538260e+005 -6.72573944e+008
 1.15000000e+001 -3.76538260e+005 -6.72573944e+008
 1.15500000e+001 -3.76538260e+005 -6.72573944e+008
 1.16000000e+001 -3.76538260e+005 -6.72573944e+008
 1.16500000e+001 -3.76538260e+005 -6.72573944e+008
 1.17000000e+001 -3.76538260e+005 -6.72573944e+008
 1.17500000e+001 -3.76538260e+005 -6.72573944e+008
 1.18000000e+001 -3.76538260e+005 -6.72573944e+008
 1.18500000e+001 -3.76538260e+005 -6.72573944e+008
 1.19000000e+001 -3.76538260e+005 -6.72573944e+008
 1.19500000e+001 -3.76538260e+005 -6.72573944e+008
 1.20000000e+001 -3.76538260e+005 -6.72573944e+008
 1.20500000e+001 -3.76538260e+005 -6.72573944e+008
 1.21000000e+001 -3.76538260e+005 -6.72573944e+008
 1.21500000e+001 -3.76538260e+005 -6.72573944e+008
 1.22000000e+001 -3.76538260e+005 -6.72573944e+008
 1.22500000e+001 -3.76538260e+005 -6.72573944e+008
 1.23000000e+001 -3.76538260e+005 -6.72573944e+008
 1.23500000e+001 -3.76538260e+005 -6.72573944e+008
 1.24000000e+001 -3.76538260e+005 -6.72573944e+008
 1.24500000e+001 -3.76538260e+005 -6.72573944e+008
 1.25000000e+001 -3.76538260e+005 -6.72573944e+008
 1.25500000e+001 -3.76538260e+005 -6.72573944e+008
 1.26000000e+001 -3.76538260e+005 -6.72573944e+008
 1.26500000e+001 -3.76538260e+005 -6.72573944e+008
 1.27000000e+001 -3.76538260e+005 -6.72573944e+008
 1.27500000e+001 -3.76538260e+005 -6.72573944e+008
 1.28000000e+001 -3.76538260e+005 -6.72573944e+008
 1.28500000e+001 -3.76538260e+005 -6.72573944e+008
 1.29000000e+001 -3.76538260e+005 -6.72573944e+008
 1.29500000e+001 -3.76538260e+005 -6.72573944e+008
 1.30000000e+001 -3.76538260e+005 -6.72573944e+008
 1.30500000e+001 -3.76538260e+005 -6.72573944e+008
 1.31000000e+001 -3.76538260e+005 -6.72573944e+008
 1.31500000e+001 -3.76538260e+005 -6.72573944e+008
 1.32000000e+001 -3.76538260e+005 -6.72573944e+008
 1.32500000e+001 -3.76538260e+005 -6.72573944e+008
 1.33000000e+001 -3.76538260e+005 -6.72573944e+008
 1.33500000e+001 -3.76538260e+005 -6.72573944e+008
 1.34000000e+001 -3.76538260e+005 -6.72573944e+008
 1.34500000e+001 -3.76538260e+005 -6.72573944e+008
 1.35000000e+001 -3.76538260e+005 -6.72573944e+008
 1.35500000e+001 -3.76538260e+005 -6.72573944e+008
 1.36000000e+001 -3.76538260e+005 -6.72573944e+008
 1.36500000e+001 -3.76538260e+005 -6.72573944e+008
 1.37000000e+001 -3.76538260e+005 -6.72573944e+008
 1.37500000e+001 -3.76538260e+005 -6.72573944e+008
 1.38000000e+001 -3.76538260e+005 -6.72573944e+008
 1.38500000e+001 -3.76538260e+005 -6.72573944e+008
 1.39000000e+001 -3.76538260e+005 -6.72573944e+008
 1.39500000e+001 -3.76538260e+005 -6.72573944e+008
 1.40000000e+001 -3.76538260e+005 -6.72573944e+008
 1.40500000e+001 -3.76538260e+005 -6.72573944e+008
 1.41000000e+001 -3.76538260e+005 -6.72573944e+008
 1.41500000e+001 -3.76538260e+005 -6.72573944e+008
 1.42000000e+001 -3.76538260e+005 -6.72573944e+008
 1.42500000e+001 -3.76538260e+005 -6.72573944e+008
 1.43000000e+001 -3.76538260e+005 -6.72573944e+008
 1.43500000e+001 -3.76538260e+005 -6.72573944e+008
 1.44000000e+001 -3.76538260e+005 -6.72573944e+008
 1.44500000e+001 -3.76538260e+005 -6.72573944e+008
 1.45000000e+001 -3.76538260e+005 -6.72573944e+008
 1.45500000e+001 -3.76538260e+005 -6.72573944e+008
 1.46000000e+001 -3.76538260e+005 -6.72573944e+008
 1.46500000e+001 -3.76538260e+005 -6.72573944e+008
 1.47000000e+001 -3.76538260e+005 -6.72573944e+008
 1.47500000e+001 -3.76538260e+005 -6.72573944e+008
 1.48000000e+001 -3.76538260e+005 -6.72573944e+008
 1.48500000e+001 -3.76538260e+005 -6.72573944e+008
 1.49000000e+001 -3.76538260e+005 -6.72573944e+008
 1.49500000e+001 -3.76538260e+005 -6.72573944e+008
 1.50000000e+001 -3.76538260e+005 -6.72573944e+008
 1.50500000e+001 -3.76538260e+005 -6.72573944e+008
 1.51000000e+001 -3.76538260e+005 -6.72573944e+008
 1.51500000e+001 -3.76538260e+005 -6.72573944e+008
 1.52000000e+001 -3.76538260e+005 -6.72573944e+008
 1.52500000e+001 -3.76538260e+005 -6.72573944e+008
 1.53000000e+001 -3.76538260e+005 -6.72573944e+008
 1.53500000e+001 -3.76538260e+005 -6.72573944e+008
 1.54000000e+001 -3.76538260e+005 -6.72573944e+008
 1.54500000e+001 -3.76538260e+005 -6.72573944e+008
 1.55000000e+001 -3.76538260e+005 -6.72573944e+008
 1.55500000e+001 -3.76538260e+005 -6.72573944e+008
 1.56000000e+001 -3.76538260e+005 -6.72573944e+008
 1.56500000e+001 -3.76538260e+005 -6.72573944e+008
 1.57000000e+001 -3.76538260e+005 -6.72573944e+008
 1.57500000e+001 -3.76538260e+005 -6.72573944e+008
 1.58000000e+001 -3.76538260e+005 -6.72573944e+008
 1.58500000e+001 -3.76538260e+005 -6.72573944e+008
 1.59000000e+001 -3.76538260e+005 -6.72573944e+008
 1.59500000e+001 -3.76538260e+005 -6.72573944e+008
 1.60000000e+001 -3.76538260e+005 -6.72573944e+008
 1.60500000e+001 -3.76538260e+005 -6.72573944e+008
 1.61000000e+001 -3.76538260e+005 -6.72573944e+008
 1.61500000e+001 -3.76538260e+005 -6.72573944e+008
 1.62000000e+001 -3.76538260e+005 -6.72573944e+008
 1.62500000e+001 -3.76538260e+005 -6.72573944e+008
 1.63000000e+001 -3.76538260e+005 -6.72573944e+008
 1.63500000e+001 -3.76538260e+005 -6.72573944e+008
 1.64000000e+001 -3.76538260e+005 -6.72573944e+008
 1.64500000e+001 -3.76538260e+005 -6.72573944e+008
 1.65000000e+001 -3.76538260e+005 -6.72573944e+008
 1.65500000e+001 -3.76538260e+005 -6.72573944e+008
 1.66000000e+001 -3.76538260e+005 -6.72573944e+008
 1.66500000e+001 -3.76538260e+005 -6.72573944e+008
 1.67000000e+001 -3.76538260e+005 -6.72573944e+008
 1.67500000e+001 -3.76538260e+005 -6.72573944e+008
 1.68000000e+001 -3.76538260e+005 -6.72573944e+008
 1.68500000e+001 -3.76538260e+005 -6.72573944e+008
 1.69000000e+001 -3.76538260e+005 -6.72573944e+008
 1.69500000e+001 -3.76538260e+005 -6.72573944e+008
 1.70000000e+001 -3.76538260e+005 -6.72573944e+008
 1.70500000e+001 -3.76538260e+005 -6.72573944e+008
 1.71000000e+001 -3.76538260e+005 -6.72573944e+008
 1.71500000e+001 -3.76538260e+005 -6.72573944e+008
 1.72000000e+001 -3.76538260e+005 -6.72573944e+008
 1.72500000e+001 -3.76538260e+005 -6.72573944e+008
 1.73000000e+001 -3.76538260e+005 -6.72573944e+008
 1.73500000e+001 -3.76538260e+005 -6.72573944e+008
 1.74000000e+001 -3.76538260e+005 -6.72573944e+008
 1.74500000e+001 -3.76538260e+005 -6.72573944e+008
 1.75000000e+001 -3.76538260e+005 -6.72573944e+008
 1.75500000e+001 -3.76538260e+005 -6.72573944e+008
 1.76000000e+001 -3.76538260e+005 -6.72573944e+008
 1.76500000e+001 -3.76538260e+005 -6.72573944e+008
 1.77000000e+001 -3.76538260e+005 -6.72573944e+008
 1.77500000e+001 -3.76538260e+005 -6.72573944e+008
 1.78000000e+001 -3.76538260e+005 -6.72573944e+008
 1.78500000e+001 -3.76538260e+005 -6.72573944e+008
 1.79000000e+001 -3.76538260e+005 -6.72573944e+008
 1.79500000e+001 -3.76538260e+005 -6.72573944e+008
 1.80000000e+001 -3.76538260e+005 -6.72573944e+008
 1.80500000e+001 -3.76538260e+005 -6.72573944e+008
 1.81000000e+001 -3.76538260e+005 -6.72573944e+008
 1.81500000e+001 -3.76538260e+005 -6.72573944e+008
 1.82000000e+001 -3.76538260e+005 -6.72573944e+008
 1.82500000e+001 -3.76538260e+005 -6.72573944e+008
 1.83000000e+001 -3.76538260e+005 -6.72573944e+008
 1.83500000e+001 -3.76538260e+005 -6.72573944e+008
 1.84000000e+001 -3.76538260e+005 -6.72573944e+008
 1.84500000e+001 -3.76538260e+005 -6.72573944e+008
 1.85000000e+001 -3.76538260e+005 -6.72573944e+008
 1.85500000e+001 -3.76538260e+005 -6.72573944e+008
 1.86000000e+001 -3.76538260e+005 -6.72573944e+008
 1.86500000e+001 -3.76538260e+005 -6.72573944e+008
 1.87000000e+001 -3.76538260e+005 -6.72573944e+008
 1.87500000e+001 -3.76538260e+005 -6.72573944e+008
 1.88000000e+001 -3.76538260e+005 -6.72573944e+008
 1.88500000e+001 -3.76538260e+005 -6.72573944e+008
 1.89000000e+001 -3.76538260e+005 -6.72573944e+008
 1.89500000e+001 -3.76538260e+005 -6.72573944e+008
 1.90000000e+001 -3.76538260e+005 -6.72573944e+008
 1.90500000e+001 -3.76538260e+005 -6.72573944e+008
 1.91000000e+001 -3.76538260e+005 -6.72573944e+008
 1.91500000e+001 -3.76538260e+005 -6.72573944e+008
 1.92000000e+001 -3.76538260e+005 -6.72573944e+008
 1.92500000e+001 -3.76538260e+005 -6.72573944e+008
 1.93000000e+001 -3.76538260e+005 -6.72573944e+008
 1.93500000e+001 -3.76538260e+005 -6.72573944e+008
 1.94000000e+001 -3.76538260e+005 -6.72573944e+008
 1.94500000e+001 -3.76538260e+005 -6.72573944e+008
 1.95000000e+001 -3.76538260e+005 -6.72573944e+008
 1.95500000e+001 -3.76538260e+005 -6.72573944e+008
 1.96000000e+001 -3.76538260e+005 -6.72573944e+008
 1.96500000e+001 -3.76538260e+005 -6.72573944e+008
 1.97000000e+001 -3.76538260e+005 -6.72573944e+008
 1.97500000e+001 -3.76538260e+005 -6.72573944e+008
 1.98000000e+001 -3.76538260e+005 -6.72573944e+008
 1.98500000e+001 -3.76538260e+005 -6.72573944e+008
 1.99000000e+001 -3.76538260e+005 -6.72573944e+008
 1.99500000e+001 -3.76538260e+005 -6.72573944e+008
 2.00000000e+001 -3.76538260e+005 -6.72573944e+008
 2.00500000e+001 -3.76538260e+005 -6.72573944e+008
 2.01000000e+001 -3.76538260e+005 -6.72573944e+008
 2.01500000e+001 -3.76538260e+005 -6.72573944e+008
 2.02000000e+001 -3.76538260e+005 -6.72573944e+008
 2.02500000e+001 -3.76538260e+005 -6.72573944e+008
 2.03000000e+001 -3.76538260e+005 -6.72573944e+008
 2.03500000e+001 -3.76538260e+005 -6.72573944e+008
 2.04000000e+001 -3.76538260e+005 -6.72573944e+008
 2.04500000e+001 -3.76538260e+005 -6.72573944e+008
 2.05000000e+001 -3.76538260e+005 -6.72573944e+008
 2.05500000e+001 -3.76538260e+005 -6.72573944e+008
 2.06000000e+001 -3.76538260e+005 -6.72573944e+008
 2.06500000e+001 -3.76538260e+005 -6.72573944e+008
 2.07000000e+001 -3.76538260e+005 -6.72573944e+008
 2.07500000e+001 -3.76538260e+005 -6.72573944e+008
 2.08000000e+001 -3.76538260e+005 -6.72573944e+008
 2.08500000e+001 -3.76538260e+005 -6.72573944e+008
 2.09000000e+001 -3.76538260e+005 -6.72573944e+008
 2.09500000e+001 -3.76538260e+005 -6.72573944e+008
 2.10000000e+001 -3.76538260e+005 -6.72573944e+008
 2.10500000e+001 -3.76538260e+005 -6.72573944e+008
 2.11000000e+001 -3.76538260e+005 -6.72573944e+008
 2.11500000e+001 -3.76538260e+005 -6.72573944e+008
 2.12000000e+001 -3.76538260e+005 -6.72573944e+008
 2.12500000e+001 -3.76538260e+005 -6.72573944e+008
 2.13000000e+001 -3.76538260e+005 -6.72573944e+008
 2.13500000e+001 -3.76538260e+005 -6.72573944e+008
 2.14000000e+001 -3.76538260e+005 -6.72573944e+008
 2.14500000e+001 -3.76538260e+005 -6.72573944e+008
 2.15000000e+001 -3.76538260e+005 -6.72573944e+008
 2.15500000e+001 -3.76538260e+005 -6.72573944e+008
 2.16000000e+001 -3.76538260e+005 -6.72573944e+008
 2.16500000e+001 -3.76538260e+005 -6.72573944e+008
 2.17000000e+001 -3.76538260e+005 -6.72573944e+008
 2.17500000e+001 -3.76538260e+005 -6.72573944e+008
 2.18000000e+001 -3.76538260e+005 -6.72573944e+008
 2.18500000e+001 -3.76538260e+005 -6.72573944e+008
 2.19000000e+001 -3.76538260e+005 -6.72573944e+008
 2.19500000e+001 -3.76538260e+005 -6.72573944e+008
 2.20000000e+001 -3.76538260e+005 -6.72573944e+008
 2.20500000e+001 -3.76538260e+005 -6.72573944e+008
 2.21000000e+001 -3.76538260e+005 -6.72573944e+008
 2.21500000e+001 -3.76538260e+005 -6.72573944e+008
 2.22000000e+001 -3.76538260e+005 -6.72573944e+008
 2.22500000e+001 -3.76538260e+005 -6.72573944e+008
 2.23000000e+001 -3.76538260e+005 -6.72573944e+008
 2.23500000e+001 -3.76538260e+005 -6.72573944e+008
 2.24000000e+001 -3.76538260e+005 -6.72573944e+008
 2.24500000e+001 -3.76538260e+005 -6.72573944e+008
 2.25000000e+001 -3.76538260e+005 -6.72573944e+008
 2.25500000e+001 -3.76538260e+005 -6.72573944e+008
 2.26000000e+001 -3.76538260e+005 -6.72573944e+008
 2.26500000e+001 -3.76538260e+005 -6.72573944e+008
 2.27000000e+001 -3.76538260e+005 -6.72573944e+008
 2.27500000e+001 -3.76538260e+005 -6.72573944e+008
 2.28000000e+001 -3.76538260e+005 -6.72573944e+008
 2.28500000e+001 -3.76538260e+005 -6.72573944e+008
 2.29000000e+001 -3.76538260e+005 -6.72573944e+008
 2.29500000e+001 -3.76538260e+005 -6.72573944e+008
 2.30000000e+001 -3.76538260e+005 -6.72573944e+008
 2.30500000e+001 -3.76538260e+005 -6.72573944e+008
 2.31000000e+001 -3.76538260e+005 -6.72573944e+008
 2.31500000e+001 -3.76538260e+005 -6.72573944e+008
 2.32000000e+001 -3.76538260e+005 -6.72573944e+008
 2.32500000e+001 -3.76538260e+005 -6.72573944e+008
 2.33000000e+001 -3.76538260e+005 -6.72573944e+008
 2.33500000e+001 -3.76538260e+005 -6.72573944e+008
 2.34000000e+001 -3.76538260e+005 -6.72573944e+008
 2.34500000e+001 -3.76538260e+005 -6.72573944e+008
 2.35000000e+001 -3.76538260e+005 -6.72573944e+008
 2.35500000e+001 -3.76538260e+005 -6.72573944e+008
 2.36000000e+001 -3.76538260e+005 -6.72573944e+008
 2.36500000e+001 -3.76538260e+005 -6.72573944e+008
 2.37000000e+001 -3.76538260e+005 -6.72573944e+008
 2.37500000e+001 -3.76538260e+005 -6.72573944e+008
 2.38000000e+001 -3.76538260e+005 -6.72573944e+008
 2.38500000e+001 -3.76538260e+005 -6.72573944e+008
 2.39000000e+001 -3.76538260e+005 -6.72573944e+008
 2.39500000e+001 -3.76538260e+005 -6.72573944e+008
 2.40000000e+001 -3.76538260e+005 -6.72573944e+008
 2.40500000e+001 -3.76538260e+005 -6.72573944e+008
 2.41000000e+001 -3.76538260e+005 -6.72573944e+008
 2.41500000e+001 -3.76538260e+005 -6.72573944e+008
 2.42000000e+001 -3.76538260e+005 -6.72573944e+008
 2.42500000e+001 -3.76538260e+005 -6.72573944e+008
 2.43000000e+001 -3.76538260e+005 -6.72573944e+008
 2.43500000e+001 -3.76538260e+005 -6.72573944e+008
 2.44000000e+001 -3.76538260e+005 -6.72573944e+008
 2.44500000e+001 -3.76538260e+005 -6.72573944e+008
 2.45000000e+001 -3.76538260e+005 -6.72573944e+008
 2.45500000e+001 -3.76538260e+005 -6.72573944e+008
 2.46000000e+001 -3.76538260e+005 -6.72573944e+008
 2.46500000e+001 -3.76538260e+005 -6.72573944e+008
 2.47000000e+001 -3.76538260e+005 -6.72573944e+008
 2.47500000e+001 -3.76538260e+005 -6.72573944e+008
 2.48000000e+001 -3.76538260e+005 -6.72573944e+008
 2.48500000e+001 -3.76538260e+005 -6.72573944e+008
 2.49000000e+001 -3.76538260e+005 -6.72573944e+008
 2.49500000e+001 -3.76538260e+005 -6.72573944e+008
 2.50000000e+001 -3.76538260e+005 -6.72573944e+008
 2.50500000e+001 -3.76538260e+005 -6.72573944e+008
 2.51000000e+001 -3.76538260e+005 -6.72573944e+008
 2.51500000e+001 -3.76538260e+005 -6.72573944e+008
 2.52000000e+001 -3.76538260e+005 -6.72573944e+008
 2.52500000e+001 -3.76538260e+005 -6.72573944e+008
 2.53000000e+001 -3.76538260e+005 -6.72573944e+008
 2.53500000e+001 -3.76538260e+005 -6.72573944e+008
 2.54000000e+001 -3.76538260e+005 -6.72573944e+008
 2.54500000e+001 -3.76538260e+005 -6.72573944e+008
 2.55000000e+001 -3.76538260e+005 -6.72573944e+008
 2.55500000e+001 -3.76538260e+005 -6.72573944e+008
 2.56000000e+001 -3.76538260e+005 -6.72573944e+008
 2.56500000e+001 -3.76538260e+005 -6.72573944e+008
 2.57000000e+001 -3.76538260e+005 -6.72573944e+008
 2.57500000e+001 -3.76538260e+005 -6.72573944e+008
 2.58000000e+001 -3.76538260e+005 -6.72573944e+008
 2.58500000e+001 -3.76538260e+005 -6.72573944e+008
 2.59000000e+001 -3.76538260e+005 -6.72573944e+008
 2.59500000e+001 -3.76538260e+005 -6.72573944e+008
 2.60000000e+001 -3.76538260e+005 -6.72573944e+008
 2.60500000e+001 -3.76538260e+005 -6.72573944e+008
 2.61000000e+001 -3.76538260e+005 -6.72573944e+008
 2.61500000e+001 -3.76538260e+005 -6.72573944e+008
 2.62000000e+001 -3.76538260e+005 -6.72573944e+008
 2.62500000e+001 -3.76538260e+005 -6.72573944e+008
 2.63000000e+001 -3.76538260e+005 -6.72573944e+008
 2.63500000e+001 -3.76538260e+005 -6.72573944e+008
 2.64000000e+001 -3.76538260e+005 -6.72573944e+008
 2.64500000e+001 -3.76538260e+005 -6.72573944e+008
 2.65000000e+001 -3.76538260e+005 -6.72573944e+008
 2.65500000e+001 -3.76538260e+005 -6.72573944e+008
 2.66000000e+001 -3.76538260e+005 -6.72573944e+008
 2.66500000e+001 -3.76538260e+005 -6.72573944e+008
 2.67000000e+001 -3.76538260e+005 -6.72573944e+008
 2.67500000e+001 -3.76538260e+005 -6.72573944e+008
 2.68000000e+001 -3.76538260e+005 -6.72573944e+008
 2.68500000e+001 -3.76538260e+005 -6.72573944e+008
 2.69000000e+001 -3.76538260e+005 -6.72573944e+008
 2.69500000e+001 -3.76538260e+005 -6.72573944e+008
 2.70000000e+001 -3.76538260e+005 -6.72573944e+008
 2.70500000e+001 -3.76538260e+005 -6.72573944e+008
 2.71000000e+001 -3.76538260e+005 -6.72573944e+008
 2.71500000e+001 -3.76538260e+005 -6.72573944e+008
 2.72000000e+001 -3.76538260e+005 -6.72573944e+008
 2.72500000e+001 -3.76538260e+005 -6.72573944e+008
 2.73000000e+001 -3.76538260e+005 -6.72573944e+008
 2.73500000e+001 -3.76538260e+005 -6.72573944e+008
 2.74000000e+001 -3.76538260e+005 -6.72573944e+008
 2.74500000e+001 -3.76538260e+005 -6.72573944e+008
 2.75000000e+001 -3.76538260e+005 -6.72573944e+008
 2.75500000e+001 -3.76538260e+005 -6.72573944e+008
 2.76000000e+001 -3.76538260e+005 -6.72573944e+008
 2.76500000e+001 -3.76538260e+005 -6.72573944e+008
 2.77000000e+001 -3.76538260e+005 -6.72573944e+008
 2.77500000e+001 -3.76538260e+005 -6.72573944e+008
 2.78000000e+001 -3.76538260e+005 -6.72573944e+008
 2.78500000e+001 -3.76538260e+005 -6.72573944e+008
 2.79000000e+001 -3.76538260e+005 -6.72573944e+008
 2.79500000e+001 -3.76538260e+005 -6.72573944e+008
 2.80000000e+001 -3.76538260e+005 -6.72573944e+008
 2.80500000e+001 -3.76538260e+005 -6.72573944e+008
 2.81000000e+001 -3.76538260e+005 -6.72573944e+008
 2.81500000e+001 -3.76538260e+005 -6.72573944e+008
 2.82000000e+001 -3.76538260e+005 -6.72573944e+008
 2.82500000e+001 -3.76538260e+005 -6.72573944e+008
 2.83000000e+001 -3.76538260e+005 -6.72573944e+008
 2.83500000e+001 -3.76538260e+005 -6.72573944e+008
 2.84000000e+001 -3.76538260e+005 -6.72573944e+008
 2.84500000e+001 -3.76538260e+005 -6.72573944e+008
 2.85000000e+001 -3.76538260e+005 -6.72573944e+008
 2.85500000e+001 -3.76538260e+005 -6.72573944e+008
 2.86000000e+001 -3.76538260e+005 -6.72573944e+008
 2.86500000e+001 -3.76538260e+005 -6.72573944e+008
 2.87000000e+001 -3.76538260e+005 -6.72573944e+008
 2.87500000e+001 -3.76538260e+005 -6.72573944e+008
 2.88000000e+001 -3.76538260e+005 -6.72573944e+008
 2.88500000e+001 -3.76538260e+005 -6.72573944e+008
 2.89000000e+001 -3.76538260e+005 -6.72573944e+008
 2.89500000e+001 -3.76538260e+005 -6.72573944e+008
 2.90000000e+001 -3.76538260e+005 -6.72573944e+008
 2.90500000e+001 -3.76538260e+005 -6.72573944e+008
 2.91000000e+001 -3.76538260e+005 -6.72573944e+008
 2.91500000e+001 -3.76538260e+005 -6.72573944e+008
 2.92000000e+001 -3.76538260e+005 -6.72573944e+008
 2.92500000e+001 -3.76538260e+005 -6.72573944e+008
 2.93000000e+001 -3.76538260e+005 -6.72573944e+008
 2.93500000e+001 -3.76538260e+005 -6.72573944e+008
 2.94000000e+001 -3.76538260e+005 -6.72573944e+008
 2.94500000e+001 -3.76538260e+005 -6.72573944e+008
 2.95000000e+001 -3.76538260e+005 -6.72573944e+008
 2.95500000e+001 -3.76538260e+005 -6.72573944e+008
 2.96000000e+001 -3.76538260e+005 -6.72573944e+008
 2.96500000e+001 -3.76538260e+005 -6.72573944e+008
 2.97000000e+001 -3.76538260e+005 -6.72573944e+008
 2.97500000e+001 -3.76538260e+005 -6.72573944e+008
 2.98000000e+001 -3.76538260e+005 -6.72573944e+008
 2.98500000e+001 -3.76538260e+005 -6.72573944e+008
 2.99000000e+001 -3.76538260e+005 -6.72573944e+008
 2.99500000e+001 -3.76538260e+005 -6.72573944e+008
 3.00000000e+001 -3.76538260e+005 -6.72573944e+008
 3.00500000e+001 -3.76538260e+005 -6.72573944e+008
 3.01000000e+001 -3.76538260e+005 -6.72573944e+008
 3.01500000e+001 -3.76538260e+005 -6.72573944e+008
 3.02000000e+001 -3.76538260e+005 -6.72573944e+008
 3.02500000e+001 -3.76538260e+005 -6.72573944e+008
 3.03000000e+001 -3.76538260e+005 -6.72573944e+008
 3.03500000e+001 -3.76538260e+005 -6.72573944e+008
 3.04000000e+001 -3.76538260e+005 -6.72573944e+008
 3.04500000e+001 -3.76538260e+005 -6.72573944e+008
 3.05000000e+001 -3.76538260e+005 -6.72573944e+008
 3.05500000e+001 -3.76538260e+005 -6.72573944e+008
 3.06000000e+001 -3.76538260e+005 -6.72573944e+008
 3.06500000e+001 -3.76538260e+005 -6.72573944e+008
 3.07000000e+001 -3.76538260e+005 -6.72573944e+008
 3.07500000e+001 -3.76538260e+005 -6.72573944e+008
 3.08000000e+001 -3.76538260e+005 -6.72573944e+008
 3.08500000e+001 -3.76538260e+005 -6.72573944e+008
 3.09000000e+001 -3.76538260e+005 -6.72573944e+008
 3.09500000e+001 -3.76538260e+005 -6.72573944e+008
 3.10000000e+001 -3.76538260e+005 -6.72573944e+008
 3.10500000e+001 -3.76538260e+005 -6.72573944e+008
 3.11000000e+001 -3.76538260e+005 -6.72573944e+008
 3.11500000e+001 -3.76538260e+005 -6.72573944e+008
 3.12000000e+001 -3.76538260e+005 -6.72573944e+008
 3.12500000e+001 -3.76538260e+005 -6.72573944e+008
 3.13000000e+001 -3.76538260e+005 -6.72573944e+008
 3.13500000e+001 -3.76538260e+005 -6.72573944e+008
 3.14000000e+001 -3.76538260e+005 -6.72573944e+008
 3.14500000e+001 -3.76538260e+005 -6.72573944e+008
 3.15000000e+001 -3.76538260e+005 -6.72573944e+008
 3.15500000e+001 -3.76538260e+005 -6.72573944e+008
 3.16000000e+001 -3.76538260e+005 -6.72573944e+008
 3.16500000e+001 -3.76538260e+005 -6.72573944e+008
 3.17000000e+001 -3.76538260e+005 -6.72573944e+008
 3.17500000e+001 -3.76538260e+005 -6.72573944e+008
 3.18000000e+001 -3.76538260e+005 -6.72573944e+008
 3.18500000e+001 -3.76538260e+005 -6.72573944e+008
 3.19000000e+001 -3.76538260e+005 -6.72573944e+008
 3.19500000e+001 -3.76538260e+005 -6.72573944e+008
 3.20000000e+001 -3.76538260e+005 -6.72573944e+008
 3.20500000e+001 -3.76538260e+005 -6.72573944e+008
 3.21000000e+001 -3.76538260e+005 -6.72573944e+008
 3.21500000e+001 -3.76538260e+005 -6.72573944e+008
 3.22000000e+001 -3.76538260e+005 -6.72573944e+008
 3.22500000e+001 -3.76538260e+005 -6.72573944e+008
 3.23000000e+001 -3.76538260e+005 -6.72573944e+008
 3.23500000e+001 -3.76538260e+005 -6.72573944e+008
 3.24000000e+001 -3.76538260e+005 -6.72573944e+008
 3.24500000e+001 -3.76538260e+005 -6.72573944e+008
 3.25000000e+001 -3.76538260e+005 -6.72573944e+008
 3.25500000e+001 -3.76538260e+005 -6.72573944e+008
 3.26000000e+001 -3.76538260e+005 -6.72573944e+008
 3.26500000e+001 -3.76538260e+005 -6.72573944e+008
 3.27000000e+001 -3.76538260e+005 -6.72573944e+008
 3.27500000e+001 -3.76538260e+005 -6.72573944e+008
 3.28000000e+001 -3.76538260e+005 -6.72573944e+008
 3.28500000e+001 -3.76538260e+005 -6.72573944e+008
 3.29000000e+001 -3.76538260e+005 -6.72573944e+008
 3.29500000e+001 -3.76538260e+005 -6.72573944e+008
 3.30000000e+001 -3.76538260e+005 -6.72573944e+008
 3.30500000e+001 -3.76538260e+005 -6.72573944e+008
 3.31000000e+001 -3.76538260e+005 -6.72573944e+008
 3.31500000e+001 -3.76538260e+005 -6.72573944e+008
 3.32000000e+001 -3.76538260e+005 -6.72573944e+008
 3.32500000e+001 -3.76538260e+005 -6.72573944e+008
 3.33000000e+001 -3.76538260e+005 -6.72573944e+008
 3.33500000e+001 -3.76538260e+005 -6.72573944e+008
 3.34000000e+001 -3.76538260e+005 -6.72573944e+008
 3.34500000e+001 -3.76538260e+005 -6.72573944e+008
 3.35000000e+001 -3.76538260e+005 -6.72573944e+008
 3.35500000e+001 -3.76538260e+005 -6.72573944e+008
 3.36000000e+001 -3.76538260e+005 -6.72573944e+008
 3.36500000e+001 -3.76538260e+005 -6.72573944e+008
 3.37000000e+001 -3.76538260e+005 -6.72573944e+008
 3.37500000e+001 -3.76538260e+005 -6.72573944e+008
 3.38000000e+001 -3.76538260e+005 -6.72573944e+008
 3.38500000e+001 -3.76538260e+005 -6.72573944e+008
 3.39000000e+001 -3.76538260e+005 -6.72573944e+008
 3.39500000e+001 -3.76538260e+005 -6.72573944e+008
 3.40000000e+001 -3.76538260e+005 -6.72573944e+008
 3.40500000e+001 -3.76538260e+005 -6.72573944e+008
 3.41000000e+001 -3.76538260e+005 -6.72573944e+008
 3.41500000e+001 -3.76538260e+005 -6.72573944e+008
 3.42000000e+001 -3.76538260e+005 -6.72573944e+008
 3.42500000e+001 -3.76538260e+005 -6.72573944e+008
 3.43000000e+001 -3.76538260e+005 -6.72573944e+008
 3.43500000e+001 -3.76538260e+005 -6.72573944e+008
 3.44000000e+001 -3.76538260e+005 -6.72573944e+008
 3.44500000e+001 -3.76538260e+005 -6.72573944e+008
 3.45000000e+001 -3.76538260e+005 -6.72573944e+008
 3.45500000e+001 -3.76538260e+005 -6.72573944e+008
 3.46000000e+001 -3.76538260e+005 -6.72573944e+008
 3.46500000e+001 -3.76538260e+005 -6.72573944e+008
 3.47000000e+001 -3.76538260e+005 -6.72573944e+008
 3.47500000e+001 -3.76538260e+005 -6.72573944e+008
 3.48000000e+001 -3.76538260e+005 -6.72573944e+008
 3.48500000e+001 -3.76538260e+005 -6.72573944e+008
 3.49000000e+001 -3.76538260e+005 -6.72573944e+008
 3.49500000e+001 -3.76538260e+005 -6.72573944e+008
 3.50000000e+001 -3.76538260e+005 -6.72573944e+008
 3.50500000e+001 -3.76538260e+005 -6.72573944e+008
 3.51000000e+001 -3.76538260e+005 -6.72573944e+008
 3.51500000e+001 -3.76538260e+005 -6.72573944e+008
 3.52000000e+001 -3.76538260e+005 -6.72573944e+008
 3.52500000e+001 -3.76538260e+005 -6.72573944e+008
 3.53000000e+001 -3.76538260e+005 -6.72573944e+008
 3.53500000e+001 -3.76538260e+005 -6.72573944e+008
 3.54000000e+001 -3.76538260e+005 -6.72573944e+008
 3.54500000e+001 -3.76538260e+005 -6.72573944e+008
 3.55000000e+001 -3.76538260e+005 -6.72573944e+008
 3.55500000e+001 -3.76538260e+005 -6.72573944e+008
 3.56000000e+001 -3.76538260e+005 -6.72573944e+008
 3.56500000e+001 -3.76538260e+005 -6.72573944e+008
 3.57000000e+001 -3.76538260e+005 -6.72573944e+008
 3.57500000e+001 -3.76538260e+005 -6.72573944e+008
 3.58000000e+001 -3.76538260e+005 -6.72573944e+008
 3.58500000e+001 -3.76538260e+005 -6.72573944e+008
 3.59000000e+001 -3.76538260e+005 -6.72573944e+008
 3.59500000e+001 -3.76538260e+005 -6.72573944e+008
 3.60000000e+001 -3.76538260e+005 -6.72573944e+008
 3.60500000e+001 -3.76538260e+005 -6.72573944e+008
 3.61000000e+001 -3.76538260e+005 -6.72573944e+008
 3.61500000e+001 -3.76538260e+005 -6.72573944e+008
 3.62000000e+001 -3.76538260e+005 -6.72573944e+008
 3.62500000e+001 -3.76538260e+005 -6.72573944e+008
 3.63000000e+001 -3.76538260e+005 -6.72573944e+008
 3.63500000e+001 -3.76538260e+005 -6.72573944e+008
 3.64000000e+001 -3.76538260e+005 -6.72573944e+008
 3.64500000e+001 -3.76538260e+005 -6.72573944e+008
 3.65000000e+001 -3.76538260e+005 -6.72573944e+008
 3.65500000e+001 -3.76538260e+005 -6.72573944e+008
 3.66000000e+001 -3.76538260e+005 -6.72573944e+008
 3.66500000e+001 -3.76538260e+005 -6.72573944e+008
 3.67000000e+001 -3.76538260e+005 -6.72573944e+008
 3.67500000e+001 -3.76538260e+005 -6.72573944e+008
 3.68000000e+001 -3.76538260e+005 -6.72573944e+008
 3.68500000e+001 -3.76538260e+005 -6.72573944e+008
 3.69000000e+001 -3.76538260e+005 -6.72573944e+008
 3.69500000e+001 -3.76538260e+005 -6.72573944e+008
 3.70000000e+001 -3.76538260e+005 -6.72573944e+008
 3.70500000e+001 -3.76538260e+005 -6.72573944e+008
 3.71000000e+001 -3.76538260e+005 -6.72573944e+008
 3.71500000e+001 -3.76538260e+005 -6.72573944e+008
 3.72000000e+001 -3.76538260e+005 -6.72573944e+008
 3.72500000e+001 -3.76538260e+005 -6.72573944e+008
 3.73000000e+001 -3.76538260e+005 -6.72573944e+008
 3.73500000e+001 -3.76538260e+005 -6.72573944e+008
 3.74000000e+001 -3.76538260e+005 -6.72573944e+008
 3.74500000e+001 -3.76538260e+005 -6.72573944e+008
 3.75000000e+001 -3.76538260e+005 -6.72573944e+008
 3.75500000e+001 -3.76538260e+005 -6.72573944e+008
 3.76000000e+001 -3.76538260e+005 -6.72573944e+008
 3.76500000e+001 -3.76538260e+005 -6.72573944e+008
 3.77000000e+001 -3.76538260e+005 -6.72573944e+008
 3.77500000e+001 -3.76538260e+005 -6.72573944e+008
 3.78000000e+001 -3.76538260e+005 -6.72573944e+008
 3.78500000e+001 -3.76538260e+005 -6.72573944e+008
 3.79000000e+001 -3.76538260e+005 -6.72573944e+008
 3.79500000e+001 -3.76538260e+005 -6.72573944e+008
 3.80000000e+001 -3.76538260e+005 -6.72573944e+008
 3.80500000e+001 -3.76538260e+005 -6.72573944e+008
 3.81000000e+001 -3.76538260e+005 -6.72573944e+008
 3.81500000e+001 -3.76538260e+005 -6.72573944e+008
 3.82000000e+001 -3.76538260e+005 -6.72573944e+008
 3.82500000e+001 -3.76538260e+005 -6.72573944e+008
 3.83000000e+001 -3.76538260e+005 -6.72573944e+008
 3.83500000e+001 -3.76538260e+005 -6.72573944e+008
 3.84000000e+001 -3.76538260e+005 -6.72573944e+008
 3.84500000e+001 -3.76538260e+005 -6.72573944e+008
 3.85000000e+001 -3.76538260e+005 -6.72573944e+008
 3.85500000e+001 -3.76538260e+005 -6.72573944e+008
 3.86000000e+001 -3.76538260e+005 -6.72573944e+008
 3.86500000e+001 -3.76538260e+005 -6.72573944e+008
 3.87000000e+001 -3.76538260e+005 -6.72573944e+008
 3.87500000e+001 -3.76538260e+005 -6.72573944e+008
 3.88000000e+001 -3.76538260e+005 -6.72573944e+008
 3.88500000e+001 -3.76538260e+005 -6.72573944e+008
 3.89000000e+001 -3.76538260e+005 -6.72573944e+008
 3.89500000e+001 -3.76538260e+005 -6.72573944e+008
 3.90000000e+001 -3.76538260e+005 -6.72573944e+008
 3.90500000e+001 -3.76538260e+005 -6.72573944e+008
 3.91000000e+001 -3.76538260e+005 -6.72573944e+008
 3.91500000e+001 -3.76538260e+005 -6.72573944e+008
 3.92000000e+001 -3.76538260e+005 -6.72573944e+008
 3.92500000e+001 -3.76538260e+005 -6.72573944e+008
 3.93000000e+001 -3.76538260e+005 -6.72573944e+008
 3.93500000e+001 -3.76538260e+005 -6.72573944e+008
 3.94000000e+001 -3.76538260e+005 -6.72573944e+008
 3.94500000e+001 -3.76538260e+005 -6.72573944e+008
 3.95000000e+001 -3.76538260e+005 -6.72573944e+008
 3.95500000e+001 -3.76538260e+005 -6.72573944e+008
 3.96000000e+001 -3.76538260e+005 -6.72573944e+008
 3.96500000e+001 -3.76538260e+005 -6.72573944e+008
 3.97000000e+001 -3.76538260e+005 -6.72573944e+008
 3.97500000e+001 -3.76538260e+005 -6.72573944e+008
 3.98000000e+001 -3.76538260e+005 -6.72573944e+008
 3.98500000e+001 -3.76538260e+005 -6.72573944e+008
 3.99000000e+001 -3.76538260e+005 -6.72573944e+008
 3.99500000e+001 -3.76538260e+005 -6.72573944e+008
 4.00000000e+001 -3.76538260e+005 -6.72573944e+008
 4.00500000e+001 -3.76538260e+005 -6.72573944e+008
 4.01000000e+001 -3.76538260e+005 -6.72573944e+008
 4.01500000e+001 -3.76538260e+005 -6.72573944e+008
 4.02000000e+001 -3.76538260e+005 -6.72573944e+008
 4.02500000e+001 -3.76538260e+005 -6.72573944e+008
 4.03000000e+001 -3.76538260e+005 -6.72573944e+008
 4.03500000e+001 -3.76538260e+005 -6.72573944e+008
 4.04000000e+001 -3.76538260e+005 -6.72573944e+008
 4.04500000e+001 -3.76538260e+005 -6.72573944e+008
 4.05000000e+001 -3.76538260e+005 -6.72573944e+008
 4.05500000e+001 -3.76538260e+005 -6.72573944e+008
 4.06000000e+001 -3.76538260e+005 -6.72573944e+008
 4.06500000e+001 -3.76538260e+005 -6.72573944e+008
 4.07000000e+001 -3.76538260e+005 -6.72573944e+008
 4.07500000e+001 -3.76538260e+005 -6.72573944e+008
 4.08000000e+001 -3.76538260e+005 -6.72573944e+008
 4.08500000e+001 -3.76538260e+005 -6.72573944e+008
 4.09000000e+001 -3.76538260e+005 -6.72573944e+008
 4.09500000e+001 -3.76538260e+005 -6.72573944e+008
 4.10000000e+001 -3.76538260e+005 -6.72573944e+008
 4.10500000e+001 -3.76538260e+005 -6.72573944e+008
 4.11000000e+001 -3.76538260e+005 -6.72573944e+008
 4.11500000e+001 -3.76538260e+005 -6.72573944e+008
 4.12000000e+001 -3.76538260e+005 -6.72573944e+008
 4.12500000e+001 -3.76538260e+005 -6.72573944e+008
 4.13000000e+001 -3.76538260e+005 -6.72573944e+008
 4.13500000e+001 -3.76538260e+005 -6.72573944e+008
 4.14000000e+001 -3.76538260e+005 -6.72573944e+008
 4.14500000e+001 -3.76538260e+005 -6.72573944e+008
 4.15000000e+001 -3.76538260e+005 -6.72573944e+008
 4.15500000e+001 -3.76538260e+005 -6.72573944e+008
 4.16000000e+001 -3.76538260e+005 -6.72573944e+008
 4.16500000e+001 -3.76538260e+005 -6.72573944e+008
 4.17000000e+001 -3.76538260e+005 -6.72573944e+008
 4.17500000e+001 -3.76538260e+005 -6.72573944e+008
 4.18000000e+001 -3.76538260e+005 -6.72573944e+008
 4.18500000e+001 -3.76538260e+005 -6.72573944e+008
 4.19000000e+001 -3.76538260e+005 -6.72573944e+008
 4.19500000e+001 -3.76538260e+005 -6.72573944e+008
 4.20000000e+001 -3.76538260e+005 -6.72573944e+008
 4.20500000e+001 -3.76538260e+005 -6.72573944e+008
 4.21000000e+001 -3.76538260e+005 -6.72573944e+008
 4.21500000e+001 -3.76538260e+005 -6.72573944e+008
 4.22000000e+001 -3.76538260e+005 -6.72573944e+008
 4.22500000e+001 -3.76538260e+005 -6.72573944e+008
 4.23000000e+001 -3.76538260e+005 -6.72573944e+008
 4.23500000e+001 -3.76538260e+005 -6.72573944e+008
 4.24000000e+001 -3.76538260e+005 -6.72573944e+008
 4.24500000e+001 -3.76538260e+005 -6.72573944e+008
 4.25000000e+001 -3.76538260e+005 -6.72573944e+008
 4.25500000e+001 -3.76538260e+005 -6.72573944e+008
 4.26000000e+001 -3.76538260e+005 -6.72573944e+008
 4.26500000e+001 -3.76538260e+005 -6.72573944e+008
 4.27000000e+001 -3.76538260e+005 -6.72573944e+008
 4.27500000e+001 -3.76538260e+005 -6.72573944e+008
 4.28000000e+001 -3.76538260e+005 -6.72573944e+008
 4.28500000e+001 -3.76538260e+005 -6.72573944e+008
 4.29000000e+001 -3.76538260e+005 -6.72573944e+008
 4.29500000e+001 -3.76538260e+005 -6.72573944e+008
 4.30000000e+001 -3.76538260e+005 -6.72573944e+008
 4.30500000e+001 -3.76538260e+005 -6.72573944e+008
 4.31000000e+001 -3.76538260e+005 -6.72573944e+008
 4.31500000e+001 -3.76538260e+005 -6.72573944e+008
 4.32000000e+001 -3.76538260e+005 -6.72573944e+008
 4.32500000e+001 -3.76538260e+005 -6.72573944e+008
 4.33000000e+001 -3.76538260e+005 -6.72573944e+008
 4.33500000e+001 -3.76538260e+005 -6.72573944e+008
 4.34000000e+001 -3.76538260e+005 -6.72573944e+008
 4.34500000e+001 -3.76538260e+005 -6.72573944e+008
 4.35000000e+001 -3.76538260e+005 -6.72573944e+008
 4.35500000e+001 -3.76538260e+005 -6.72573944e+008
 4.36000000e+001 -3.76538260e+005 -6.72573944e+008
 4.36500000e+001 -3.76538260e+005 -6.72573944e+008
 4.37000000e+001 -3.76538260e+005 -6.72573944e+008
 4.37500000e+001 -3.76538260e+005 -6.72573944e+008
 4.38000000e+001 -3.76538260e+005 -6.72573944e+008
 4.38500000e+001 -3.76538260e+005 -6.72573944e+008
 4.39000000e+001 -3.76538260e+005 -6.72573944e+008
 4.39500000e+001 -3.76538260e+005 -6.72573944e+008
 4.40000000e+001 -3.76538260e+005 -6.72573944e+008
 4.40500000e+001 -3.76538260e+005 -6.72573944e+008
 4.41000000e+001 -3.76538260e+005 -6.72573944e+008
 4.41500000e+001 -3.76538260e+005 -6.72573944e+008
 4.42000000e+001 -3.76538260e+005 -6.72573944e+008
 4.42500000e+001 -3.76538260e+005 -6.72573944e+008
 4.43000000e+001 -3.76538260e+005 -6.72573944e+008
 4.43500000e+001 -3.76538260e+005 -6.72573944e+008
 4.44000000e+001 -3.76538260e+005 -6.72573944e+008
 4.44500000e+001 -3.76538260e+005 -6.72573944e+008
 4.45000000e+001 -3.76538260e+005 -6.72573944e+008
 4.45500000e+001 -3.76538260e+005 -6.72573944e+008
 4.46000000e+001 -3.76538260e+005 -6.72573944e+008
 4.46500000e+001 -3.76538260e+005 -6.72573944e+008
 4.47000000e+001 -3.76538260e+005 -6.72573944e+008
 4.47500000e+001 -3.76538260e+005 -6.72573944e+008
 4.48000000e+001 -3.76538260e+005 -6.72573944e+008
 4.48500000e+001 -3.76538260e+005 -6.72573944e+008
 4.49000000e+001 -3.76538260e+005 -6.72573944e+008
 4.49500000e+001 -3.76538260e+005 -6.72573944e+008
 4.50000000e+001 -3.76538260e+005 -6.72573944e+008
 4.50500000e+001 -3.76538260e+005 -6.72573944e+008
 4.51000000e+001 -3.76538260e+005 -6.72573944e+008
 4.51500000e+001 -3.76538260e+005 -6.72573944e+008
 4.52000000e+001 -3.76538260e+005 -6.72573944e+008
 4.52500000e+001 -3.76538260e+005 -6.72573944e+008
 4.53000000e+001 -3.76538260e+005 -6.72573944e+008
 4.53500000e+001 -3.76538260e+005 -6.72573944e+008
 4.54000000e+001 -3.76538260e+005 -6.72573944e+008
 4.54500000e+001 -3.76538260e+005 -6.72573944e+008
 4.55000000e+001 -3.76538260e+005 -6.72573944e+008
 4.55500000e+001 -3.76538260e+005 -6.72573944e+008
 4.56000000e+001 -3.76538260e+005 -6.72573944e+008
 4.56500000e+001 -3.76538260e+005 -6.72573944e+008
 4.57000000e+001 -3.76538260e+005 -6.72573944e+008
 4.57500000e+001 -3.76538260e+005 -6.72573944e+008
 4.58000000e+001 -3.76538260e+005 -6.72573944e+008
 4.58500000e+001 -3.76538260e+005 -6.72573944e+008
 4.59000000e+001 -3.76538260e+005 -6.72573944e+008
 4.59500000e+001 -3.76538260e+005 -6.72573944e+008
 4.60000000e+001 -3.76538260e+005 -6.72573944e+008
 4.60500000e+001 -3.76538260e+005 -6.72573944e+008
 4.61000000e+001 -3.76538260e+005 -6.72573944e+008
 4.61500000e+001 -3.76538260e+005 -6.72573944e+008
 4.62000000e+001 -3.76538260e+005 -6.72573944e+008
 4.62500000e+001 -3.76538260e+005 -6.72573944e+008
 4.63000000e+001 -3.76538260e+005 -6.72573944e+008
 4.63500000e+001 -3.76538260e+005 -6.72573944e+008
 4.64000000e+001 -3.76538260e+005 -6.72573944e+008
 4.64500000e+001 -3.76538260e+005 -6.72573944e+008
 4.65000000e+001 -3.76538260e+005 -6.72573944e+008
 4.65500000e+001 -3.76538260e+005 -6.72573944e+008
 4.66000000e+001 -3.76538260e+005 -6.72573944e+008
 4.66500000e+001 -3.76538260e+005 -6.72573944e+008
 4.67000000e+001 -3.76538260e+005 -6.72573944e+008
 4.67500000e+001 -3.76538260e+005 -6.72573944e+008
 4.68000000e+001 -3.76538260e+005 -6.72573944e+008
 4.68500000e+001 -3.76538260e+005 -6.72573944e+008
 4.69000000e+001 -3.76538260e+005 -6.72573944e+008
 4.69500000e+001 -3.76538260e+005 -6.72573944e+008
 4.70000000e+001 -3.76538260e+005 -6.72573944e+008
 4.70500000e+001 -3.76538260e+005 -6.72573944e+008
 4.71000000e+001 -3.76538260e+005 -6.72573944e+008
 4.71500000e+001 -3.76538260e+005 -6.72573944e+008
 4.72000000e+001 -3.76538260e+005 -6.72573944e+008
 4.72500000e+001 -3.76538260e+005 -6.72573944e+008
 4.73000000e+001 -3.76538260e+005 -6.72573944e+008
 4.73500000e+001 -3.76538260e+005 -6.72573944e+008
 4.74000000e+001 -3.76538260e+005 -6.72573944e+008
 4.74500000e+001 -3.76538260e+005 -6.72573944e+008
 4.75000000e+001 -3.76538260e+005 -6.72573944e+008
 4.75500000e+001 -3.76538260e+005 -6.72573944e+008
 4.76000000e+001 -3.76538260e+005 -6.72573944e+008
 4.76500000e+001 -3.76538260e+005 -6.72573944e+008
 4.77000000e+001 -3.76538260e+005 -6.72573944e+008
 4.77500000e+001 -3.76538260e+005 -6.72573944e+008
 4.78000000e+001 -3.76538260e+005 -6.72573944e+008
 4.78500000e+001 -3.76538260e+005 -6.72573944e+008
 4.79000000e+001 -3.76538260e+005 -6.72573944e+008
 4.79500000e+001 -3.76538260e+005 -6.72573944e+008
 4.80000000e+001 -3.76538260e+005 -6.72573944e+008
 4.80500000e+001 -3.76538260e+005 -6.72573944e+008
 4.81000000e+001 -3.76538260e+005 -6.72573944e+008
 4.81500000e+001 -3.76538260e+005 -6.72573944e+008
 4.82000000e+001 -3.76538260e+005 -6.72573944e+008
 4.82500000e+001 -3.76538260e+005 -6.72573944e+008
 4.83000000e+001 -3.76538260e+005 -6.72573944e+008
 4.83500000e+001 -3.76538260e+005 -6.72573944e+008
 4.84000000e+001 -3.76538260e+005 -6.72573944e+008
 4.84500000e+001 -3.76538260e+005 -6.72573944e+008
 4.85000000e+001 -3.76538260e+005 -6.72573944e+008
 4.85500000e+001 -3.76538260e+005 -6.72573944e+008
 4.86000000e+001 -3.76538260e+005 -6.72573944e+008
 4.86500000e+001 -3.76538260e+005 -6.72573944e+008
 4.87000000e+001 -3.76538260e+005 -6.72573944e+008
 4.87500000e+001 -3.76538260e+005 -6.72573944e+008
 4.88000000e+001 -3.76538260e+005 -6.72573944e+008
 4.88500000e+001 -3.76538260e+005 -6.72573944e+008
 4.89000000e+001 -3.76538260e+005 -6.72573944e+008
 4.89500000e+001 -3.76538260e+005 -6.72573944e+008
 4.90000000e+001 -3.76538260e+005 -6.72573944e+008
 4.90500000e+001 -3.76538260e+005 -6.72573944e+008
 4.91000000e+001 -3.76538260e+005 -6.72573944e+008
 4.91500000e+001 -3.76538260e+005 -6.72573944e+008
 4.92000000e+001 -3.76538260e+005 -6.72573944e+008
 4.92500000e+001 -3.76538260e+005 -6.72573944e+008
 4.93000000e+001 -3.76538260e+005 -6.72573944e+008
 4.93500000e+001 -3.76538260e+005 -6.72573944e+008
 4.94000000e+001 -3.76538260e+005 -6.72573944e+008
 4.94500000e+001 -3.76538260e+005 -6.72573944e+008
 4.95000000e+001 -3.76538260e+005 -6.72573944e+008
 4.95500000e+001 -3.76538260e+005 -6.72573944e+008
 4.96000000e+001 -3.76538260e+005 -6.72573944e+008
 4.96500000e+001 -3.76538260e+005 -6.72573944e+008
 4.97000000e+001 -3.76538260e+005 -6.72573944e+008
 4.97500000e+001 -3.76538260e+005 -6.72573944e+008
 4.98000000e+001 -3.76538260e+005 -6.72573944e+008
 4.98500000e+001 -3.76538260e+005 -6.72573944e+008
 4.99000000e+001 -3.76538260e+005 -6.72573944e+008
 4.99500000e+001 -3.76538260e+005 -6.72573944e+008
 5.00000000e+001 -3.76538260e+005 -6.72573944e+008
