
-20.55459213256836	-259.5660095214844	120.15159606933594
-20.52169418334961	-259.6192626953125	120.14808654785156
-20.52169418334961	-259.6192626953125	120.14808654785156
-20.52169418334961	-259.6192626953125	120.14808654785156
-20.52169418334961	-259.6192626953125	120.14808654785156
-20.521259307861328	-259.61895751953125	120.14808654785156
-20.521259307861328	-259.61895751953125	120.14808654785156
-20.52107810974121	-259.6188659667969	120.14808654785156
-20.52107810974121	-259.6188659667969	120.14808654785156
-20.520851135253906	-259.61871337890625	120.14808654785156
-20.520851135253906	-259.61871337890625	120.14808654785156
-20.520631790161133	-259.6186218261719	120.14808654785156
-20.52058219909668	-259.61859130859375	120.14810180664062
-20.520551681518555	-259.6185607910156	120.14810180664062
-20.520551681518555	-259.6185607910156	120.14810180664062
-20.5205020904541	-259.6185607910156	120.14808654785156
-20.52045440673828	-259.6185302734375	120.1480484008789
-20.52045440673828	-259.6185302734375	120.1480484008789
-20.520437240600586	-259.6184997558594	120.1480484008789
-20.520437240600586	-259.6184997558594	120.1480484008789
-20.52043342590332	-259.6184997558594	120.1480484008789
-20.52043342590332	-259.6184997558594	120.1480484008789
-20.520429611206055	-259.6184997558594	120.1480484008789
-20.520423889160156	-259.6184997558594	120.1480484008789
-20.520423889160156	-259.6184997558594	120.1480484008789
-20.520423889160156	-259.6184997558594	120.1480484008789
-20.52042007446289	-259.6184997558594	120.14803314208984
-20.52042007446289	-259.6184997558594	120.14803314208984
-20.52042007446289	-259.6184997558594	120.14803314208984
-20.52042007446289	-259.6184997558594	120.14803314208984
-20.52042007446289	-259.6184997558594	120.14803314208984
-20.52042007446289	-259.6184997558594	120.14803314208984
-20.520416259765625	-259.6184997558594	120.14803314208984
-20.520416259765625	-259.6184997558594	120.14803314208984
-20.520416259765625	-259.6184997558594	120.14803314208984
-20.520416259765625	-259.6184997558594	120.14803314208984
-20.520416259765625	-259.6184997558594	120.14803314208984
-20.520416259765625	-259.6184997558594	120.14803314208984
-20.520416259765625	-259.6184997558594	120.14803314208984
-20.520416259765625	-259.6184997558594	120.14803314208984
-20.520416259765625	-259.6184997558594	120.14803314208984
-20.520416259765625	-259.6184997558594	120.14803314208984
-20.52089500427246	-259.61773681640625	120.14986419677734
-20.53972625732422	-259.586181640625	120.18067932128906
-20.589628219604492	-259.50177001953125	120.22872924804688
-20.589628219604492	-259.50177001953125	120.22872924804688
-20.66038703918457	-259.3816223144531	120.27025604248047
-20.66038703918457	-259.3816223144531	120.27025604248047
-20.735700607299805	-259.2536926269531	120.30709838867188
-20.735700607299805	-259.2536926269531	120.30709838867188
-20.81084632873535	-259.1263122558594	120.34596252441406
-20.87580680847168	-259.01666259765625	120.39005279541016
-20.87580680847168	-259.01666259765625	120.39005279541016
-20.87580680847168	-259.01666259765625	120.39005279541016
-20.950773239135742	-258.89068603515625	120.45162200927734
-20.950773239135742	-258.89068603515625	120.45162200927734
-21.029518127441406	-258.759033203125	120.52869415283203
-21.029518127441406	-258.759033203125	120.52869415283203
-21.130632400512695	-258.5905456542969	120.625244140625
-21.130632400512695	-258.5905456542969	120.625244140625
-21.230756759643555	-258.4236755371094	120.6985855102539
-21.230756759643555	-258.4236755371094	120.6985855102539
-21.318281173706055	-258.2781677246094	120.76138305664062
-21.393781661987305	-258.15301513671875	120.8177719116211
-21.461055755615234	-258.0418395996094	120.87483215332031
-21.461055755615234	-258.0418395996094	120.87483215332031
-21.52125358581543	-257.9425048828125	120.92118072509766
-21.52125358581543	-257.9425048828125	120.92118072509766
-21.57725715637207	-257.85028076171875	120.96566009521484
-21.57725715637207	-257.85028076171875	120.96566009521484
-21.62847137451172	-257.76611328125	121.00780487060547
-21.68155288696289	-257.6790771484375	121.05237579345703
-21.68155288696289	-257.6790771484375	121.05237579345703
-21.738475799560547	-257.5859069824219	121.10128021240234
-21.738475799560547	-257.5859069824219	121.10128021240234
-21.799428939819336	-257.48638916015625	121.15353393554688
-21.799428939819336	-257.48638916015625	121.15353393554688
-21.86231231689453	-257.3838806152344	121.20716094970703
-21.930728912353516	-257.2725830078125	121.26456451416016
-22.00263786315918	-257.1558837890625	121.32465362548828
-22.00263786315918	-257.1558837890625	121.32465362548828
-22.00263786315918	-257.1558837890625	121.32465362548828
-22.07619857788086	-257.03662109375	121.3752670288086
-22.07619857788086	-257.03662109375	121.3752670288086
-22.152563095092773	-256.91314697265625	121.43672943115234
-22.152563095092773	-256.91314697265625	121.43672943115234
-22.223529815673828	-256.7987365722656	121.4937973022461
-22.223529815673828	-256.7987365722656	121.4937973022461
-22.299617767333984	-256.67633056640625	121.55494689941406
-22.37506866455078	-256.55517578125	121.61396026611328
-22.37506866455078	-256.55517578125	121.61396026611328
-22.37506866455078	-256.55517578125	121.61396026611328
-22.443876266479492	-256.44488525390625	121.66594696044922
-22.5262451171875	-256.3133850097656	121.7354507446289
-22.5262451171875	-256.3133850097656	121.7354507446289
-22.616641998291016	-256.1693420410156	121.80818176269531
-22.616641998291016	-256.1693420410156	121.80818176269531
-22.722394943237305	-256.00128173828125	121.89106750488281
-22.722394943237305	-256.00128173828125	121.89106750488281
-22.83419418334961	-255.82415771484375	121.9774169921875
-22.95725440979004	-255.62966918945312	122.0656509399414
-22.95725440979004	-255.62966918945312	122.0656509399414
-23.089181900024414	-255.42135620117188	122.14288330078125
-23.220638275146484	-255.2143096923828	122.21625518798828
-23.365163803100586	-254.98733520507812	122.29611206054688
-23.365163803100586	-254.98733520507812	122.29611206054688
-23.509599685668945	-254.7611541748047	122.37525177001953
-23.667245864868164	-254.51507568359375	122.46114349365234
-23.667245864868164	-254.51507568359375	122.46114349365234
-23.83043670654297	-254.26116943359375	122.54956817626953
-23.99835968017578	-254.000732421875	122.63934326171875
-24.154483795166016	-253.75924682617188	122.7173080444336
-24.154483795166016	-253.75924682617188	122.7173080444336
-24.154483795166016	-253.75924682617188	122.7173080444336
-24.3267765045166	-253.4935760498047	122.80240631103516
-24.3267765045166	-253.4935760498047	122.80240631103516
-24.499713897705078	-253.22775268554688	122.88704681396484
-24.670780181884766	-252.9656219482422	122.9693374633789
-24.838998794555664	-252.70867919921875	123.05123138427734
-24.838998794555664	-252.70867919921875	123.05123138427734
-25.006088256835938	-252.45423889160156	123.13240051269531
-25.006088256835938	-252.45423889160156	123.13240051269531
-25.175695419311523	-252.19679260253906	123.21469116210938
-25.344806671142578	-251.9404296875	123.27975463867188
-25.344806671142578	-251.9404296875	123.27975463867188
-25.344806671142578	-251.9404296875	123.27975463867188
-25.513439178466797	-251.68492126464844	123.32637786865234
-25.513439178466797	-251.68492126464844	123.32637786865234
-25.679845809936523	-251.43307495117188	123.36862182617188
-25.84703254699707	-251.18048095703125	123.41120910644531
-26.013866424560547	-250.92881774902344	123.45378875732422
-26.170433044433594	-250.69296264648438	123.49381256103516
-26.170433044433594	-250.69296264648438	123.49381256103516
-26.337223052978516	-250.442138671875	123.53640747070312
-26.507280349731445	-250.18667602539062	123.57478332519531
-26.507280349731445	-250.18667602539062	123.57478332519531
-26.507280349731445	-250.18667602539062	123.57478332519531
-26.670185089111328	-249.9419403076172	123.59801483154297
-26.842023849487305	-249.68382263183594	123.61698913574219
-27.01520538330078	-249.42379760742188	123.63390350341797
-27.01520538330078	-249.42379760742188	123.63390350341797
-27.01520538330078	-249.42379760742188	123.63390350341797
-27.187728881835938	-249.1649627685547	123.65071868896484
-27.187728881835938	-249.1649627685547	123.65071868896484
-27.361896514892578	-248.90380859375	123.66761779785156
-27.539003372192383	-248.63841247558594	123.68485260009766
-27.716941833496094	-248.3720703125	123.70724487304688
-27.716941833496094	-248.3720703125	123.70724487304688
-27.88908576965332	-248.11497497558594	123.74113464355469
-27.88908576965332	-248.11497497558594	123.74113464355469
-27.88908576965332	-248.11497497558594	123.74113464355469
-28.07050895690918	-247.8445281982422	123.7815170288086
-28.07050895690918	-247.8445281982422	123.7815170288086
-28.236534118652344	-247.59738159179688	123.81819152832031
-28.418113708496094	-247.3275909423828	123.86344909667969
-28.59934425354004	-247.05911254882812	123.91905212402344
-28.59934425354004	-247.05911254882812	123.91905212402344
-28.77996253967285	-246.79222106933594	123.97898864746094
-28.96040153503418	-246.5261993408203	124.03886413574219
-28.96040153503418	-246.5261993408203	124.03886413574219
-29.13921546936035	-246.26319885253906	124.09835815429688
-29.321195602416992	-245.9961395263672	124.15955352783203
-29.321195602416992	-245.9961395263672	124.15955352783203
-29.50620460510254	-245.72528076171875	124.22179412841797
-29.690507888793945	-245.45606994628906	124.28366088867188
-29.872867584228516	-245.19029235839844	124.34473419189453
-29.872867584228516	-245.19029235839844	124.34473419189453
-30.06822395324707	-244.90625	124.41062927246094
-30.06822395324707	-244.90625	124.41062927246094
-30.27047348022461	-244.61294555664062	124.47968292236328
-30.4824161529541	-244.306396484375	124.55250549316406
-30.4824161529541	-244.306396484375	124.55250549316406
-30.70535659790039	-243.98483276367188	124.62914276123047
-30.93684959411621	-243.65188598632812	124.70834350585938
-30.93684959411621	-243.65188598632812	124.70834350585938
-31.183595657348633	-243.2980194091797	124.7922592163086
-31.43775749206543	-242.93438720703125	124.86822509765625
-31.43775749206543	-242.93438720703125	124.86822509765625
-31.70505714416504	-242.55233764648438	124.92181396484375
-31.70505714416504	-242.55233764648438	124.92181396484375
-31.983577728271484	-242.1543731689453	124.95381164550781
-32.27105712890625	-241.7435302734375	124.96751403808594
-32.55620193481445	-241.33566284179688	124.95983123779297
-32.84471130371094	-240.92266845703125	124.9470443725586
-32.84471130371094	-240.92266845703125	124.9470443725586
-33.136192321777344	-240.5052032470703	124.9337158203125
-33.41587448120117	-240.1044464111328	124.92084503173828
-33.41587448120117	-240.1044464111328	124.92084503173828
-33.70541000366211	-239.68934631347656	124.90748596191406
-33.70541000366211	-239.68934631347656	124.90748596191406
-33.99424743652344	-239.27503967285156	124.89385223388672
-33.99424743652344	-239.27503967285156	124.89385223388672
-34.28797912597656	-238.85345458984375	124.87945556640625
-34.5892219543457	-238.42086791992188	124.86447143554688
-34.89826583862305	-237.97723388671875	124.86332702636719
-34.89826583862305	-237.97723388671875	124.86332702636719
-35.2135009765625	-237.525390625	124.88816833496094
-35.2135009765625	-237.525390625	124.88816833496094
-35.536781311035156	-237.06277465820312	124.92781066894531
-35.536781311035156	-237.06277465820312	124.92781066894531
-35.85883331298828	-236.6030731201172	124.98656463623047
-35.85883331298828	-236.6030731201172	124.98656463623047
-36.18702697753906	-236.1361541748047	125.06349182128906
-36.18702697753906	-236.1361541748047	125.06349182128906
-36.52003479003906	-235.66375732421875	125.14010620117188
-36.848262786865234	-235.19989013671875	125.2287826538086
-36.848262786865234	-235.19989013671875	125.2287826538086
-37.18260955810547	-234.72938537597656	125.33623504638672
-37.18260955810547	-234.72938537597656	125.33623504638672
-37.51884078979492	-234.25830078125	125.45294952392578
-37.51884078979492	-234.25830078125	125.45294952392578
-37.855716705322266	-233.7883758544922	125.57013702392578
-37.855716705322266	-233.7883758544922	125.57013702392578
-38.192630767822266	-233.32054138183594	125.69171905517578
-38.192630767822266	-233.32054138183594	125.69171905517578
-38.478675842285156	-232.92523193359375	125.80575561523438
-38.478675842285156	-232.92523193359375	125.80575561523438
-38.81404495239258	-232.46372985839844	125.9298324584961
-39.147708892822266	-232.0064239501953	126.04629516601562
-39.147708892822266	-232.0064239501953	126.04629516601562
-39.463905334472656	-231.5743865966797	126.13672637939453
-39.7678337097168	-231.15994262695312	126.20055389404297
-39.7678337097168	-231.15994262695312	126.20055389404297
-40.09089660644531	-230.71983337402344	126.24429321289062
-40.41498947143555	-230.279052734375	126.28778839111328
-40.70277404785156	-229.88827514648438	126.32958984375
-41.014949798583984	-229.4649200439453	126.36985778808594
-41.31101608276367	-229.064208984375	126.41732788085938
-41.60929489135742	-228.6615447998047	126.47924041748047
-41.89418411254883	-228.27801513671875	126.54710388183594
-41.89418411254883	-228.27801513671875	126.54710388183594
-42.198402404785156	-227.86949157714844	126.61698913574219
-42.198402404785156	-227.86949157714844	126.61698913574219
-42.476036071777344	-227.49765014648438	126.68460845947266
-42.77407455444336	-227.09950256347656	126.75700378417969
-42.77407455444336	-227.09950256347656	126.75700378417969
-43.05695343017578	-226.7226104736328	126.82630920410156
-43.05695343017578	-226.7226104736328	126.82630920410156
-43.349693298339844	-226.33358764648438	126.89823150634766
-43.64929962158203	-225.9364776611328	126.97181701660156
-43.64929962158203	-225.9364776611328	126.97181701660156
-43.93922424316406	-225.55325317382812	127.04339599609375
-43.93922424316406	-225.55325317382812	127.04339599609375
-44.23448944091797	-225.16416931152344	127.12423706054688
-44.23448944091797	-225.16416931152344	127.12423706054688
-44.54229736328125	-224.75994873046875	127.21603393554688
-44.84014892578125	-224.3699493408203	127.30037689208984
-45.152313232421875	-223.96255493164062	127.38985443115234
-45.152313232421875	-223.96255493164062	127.38985443115234
-45.45045471191406	-223.57460021972656	127.47462463378906
-45.45045471191406	-223.57460021972656	127.47462463378906
-45.761756896972656	-223.1707305908203	127.56258392333984
-46.07911682128906	-222.75991821289062	127.63538360595703
-46.39773178100586	-222.34849548339844	127.69963073730469
-46.39773178100586	-222.34849548339844	127.69963073730469
-46.39773178100586	-222.34849548339844	127.69963073730469
-46.71174240112305	-221.94430541992188	127.77435302734375
-47.03461456298828	-221.5299530029297	127.85247039794922
-47.03461456298828	-221.5299530029297	127.85247039794922
-47.34654998779297	-221.1306915283203	127.92853546142578
-47.34654998779297	-221.1306915283203	127.92853546142578
-47.67406463623047	-220.7126922607422	128.00726318359375
-48.004573822021484	-220.29208374023438	128.0874786376953
-48.004573822021484	-220.29208374023438	128.0874786376953
-48.004573822021484	-220.29208374023438	128.0874786376953
-48.32252502441406	-219.8885498046875	128.16390991210938
-48.32252502441406	-219.8885498046875	128.16390991210938
-48.65977478027344	-219.46165466308594	128.24293518066406
-49.00005340576172	-219.03219604492188	128.32400512695312
-49.00005340576172	-219.03219604492188	128.32400512695312
-49.34062957763672	-218.60360717773438	128.4047393798828
-49.683650970458984	-218.17315673828125	128.48806762695312
-49.683650970458984	-218.17315673828125	128.48806762695312
-50.03361892700195	-217.73538208007812	128.57818603515625
-50.03361892700195	-217.73538208007812	128.57818603515625
-50.39675521850586	-217.28250122070312	128.6714630126953
-50.39675521850586	-217.28250122070312	128.6714630126953
-50.76540756225586	-216.8240509033203	128.76048278808594
-50.76540756225586	-216.8240509033203	128.76048278808594
-51.12388229370117	-216.37954711914062	128.8441619873047
-51.12388229370117	-216.37954711914062	128.8441619873047
-51.51719284057617	-215.893310546875	128.93487548828125
-51.51719284057617	-215.893310546875	128.93487548828125
-51.923954010009766	-215.39205932617188	129.02830505371094
-51.923954010009766	-215.39205932617188	129.02830505371094
-52.33977508544922	-214.88131713867188	129.12303161621094
-52.76382827758789	-214.36212158203125	129.2147674560547
-52.76382827758789	-214.36212158203125	129.2147674560547
-53.19428253173828	-213.83642578125	129.290283203125
-53.19428253173828	-213.83642578125	129.290283203125
-53.62468719482422	-213.31211853027344	129.36337280273438
-54.06852340698242	-212.7728729248047	129.43844604492188
-54.06852340698242	-212.7728729248047	129.43844604492188
-54.5050048828125	-212.2439422607422	129.51202392578125
-54.5050048828125	-212.2439422607422	129.51202392578125
-54.96107482910156	-211.6927032470703	129.5885772705078
-54.96107482910156	-211.6927032470703	129.5885772705078
-55.40810012817383	-211.15386962890625	129.66329956054688
-55.40810012817383	-211.15386962890625	129.66329956054688
-55.85851287841797	-210.6122283935547	129.73397827148438
-56.3328742980957	-210.0429229736328	129.79246520996094
-56.81248092651367	-209.4682159423828	129.83856201171875
-56.81248092651367	-209.4682159423828	129.83856201171875
-56.81248092651367	-209.4682159423828	129.83856201171875
-57.28717041015625	-208.9003143310547	129.88253784179688
-57.28717041015625	-208.9003143310547	129.88253784179688
-57.77786636352539	-208.31411743164062	129.92788696289062
-58.25080871582031	-207.75001525878906	129.97132873535156
-58.72464370727539	-207.18572998046875	130.0145721435547
-59.22713851928711	-206.58840942382812	130.06671142578125
-59.7060546875	-206.02037048339844	130.1273956298828
-59.7060546875	-206.02037048339844	130.1273956298828
-60.208152770996094	-205.42616271972656	130.19224548339844
-60.208152770996094	-205.42616271972656	130.19224548339844
-60.70867919921875	-204.8352813720703	130.26116943359375
-61.201175689697266	-204.25599670410156	130.35888671875
-61.201175689697266	-204.25599670410156	130.35888671875
-61.7021484375	-203.66932678222656	130.4819793701172
-62.20138931274414	-203.0872039794922	130.60679626464844
-62.668636322021484	-202.54515075683594	130.7416229248047
-62.668636322021484	-202.54515075683594	130.7416229248047
-63.16031265258789	-201.97792053222656	130.8984832763672
-63.61204147338867	-201.45968627929688	131.048583984375
-64.05509948730469	-200.95411682128906	131.19517517089844
-64.51724243164062	-200.4296417236328	131.35130310058594
-64.93720245361328	-199.955810546875	131.50338745117188
-64.93720245361328	-199.955810546875	131.50338745117188
-65.37185668945312	-199.468017578125	131.65786743164062
-65.78445434570312	-199.00732421875	131.79713439941406
-66.16604614257812	-198.58306884765625	131.91409301757812
-66.16604614257812	-198.58306884765625	131.91409301757812
-66.52535247802734	-198.18492126464844	132.00868225097656
-66.52535247802734	-198.18492126464844	132.00868225097656
-66.86172485351562	-197.81407165527344	132.12123107910156
-66.86172485351562	-197.81407165527344	132.12123107910156
-67.15414428710938	-197.49166870117188	132.15789794921875
-67.42059326171875	-197.19754028320312	132.14974975585938
-67.66631317138672	-196.9241180419922	132.0242919921875
-67.86788940429688	-196.69821166992188	131.88497924804688
-68.06094360351562	-196.48043823242188	131.73272705078125
-68.23096466064453	-196.2875213623047	131.5889892578125
-68.38300323486328	-196.1140899658203	131.45730590820312
-68.38300323486328	-196.1140899658203	131.45730590820312
-68.50852966308594	-195.97036743164062	131.3516387939453
-68.50852966308594	-195.97036743164062	131.3516387939453
-68.6217269897461	-195.8406219482422	131.2791748046875
-68.6217269897461	-195.8406219482422	131.2791748046875
-68.72209930419922	-195.726806640625	131.3017120361328
-68.81539916992188	-195.621337890625	131.33326721191406
-68.81539916992188	-195.621337890625	131.33326721191406
-68.90740203857422	-195.51754760742188	131.3686065673828
-69.00687408447266	-195.4056396484375	131.41307067871094
-69.00687408447266	-195.4056396484375	131.41307067871094
-69.09984588623047	-195.30136108398438	131.46290588378906
-69.18671417236328	-195.20399475097656	131.50396728515625
-69.18671417236328	-195.20399475097656	131.50396728515625
-69.25894165039062	-195.12326049804688	131.5435028076172
-69.35143280029297	-195.02023315429688	131.60169982910156
-69.35143280029297	-195.02023315429688	131.60169982910156
-69.4620361328125	-194.8974609375	131.68148803710938
-69.60594940185547	-194.73825073242188	131.7849884033203
-69.60594940185547	-194.73825073242188	131.7849884033203
-69.78072357177734	-194.5454864501953	131.90394592285156
-69.78072357177734	-194.5454864501953	131.90394592285156
-69.99128723144531	-194.31385803222656	132.03086853027344
-70.23380279541016	-194.0479278564453	132.16087341308594
-70.23380279541016	-194.0479278564453	132.16087341308594
-70.49351501464844	-193.76429748535156	132.29400634765625
-70.78866577148438	-193.44338989257812	132.4425506591797
-70.78866577148438	-193.44338989257812	132.4425506591797
-71.12399291992188	-193.08070373535156	132.60862731933594
-71.47210693359375	-192.7062225341797	132.7789764404297
-71.8631591796875	-192.2879638671875	132.97210693359375
-71.8631591796875	-192.2879638671875	132.97210693359375
-72.2742691040039	-191.8510284423828	133.17222595214844
-72.2742691040039	-191.8510284423828	133.17222595214844
-72.74019622802734	-191.3590850830078	133.3883056640625
-72.74019622802734	-191.3590850830078	133.3883056640625
-73.229736328125	-190.84532165527344	133.58001708984375
-73.75281524658203	-190.29913330078125	133.73841857910156
-74.27371215820312	-189.75784301757812	133.87937927246094
-74.76697540283203	-189.24771118164062	134.00970458984375
-74.76697540283203	-189.24771118164062	134.00970458984375
-75.28663635253906	-188.71275329589844	134.14663696289062
-75.28663635253906	-188.71275329589844	134.14663696289062
-75.8056869506836	-188.180908203125	134.28317260742188
-75.8056869506836	-188.180908203125	134.28317260742188
-76.3183364868164	-187.658203125	134.42369079589844
-76.86245727539062	-187.1062774658203	134.58006286621094
-76.86245727539062	-187.1062774658203	134.58006286621094
-76.86245727539062	-187.1062774658203	134.58006286621094
-77.40155792236328	-186.5623016357422	134.73358154296875
-77.99340057373047	-185.96835327148438	134.8999786376953
-77.99340057373047	-185.96835327148438	134.8999786376953
-78.61844635009766	-185.34474182128906	135.0738067626953
-79.23948669433594	-184.72866821289062	135.24436950683594
-79.23948669433594	-184.72866821289062	135.24436950683594
-79.87155151367188	-184.1053009033203	135.41592407226562
-80.55056762695312	-183.43972778320312	135.5985565185547
-80.55056762695312	-183.43972778320312	135.5985565185547
-81.20978546142578	-182.79774475097656	135.78648376464844
-81.82731628417969	-182.20034790039062	135.9747772216797
-81.82731628417969	-182.20034790039062	135.9747772216797
-81.82731628417969	-182.20034790039062	135.9747772216797
-82.52015686035156	-181.53475952148438	136.1885528564453
-82.52015686035156	-181.53475952148438	136.1885528564453
-83.21878814697266	-180.86862182617188	136.4032440185547
-83.21878814697266	-180.86862182617188	136.4032440185547
-83.89469909667969	-180.22886657714844	136.6096954345703
-84.59256744384766	-179.57313537597656	136.8210906982422
-85.20307159423828	-179.00320434570312	136.9920654296875
-85.20307159423828	-179.00320434570312	136.9920654296875
-85.87947082519531	-178.37564086914062	137.17083740234375
-86.5665283203125	-177.74215698242188	137.3486785888672
-87.19381713867188	-177.16688537597656	137.4945068359375
-87.19381713867188	-177.16688537597656	137.4945068359375
-87.82220458984375	-176.59326171875	137.62046813964844
-88.48033905029297	-175.99501037597656	137.74200439453125
-88.48033905029297	-175.99501037597656	137.74200439453125
-89.06504821777344	-175.46563720703125	137.8455047607422
-89.69982147216797	-174.89280700683594	137.94161987304688
-90.31936645507812	-174.33526611328125	138.01756286621094
-90.31936645507812	-174.33526611328125	138.01756286621094
-90.87525177001953	-173.83628845214844	138.08248901367188
-91.44651794433594	-173.32464599609375	138.14822387695312
-92.00272369384766	-172.82766723632812	138.2115020751953
-92.00272369384766	-172.82766723632812	138.2115020751953
-92.535888671875	-172.3523406982422	138.27146911621094
-92.535888671875	-172.3523406982422	138.27146911621094
-93.01984405517578	-171.9218292236328	138.33041381835938
-93.50767517089844	-171.4894256591797	138.41908264160156
-93.50767517089844	-171.4894256591797	138.41908264160156
-93.50767517089844	-171.4894256591797	138.41908264160156
-94.00091552734375	-171.0539093017578	138.5236053466797
-94.46223449707031	-170.64808654785156	138.6255340576172
-94.88523864746094	-170.27749633789062	138.73062133789062
-95.29531860351562	-169.91989135742188	138.8496856689453
-95.70648956298828	-169.56304931640625	138.97592163085938
-96.10028076171875	-169.22280883789062	139.09840393066406
-96.10028076171875	-169.22280883789062	139.09840393066406
-96.48821258544922	-168.8891143798828	139.2202911376953
-96.8604736328125	-168.5701141357422	139.3289337158203
-96.8604736328125	-168.5701141357422	139.3289337158203
-97.22471618652344	-168.25909423828125	139.4243621826172
-97.59451293945312	-167.94444274902344	139.52102661132812
-97.96422576904297	-167.63092041015625	139.6232452392578
-97.96422576904297	-167.63092041015625	139.6232452392578
-98.3607177734375	-167.29586791992188	139.73277282714844
-98.76459503173828	-166.95578002929688	139.83853149414062
-98.76459503173828	-166.95578002929688	139.83853149414062
-98.76459503173828	-166.95578002929688	139.83853149414062
-99.1902847290039	-166.5985107421875	139.94143676757812
-99.1902847290039	-166.5985107421875	139.94143676757812
-99.64327239990234	-166.2197265625	140.04930114746094
-99.64327239990234	-166.2197265625	140.04930114746094
-100.09508514404297	-165.84329223632812	140.1558380126953
-100.09508514404297	-165.84329223632812	140.1558380126953
-100.57222747802734	-165.44723510742188	140.26705932617188
-101.07698059082031	-165.0299530029297	140.38401794433594
-101.5732421875	-164.62132263183594	140.4977569580078
-102.1297607421875	-164.1649932861328	140.62411499023438
-102.61453247070312	-163.76913452148438	140.7331085205078
-103.15476989746094	-163.32940673828125	140.8369598388672
-103.71097564697266	-162.8782196044922	140.93251037597656
-104.26056671142578	-162.433837890625	141.02487182617188
-104.83243560791016	-161.97293090820312	141.12033081054688
-104.83243560791016	-161.97293090820312	141.12033081054688
-105.40257263183594	-161.51498413085938	141.21514892578125
-106.03668975830078	-161.0074462890625	141.32009887695312
-106.03668975830078	-161.0074462890625	141.32009887695312
-106.5778579711914	-160.57574462890625	141.40928649902344
-106.5778579711914	-160.57574462890625	141.40928649902344
-107.15988159179688	-160.1129913330078	141.5044708251953
-107.75130462646484	-159.64437866210938	141.6006622314453
-108.35115814208984	-159.1707305908203	141.69790649414062
-108.35115814208984	-159.1707305908203	141.69790649414062
-108.9359359741211	-158.71054077148438	141.7925262451172
-109.562744140625	-158.21896362304688	141.88943481445312
-109.562744140625	-158.21896362304688	141.88943481445312
-110.20536804199219	-157.71620178222656	141.95884704589844
-110.20536804199219	-157.71620178222656	141.95884704589844
-110.8189926147461	-157.23709106445312	142.01226806640625
-110.8189926147461	-157.23709106445312	142.01226806640625
-111.46430206298828	-156.73422241210938	142.06680297851562
-111.46430206298828	-156.73422241210938	142.06680297851562
-112.1042251586914	-156.23648071289062	142.1206512451172
-112.1042251586914	-156.23648071289062	142.1206512451172
-112.67977905273438	-155.78968811035156	142.1729278564453
-113.29923248291016	-155.30990600585938	142.23619079589844
-113.29923248291016	-155.30990600585938	142.23619079589844
-113.89287567138672	-154.85134887695312	142.30979919433594
-113.89287567138672	-154.85134887695312	142.30979919433594
-114.5238265991211	-154.36569213867188	142.40769958496094
-115.15406799316406	-153.88253784179688	142.51914978027344
-115.72333526611328	-153.44808959960938	142.63461303710938
-116.31791687011719	-152.99647521972656	142.767578125
-116.31791687011719	-152.99647521972656	142.767578125
-116.89248657226562	-152.5623779296875	142.9091033935547
-116.89248657226562	-152.5623779296875	142.9091033935547
-117.49232482910156	-152.1117401123047	143.06491088867188
-118.0905990600586	-151.6652374267578	143.24176025390625
-118.67286682128906	-151.23353576660156	143.4208984375
-119.28073120117188	-150.785888671875	143.6083526611328
-119.87149810791016	-150.353759765625	143.79066467285156
-120.44977569580078	-149.93359375	143.96873474121094
-120.44977569580078	-149.93359375	143.96873474121094
-121.01576232910156	-149.52500915527344	144.14247131347656
-121.01576232910156	-149.52500915527344	144.14247131347656
-121.6306381225586	-149.08409118652344	144.33090209960938
-122.1942138671875	-148.68264770507812	144.50390625
-122.75105285644531	-148.2882843017578	144.6610565185547
-122.75105285644531	-148.2882843017578	144.6610565185547
-123.3239517211914	-147.88465881347656	144.80650329589844
-123.3239517211914	-147.88465881347656	144.80650329589844
-123.91706848144531	-147.46905517578125	144.9548797607422
-124.48919677734375	-147.07032775878906	145.09817504882812
-125.07563018798828	-146.663818359375	145.244873046875
-125.07563018798828	-146.663818359375	145.244873046875
-125.07563018798828	-146.663818359375	145.244873046875
-125.63589477539062	-146.2775115966797	145.38502502441406
-126.24522399902344	-145.85939025878906	145.5223846435547
-126.81613159179688	-145.46946716308594	145.64389038085938
-127.341552734375	-145.11216735839844	145.75430297851562
-127.94281005859375	-144.70492553710938	145.8696746826172
-128.51707458496094	-144.3173065185547	145.96136474609375
-129.10215759277344	-143.9235382080078	146.041748046875
-129.61148071289062	-143.58168029785156	146.10997009277344
-129.61148071289062	-143.58168029785156	146.10997009277344
-130.1696319580078	-143.20809936523438	146.18386840820312
-130.1696319580078	-143.20809936523438	146.18386840820312
-130.7493438720703	-142.82115173339844	146.26095581054688
-130.7493438720703	-142.82115173339844	146.26095581054688
-131.30284118652344	-142.45281982421875	146.3388214111328
-131.8516845703125	-142.08868408203125	146.41847229003906
-131.8516845703125	-142.08868408203125	146.41847229003906
-131.8516845703125	-142.08868408203125	146.41847229003906
-132.41607666015625	-141.71542358398438	146.50074768066406
-132.9706268310547	-141.3498077392578	146.58152770996094
-132.9706268310547	-141.3498077392578	146.58152770996094
-133.50917053222656	-140.99610900878906	146.6761016845703
-134.04429626464844	-140.64625549316406	146.78831481933594
-134.04429626464844	-140.64625549316406	146.78831481933594
-134.5489501953125	-140.31773376464844	146.8964385986328
-135.07138061523438	-139.97909545898438	147.0067596435547
-135.07138061523438	-139.97909545898438	147.0067596435547
-135.58004760742188	-139.6508331298828	147.11697387695312
-136.0951385498047	-139.32005310058594	147.23965454101562
-136.5839385986328	-139.0077667236328	147.36627197265625
-137.0883026123047	-138.68711853027344	147.4978485107422
-137.0883026123047	-138.68711853027344	147.4978485107422
-137.62332153320312	-138.34877014160156	147.637451171875
-137.62332153320312	-138.34877014160156	147.637451171875
-138.14659118652344	-138.01962280273438	147.775146484375
-138.71470642089844	-137.6641845703125	147.9228973388672
-138.71470642089844	-137.6641845703125	147.9228973388672
-139.22889709472656	-137.3441925048828	148.0545654296875
-139.22889709472656	-137.3441925048828	148.0545654296875
-139.7670135498047	-137.01075744628906	148.1746063232422
-140.34182739257812	-136.65586853027344	148.2782440185547
-140.34182739257812	-136.65586853027344	148.2782440185547
-140.86407470703125	-136.3346405029297	148.3689422607422
-141.45068359375	-135.97496032714844	148.46078491210938
-141.9923858642578	-135.64385986328125	148.5400848388672
-142.5568084716797	-135.2998809814453	148.61717224121094
-143.10252380371094	-134.96810913085938	148.6820526123047
-143.65599060058594	-134.63243103027344	148.74595642089844
-144.23794555664062	-134.2803955078125	148.81301879882812
-144.79347229003906	-133.94520568847656	148.87696838378906
-144.79347229003906	-133.94520568847656	148.87696838378906
-145.35293579101562	-133.6084747314453	148.94094848632812
-145.35293579101562	-133.6084747314453	148.94094848632812
-145.9695587158203	-133.23834228515625	149.01144409179688
-146.58102416992188	-132.872314453125	149.0816192626953
-146.58102416992188	-132.872314453125	149.0816192626953
-146.58102416992188	-132.872314453125	149.0816192626953
-147.16001892089844	-132.5269012451172	149.1628875732422
-147.75523376464844	-132.17318725585938	149.2600860595703
-148.38430786132812	-131.80091857910156	149.3667449951172
-148.9816436767578	-131.44886779785156	149.4683074951172
-148.9816436767578	-131.44886779785156	149.4683074951172
-149.5917510986328	-131.09075927734375	149.57131958007812
-150.2045135498047	-130.73260498046875	149.6746063232422
-150.2045135498047	-130.73260498046875	149.6746063232422
-150.80694580078125	-130.38189697265625	149.7758026123047
-151.45724487304688	-130.00494384765625	149.8846435546875
-152.06570434570312	-129.65370178222656	149.98655700683594
-152.67617797851562	-129.3026580810547	150.08262634277344
-152.67617797851562	-129.3026580810547	150.08262634277344
-152.67617797851562	-129.3026580810547	150.08262634277344
-153.2986602783203	-128.94578552246094	150.1615447998047
-153.2986602783203	-128.94578552246094	150.1615447998047
-153.94113159179688	-128.57846069335938	150.2296600341797
-153.94113159179688	-128.57846069335938	150.2296600341797
-154.57176208496094	-128.2188262939453	150.29507446289062
-154.57176208496094	-128.2188262939453	150.29507446289062
-155.22021484375	-127.849853515625	150.3519287109375
-155.85389709472656	-127.4898910522461	150.39599609375
-155.85389709472656	-127.4898910522461	150.39599609375
-156.4723358154297	-127.13920593261719	150.43731689453125
-156.4723358154297	-127.13920593261719	150.43731689453125
-157.12388610839844	-126.77037811279297	150.4807586669922
-157.77719116210938	-126.40086364746094	150.50555419921875
-157.77719116210938	-126.40086364746094	150.50555419921875
-158.365478515625	-126.06793975830078	150.4976043701172
-158.98486328125	-125.7171859741211	150.47975158691406
-159.61659240722656	-125.35917663574219	150.46067810058594
-159.61659240722656	-125.35917663574219	150.46067810058594
-160.24618530273438	-125.0020980834961	150.44178771972656
-160.87017822265625	-124.64813232421875	150.4368438720703
-161.476806640625	-124.30435180664062	150.45736694335938
-162.1122283935547	-123.94468688964844	150.48715209960938
-162.1122283935547	-123.94468688964844	150.48715209960938
-162.7426300048828	-123.58828735351562	150.51739501953125
-162.7426300048828	-123.58828735351562	150.51739501953125
-163.36163330078125	-123.23878479003906	150.5469512939453
-163.36163330078125	-123.23878479003906	150.5469512939453
-163.36163330078125	-123.23878479003906	150.5469512939453
-163.97364807128906	-122.89391326904297	150.59121704101562
-164.6122283935547	-122.53509521484375	150.65814208984375
-165.22116088867188	-122.19393920898438	150.72853088378906
-165.8460693359375	-121.84487915039062	150.8013458251953
-166.4491729736328	-121.50914001464844	150.8807830810547
-167.0685272216797	-121.16575622558594	150.97738647460938
-167.69081115722656	-120.82213592529297	151.07672119140625
-167.69081115722656	-120.82213592529297	151.07672119140625
-168.32240295410156	-120.47482299804688	151.177490234375
-168.93124389648438	-120.1413803100586	151.2746124267578
-168.93124389648438	-120.1413803100586	151.2746124267578
-169.57125854492188	-119.79234313964844	151.37660217285156
-169.57125854492188	-119.79234313964844	151.37660217285156
-170.1973419189453	-119.4522705078125	151.4763641357422
-170.84242248535156	-119.1034164428711	151.57916259765625
-171.47128295898438	-118.76473999023438	151.6795654296875
-171.47128295898438	-118.76473999023438	151.6795654296875
-172.06430053710938	-118.44668579101562	151.77406311035156
-172.6761932373047	-118.11981964111328	151.87130737304688
-173.27838134765625	-117.79946899414062	151.96868896484375
-173.89364624023438	-117.4738998413086	152.09080505371094
-174.51519775390625	-117.14698791503906	152.2313995361328
-175.121337890625	-116.8300552368164	152.3707275390625
-175.121337890625	-116.8300552368164	152.3707275390625
-175.737548828125	-116.50978088378906	152.51197814941406
-176.36956787109375	-116.18331909179688	152.65660095214844
-176.36956787109375	-116.18331909179688	152.65660095214844
-176.96128845214844	-115.87950897216797	152.791748046875
-177.5904083251953	-115.55843353271484	152.93524169921875
-178.2117919921875	-115.24324798583984	153.07684326171875
-178.79798889160156	-114.94766998291016	153.21026611328125
-179.4427032470703	-114.62455749511719	153.3568878173828
-179.4427032470703	-114.62455749511719	153.3568878173828
-180.03948974609375	-114.32730102539062	153.49256896972656
-180.6064453125	-114.04657745361328	153.6214599609375
-181.21730041503906	-113.74604034423828	153.7731475830078
-181.21730041503906	-113.74604034423828	153.7731475830078
-181.21730041503906	-113.74604034423828	153.7731475830078
-181.82041931152344	-113.45135498046875	153.92855834960938
-182.44825744628906	-113.14676666259766	154.0907745361328
-183.0379638671875	-112.8626708984375	154.2428436279297
-183.6516571044922	-112.569091796875	154.40081787109375
-184.2455596923828	-112.28694152832031	154.55343627929688
-184.8460693359375	-112.00363159179688	154.70745849609375
-184.8460693359375	-112.00363159179688	154.70745849609375
-185.47091674804688	-111.71104431152344	154.87319946289062
-186.1090545654297	-111.41486358642578	155.06443786621094
-186.70001220703125	-111.14302825927734	155.25311279296875
-187.322021484375	-110.85946655273438	155.45315551757812
-187.322021484375	-110.85946655273438	155.45315551757812
-187.9366912841797	-110.58210754394531	155.6669158935547
-187.9366912841797	-110.58210754394531	155.6669158935547
-188.5555419921875	-110.3060302734375	155.90658569335938
-188.5555419921875	-110.3060302734375	155.90658569335938
-189.19595336914062	-110.0239028930664	156.17347717285156
-189.8131561279297	-109.75548553466797	156.43992614746094
-189.8131561279297	-109.75548553466797	156.43992614746094
-190.44297790527344	-109.48514556884766	156.71243286132812
-190.44297790527344	-109.48514556884766	156.71243286132812
-191.0594482421875	-109.22396087646484	156.97833251953125
-191.7269287109375	-108.94499969482422	157.2657470703125
-192.36044311523438	-108.68343353271484	157.5121612548828
-192.9998321533203	-108.42203521728516	157.720458984375
-193.6343536376953	-108.16486358642578	157.8950653076172
-193.6343536376953	-108.16486358642578	157.8950653076172
-193.6343536376953	-108.16486358642578	157.8950653076172
-194.2476348876953	-107.91807556152344	158.04164123535156
-194.8748321533203	-107.6672134399414	158.1680145263672
-195.48390197753906	-107.42503356933594	158.2857666015625
-196.13534545898438	-107.16758728027344	158.41160583496094
-196.13534545898438	-107.16758728027344	158.41160583496094
-196.7750701904297	-106.91637420654297	158.5354461669922
-196.7750701904297	-106.91637420654297	158.5354461669922
-196.7750701904297	-106.91637420654297	158.5354461669922
-197.39529418945312	-106.67431640625	158.6554718017578
-198.02679443359375	-106.42940521240234	158.77755737304688
-198.6419677734375	-106.19229888916016	158.8961944580078
-198.6419677734375	-106.19229888916016	158.8961944580078
-199.2823944091797	-105.94705200195312	159.01962280273438
-199.2823944091797	-105.94705200195312	159.01962280273438
-199.9667205810547	-105.6867446899414	159.1519775390625
-200.6144561767578	-105.4423599243164	159.3006134033203
-201.2145233154297	-105.21809387207031	159.46534729003906
-201.88714599609375	-104.96914672851562	159.6568145751953
-202.4760284423828	-104.75328826904297	159.82427978515625
-202.4760284423828	-104.75328826904297	159.82427978515625
-203.1045684814453	-104.525146484375	160.00616455078125
-203.1045684814453	-104.525146484375	160.00616455078125
-203.7145538330078	-104.305908203125	160.18289184570312
-204.3480987548828	-104.0804672241211	160.36663818359375
-204.9921417236328	-103.85356903076172	160.5502166748047
-204.9921417236328	-103.85356903076172	160.5502166748047
-205.6269073486328	-103.63199615478516	160.7175750732422
-206.26181030273438	-103.41213989257812	160.86404418945312
-206.26181030273438	-103.41213989257812	160.86404418945312
-206.9095916748047	-103.18929290771484	160.98736572265625
-207.5763397216797	-102.961181640625	161.0909423828125
-208.2108154296875	-102.74510192871094	161.17361450195312
-208.2108154296875	-102.74510192871094	161.17361450195312
-208.2108154296875	-102.74510192871094	161.17361450195312
-208.85032653808594	-102.52811431884766	161.24143981933594
-209.49288940429688	-102.31090545654297	161.30738830566406
-210.1109161376953	-102.10275268554688	161.37063598632812
-210.7502899169922	-101.88818359375	161.43606567382812
-211.3797607421875	-101.67774200439453	161.50054931640625
-211.3797607421875	-101.67774200439453	161.50054931640625
-212.01585388183594	-101.46588897705078	161.56570434570312
-212.01585388183594	-101.46588897705078	161.56570434570312
-212.6658172607422	-101.25022888183594	161.6321258544922
-213.29200744628906	-101.04328155517578	161.69610595703125
-213.29200744628906	-101.04328155517578	161.69610595703125
-213.90708923339844	-100.84075927734375	161.7587432861328
-213.90708923339844	-100.84075927734375	161.7587432861328
-214.56948852539062	-100.62349700927734	161.82626342773438
-214.56948852539062	-100.62349700927734	161.82626342773438
-215.2220001220703	-100.41030883789062	161.8929901123047
-215.82066345214844	-100.21550750732422	161.9574432373047
-216.5067596435547	-99.9937515258789	162.06712341308594
-217.1317596435547	-99.79335021972656	162.19296264648438
-217.1317596435547	-99.79335021972656	162.19296264648438
-217.79901123046875	-99.58110809326172	162.3310546875
-218.39480590820312	-99.39311218261719	162.45375061035156
-218.999267578125	-99.2038345336914	162.57766723632812
-218.999267578125	-99.2038345336914	162.57766723632812
-219.6595001220703	-98.9986343383789	162.70542907714844
-219.6595001220703	-98.9986343383789	162.70542907714844
-220.25572204589844	-98.81436920166016	162.7976837158203
-220.8986053466797	-98.61663055419922	162.87965393066406
-221.52294921875	-98.42552185058594	162.95729064941406
-222.14984130859375	-98.23455810546875	163.03524780273438
-222.80233764648438	-98.03678131103516	163.11856079101562
-223.40185546875	-97.85603332519531	163.19876098632812
-224.0342559814453	-97.66666412353516	163.3040008544922
-224.0342559814453	-97.66666412353516	163.3040008544922
-224.0342559814453	-97.66666412353516	163.3040008544922
-224.65626525878906	-97.48179626464844	163.41952514648438
-224.65626525878906	-97.48179626464844	163.41952514648438
-225.33677673339844	-97.28114318847656	163.54786682128906
-225.95204162597656	-97.10115051269531	163.66558837890625
-226.56637573242188	-96.9229507446289	163.78976440429688
-227.21487426757812	-96.73648834228516	163.92564392089844
-227.83590698242188	-96.55950164794922	164.05621337890625
-228.4685821533203	-96.3807601928711	164.18919372558594
-228.4685821533203	-96.3807601928711	164.18919372558594
-228.4685821533203	-96.3807601928711	164.18919372558594
-229.103759765625	-96.20291137695312	164.32278442382812
-229.80670166015625	-96.00796508789062	164.47177124023438
-229.80670166015625	-96.00796508789062	164.47177124023438
-230.39247131347656	-95.84697723388672	164.595458984375
-231.0419158935547	-95.67007446289062	164.73361206054688
-231.6762237548828	-95.49889373779297	164.86424255371094
-232.34231567382812	-95.32078552246094	165.0004119873047
-232.34231567382812	-95.32078552246094	165.0004119873047
-232.98956298828125	-95.14908599853516	165.11595153808594
-232.98956298828125	-95.14908599853516	165.11595153808594
-233.63096618652344	-94.98005676269531	165.21278381347656
-234.27801513671875	-94.8106460571289	165.30419921875
-234.27801513671875	-94.8106460571289	165.30419921875
-234.8914031982422	-94.65094757080078	165.3832244873047
-235.51998901367188	-94.48807525634766	165.453857421875
-235.51998901367188	-94.48807525634766	165.453857421875
-236.2319793701172	-94.30455780029297	165.53236389160156
-236.2319793701172	-94.30455780029297	165.53236389160156
-236.89401245117188	-94.13494873046875	165.61358642578125
-237.55825805664062	-93.96622467041016	165.72482299804688
-237.55825805664062	-93.96622467041016	165.72482299804688
-238.2014617919922	-93.80442810058594	165.85299682617188
-238.88841247558594	-93.63359832763672	166.0083770751953
-239.50714111328125	-93.48165893554688	166.16574096679688
-240.18728637695312	-93.31690216064453	166.3487091064453
-240.81968688964844	-93.16584777832031	166.52511596679688
-240.81968688964844	-93.16584777832031	166.52511596679688
-241.48251342773438	-93.0101089477539	166.7327423095703
-241.48251342773438	-93.0101089477539	166.7327423095703
-242.15830993652344	-92.85453033447266	166.98431396484375
-242.83270263671875	-92.70269012451172	167.2582550048828
-243.49534606933594	-92.55704498291016	167.54454040527344
-243.49534606933594	-92.55704498291016	167.54454040527344
-243.49534606933594	-92.55704498291016	167.54454040527344
-244.16722106933594	-92.41329956054688	167.85891723632812
-244.88833618164062	-92.26335906982422	168.1999969482422
-245.51361083984375	-92.13651275634766	168.46702575683594
-245.51361083984375	-92.13651275634766	168.46702575683594
-246.20472717285156	-91.99933624267578	168.7215576171875
-246.9050750732422	-91.86310577392578	168.94635009765625
-246.9050750732422	-91.86310577392578	168.94635009765625
-247.564697265625	-91.73706817626953	169.13584899902344
-248.26150512695312	-91.60606384277344	169.31488037109375
-248.9257049560547	-91.48296356201172	169.46485900878906
-248.9257049560547	-91.48296356201172	169.46485900878906
-249.59130859375	-91.36129760742188	169.60841369628906
-250.234375	-91.245361328125	169.74639892578125
-250.234375	-91.245361328125	169.74639892578125
-250.88185119628906	-91.1302261352539	169.88519287109375
-251.55755615234375	-91.01170349121094	170.0242919921875
-252.20375061035156	-90.89995574951172	170.15834045410156
-252.87545776367188	-90.78572845458984	170.3147430419922
-253.57000732421875	-90.67011260986328	170.5128631591797
-253.57000732421875	-90.67011260986328	170.5128631591797
-254.18360900878906	-90.57018280029297	170.70059204101562
-254.8927459716797	-90.45732116699219	170.9186553955078
-254.8927459716797	-90.45732116699219	170.9186553955078
-255.52749633789062	-90.35888671875	171.1300506591797
-255.52749633789062	-90.35888671875	171.1300506591797
-256.1575012207031	-90.26394653320312	171.36607360839844
-256.8240966796875	-90.16661071777344	171.62924194335938
-257.46173095703125	-90.07644653320312	171.88259887695312
-257.46173095703125	-90.07644653320312	171.88259887695312
-257.46173095703125	-90.07644653320312	171.88259887695312
-258.1142272949219	-89.98711395263672	172.13796997070312
-258.8357238769531	-89.89137268066406	172.39102172851562
-259.4678955078125	-89.80940246582031	172.5636749267578
-259.4678955078125	-89.80940246582031	172.5636749267578
-260.07196044921875	-89.73242950439453	172.69212341308594
-260.7041320800781	-89.65311431884766	172.8108367919922
-260.7041320800781	-89.65311431884766	172.8108367919922
-261.36163330078125	-89.5719985961914	172.93235778808594
-261.9848327636719	-89.49635314941406	173.0458984375
-261.9848327636719	-89.49635314941406	173.0458984375
-261.9848327636719	-89.49635314941406	173.0458984375
-262.6078796386719	-89.42183685302734	173.150390625
-263.28515625	-89.3421401977539	173.2626495361328
-263.8987731933594	-89.27106475830078	173.36422729492188
-264.54705810546875	-89.19692993164062	173.4551239013672
-265.1589050292969	-89.12786102294922	173.5349884033203
-265.1589050292969	-89.12786102294922	173.5349884033203
-265.1589050292969	-89.12786102294922	173.5349884033203
-265.77008056640625	-89.05972290039062	173.61395263671875
-265.77008056640625	-89.05972290039062	173.61395263671875
-266.43902587890625	-88.98619079589844	173.70419311523438
-266.43902587890625	-88.98619079589844	173.70419311523438
-267.01910400390625	-88.92335510253906	173.7877655029297
-267.6981201171875	-88.85101318359375	173.89501953125
-268.3028564453125	-88.7877426147461	173.99636840820312
-268.9168701171875	-88.72462463378906	174.099609375
-268.9168701171875	-88.72462463378906	174.099609375
-269.5487976074219	-88.66085052490234	174.20574951171875
-269.5487976074219	-88.66085052490234	174.20574951171875
-270.16082763671875	-88.6002197265625	174.30862426757812
-270.80010986328125	-88.5380859375	174.41607666015625
-270.80010986328125	-88.5380859375	174.41607666015625
-271.44879150390625	-88.47626495361328	174.5252685546875
-272.0484619140625	-88.42023468017578	174.62701416015625
-272.0484619140625	-88.42023468017578	174.62701416015625
-272.658935546875	-88.36431121826172	174.73355102539062
-273.31884765625	-88.30522918701172	174.85447692871094
-273.31884765625	-88.30522918701172	174.85447692871094
-273.9930114746094	-88.24650573730469	174.99024963378906
-274.631103515625	-88.19239807128906	175.1204071044922
-275.22918701171875	-88.14303588867188	175.2421875
-275.22918701171875	-88.14303588867188	175.2421875
-275.9293518066406	-88.08682250976562	175.3816680908203
-276.54693603515625	-88.03849792480469	175.49290466308594
-276.54693603515625	-88.03849792480469	175.49290466308594
-277.1827392578125	-87.98967742919922	175.58737182617188
-277.1827392578125	-87.98967742919922	175.58737182617188
-277.8487548828125	-87.93966674804688	175.6819305419922
-278.478759765625	-87.89337921142578	175.77099609375
-279.15789794921875	-87.84455871582031	175.86761474609375
-279.15789794921875	-87.84455871582031	175.86761474609375
-279.8150634765625	-87.79840850830078	175.9609375
-280.4438781738281	-87.75524139404297	176.05018615722656
-281.13055419921875	-87.70921325683594	176.14759826660156
-281.13055419921875	-87.70921325683594	176.14759826660156
-281.7797546386719	-87.66676330566406	176.23941040039062
-282.4452209472656	-87.62434387207031	176.33319091796875
-282.4452209472656	-87.62434387207031	176.33319091796875
-283.17388916015625	-87.57913970947266	176.435791015625
-283.8509216308594	-87.53831481933594	176.53102111816406
-283.8509216308594	-87.53831481933594	176.53102111816406
-284.5133361816406	-87.49954223632812	176.6293182373047
-284.5133361816406	-87.49954223632812	176.6293182373047
-285.2401428222656	-87.45845794677734	176.74810791015625
-285.2401428222656	-87.45845794677734	176.74810791015625
-285.92059326171875	-87.42146301269531	176.86793518066406
-286.63433837890625	-87.38417053222656	176.99111938476562
-287.2927551269531	-87.35086822509766	177.08670043945312
-287.2927551269531	-87.35086822509766	177.08670043945312
-287.97247314453125	-87.31746673583984	177.17074584960938
-288.6606140136719	-87.28419494628906	177.22227478027344
-288.6606140136719	-87.28419494628906	177.22227478027344
-289.3177185058594	-87.25223541259766	177.21559143066406
-290.00946044921875	-87.2179946899414	177.1686553955078
-290.00946044921875	-87.2179946899414	177.1686553955078
-290.6770324707031	-87.1842041015625	177.11007690429688
-290.6770324707031	-87.1842041015625	177.11007690429688
-291.34027099609375	-87.14981079101562	177.04234313964844
-291.9881286621094	-87.11514282226562	176.95852661132812
-291.9881286621094	-87.11514282226562	176.95852661132812
-292.6063537597656	-87.08109283447266	176.87350463867188
-292.6063537597656	-87.08109283447266	176.87350463867188
-293.2339782714844	-87.04556274414062	176.7890625
-293.8328552246094	-87.01079559326172	176.71133422851562
-294.409423828125	-86.97657775878906	176.64015197753906
-294.409423828125	-86.97657775878906	176.64015197753906
-294.9443664550781	-86.9442367553711	176.5778350830078
-294.9443664550781	-86.9442367553711	176.5778350830078
-295.4449157714844	-86.9134521484375	176.52151489257812
-295.4449157714844	-86.9134521484375	176.52151489257812
-295.9259948730469	-86.8834457397461	176.47198486328125
-296.38262939453125	-86.85440063476562	176.42568969726562
-296.7586975097656	-86.83064270019531	176.40957641601562
-296.7586975097656	-86.83064270019531	176.40957641601562
-297.1347351074219	-86.80680847167969	176.39149475097656
-297.4781799316406	-86.78498840332031	176.37989807128906
-297.83807373046875	-86.76214599609375	176.3729705810547
-297.83807373046875	-86.76214599609375	176.3729705810547
-298.18792724609375	-86.73989868164062	176.36656188964844
-298.18792724609375	-86.73989868164062	176.36656188964844
-298.5567626953125	-86.71637725830078	176.3599395751953
-298.908203125	-86.69393157958984	176.35365295410156
-299.2867126464844	-86.66971588134766	176.3470001220703
-299.2867126464844	-86.66971588134766	176.3470001220703
-299.6818542480469	-86.64437103271484	176.34011840820312
-300.05242919921875	-86.6205062866211	176.3301544189453
-300.4603576660156	-86.59394073486328	176.30389404296875
-300.8630065917969	-86.56748962402344	176.27613830566406
-301.28302001953125	-86.5396957397461	176.24697875976562
-301.28302001953125	-86.5396957397461	176.24697875976562
-301.71722412109375	-86.51074981689453	176.21670532226562
-301.71722412109375	-86.51074981689453	176.21670532226562
-302.1512145996094	-86.48158264160156	176.18606567382812
-302.6083984375	-86.45062255859375	176.1532745361328
-303.09222412109375	-86.4175796508789	176.11839294433594
-303.595458984375	-86.3829116821289	176.08255004882812
-304.1145324707031	-86.34681701660156	176.04591369628906
-304.63348388671875	-86.31040954589844	176.00901794433594
-304.63348388671875	-86.31040954589844	176.00901794433594
-305.18109130859375	-86.27141571044922	175.9532928466797
-305.18109130859375	-86.27141571044922	175.9532928466797
-305.7701110839844	-86.22834014892578	175.8562774658203
-306.36236572265625	-86.183837890625	175.7436065673828
-306.36236572265625	-86.183837890625	175.7436065673828
-306.36236572265625	-86.183837890625	175.7436065673828
-306.95770263671875	-86.1379165649414	175.6295623779297
-307.5992431640625	-86.0870590209961	175.5021514892578
-308.22955322265625	-86.03509521484375	175.3353729248047
-308.22955322265625	-86.03509521484375	175.3353729248047
-308.8802185058594	-85.97886657714844	175.11492919921875
-309.5799255371094	-85.9151382446289	174.8446502685547
-309.5799255371094	-85.9151382446289	174.8446502685547
-310.2569274902344	-85.85003662109375	174.56004333496094
-310.2569274902344	-85.85003662109375	174.56004333496094
-310.91607666015625	-85.783203125	174.26780700683594
-311.6412353515625	-85.70573425292969	173.94667053222656
-312.27423095703125	-85.63478088378906	173.67149353027344
-312.27423095703125	-85.63478088378906	173.67149353027344
-312.9297790527344	-85.55807495117188	173.38926696777344
-313.61029052734375	-85.47483825683594	173.0902557373047
-314.29339599609375	-85.38711547851562	172.7547149658203
-314.29339599609375	-85.38711547851562	172.7547149658203
-314.9117126464844	-85.30379486083984	172.4255828857422
-315.560302734375	-85.21247863769531	172.07594299316406
-315.560302734375	-85.21247863769531	172.07594299316406
-315.560302734375	-85.21247863769531	172.07594299316406
-316.2037658691406	-85.11797332763672	171.73780822753906
-316.7668762207031	-85.03213500976562	171.45338439941406
-317.3519287109375	-84.9400634765625	171.17068481445312
-317.8968200683594	-84.85187530517578	170.9291534423828
-318.3810729980469	-84.77163696289062	170.72862243652344
-318.8374328613281	-84.69364166259766	170.49713134765625
-318.8374328613281	-84.69364166259766	170.49713134765625
-319.264404296875	-84.6194839477539	170.3177032470703
-319.264404296875	-84.6194839477539	170.3177032470703
-319.264404296875	-84.6194839477539	170.3177032470703
-319.64019775390625	-84.55342864990234	170.21652221679688
-319.9847106933594	-84.49313354492188	170.2068328857422
-320.3203125	-84.43433380126953	170.20481872558594
-320.6307678222656	-84.3797836303711	170.20033264160156
-320.6307678222656	-84.3797836303711	170.20033264160156
-320.92022705078125	-84.32894134521484	170.20497131347656
-321.1849060058594	-84.28248596191406	170.2135467529297
-321.1849060058594	-84.28248596191406	170.2135467529297
-321.41925048828125	-84.24126434326172	170.2124786376953
-321.41925048828125	-84.24126434326172	170.2124786376953
-321.6362609863281	-84.20295715332031	170.2000732421875
-321.8445129394531	-84.16615295410156	170.1915740966797
-321.8445129394531	-84.16615295410156	170.1915740966797
-322.01953125	-84.1351547241211	170.18756103515625
-322.17620849609375	-84.10719299316406	170.17088317871094
-322.31341552734375	-84.08168029785156	170.07330322265625
-322.4626159667969	-84.05242919921875	169.8706817626953
-322.5838928222656	-84.028076171875	169.6930389404297
-322.5838928222656	-84.028076171875	169.6930389404297
-322.7209777832031	-83.9997329711914	169.47021484375
-322.7209777832031	-83.9997329711914	169.47021484375
-322.8534240722656	-83.97119140625	169.21347045898438
-322.98687744140625	-83.94133758544922	168.92343139648438
-323.11541748046875	-83.91232299804688	168.6793212890625
-323.11541748046875	-83.91232299804688	168.6793212890625
-323.2075500488281	-83.89139556884766	168.51522827148438
-323.2738037109375	-83.87584686279297	168.37738037109375
-323.32855224609375	-83.86186218261719	168.19003295898438
-323.32855224609375	-83.86186218261719	168.19003295898438
-323.388916015625	-83.84620666503906	167.9852752685547
-323.4611511230469	-83.82725524902344	167.74703979492188
-323.4611511230469	-83.82725524902344	167.74703979492188
-323.55096435546875	-83.803466796875	167.46417236328125
-323.66314697265625	-83.77339935302734	167.12771606445312
-323.8025817871094	-83.73515319824219	166.7154083251953
-323.9523620605469	-83.69302368164062	166.2782745361328
-323.9523620605469	-83.69302368164062	166.2782745361328
-324.1246032714844	-83.64332580566406	165.78875732421875
-324.3240966796875	-83.5839614868164	165.2303466796875
-324.3240966796875	-83.5839614868164	165.2303466796875
-324.3240966796875	-83.5839614868164	165.2303466796875
-324.5527038574219	-83.51347351074219	164.5939483642578
-324.7900390625	-83.43744659423828	163.93020629882812
-325.04425048828125	-83.35282135009766	163.22218322753906
-325.04425048828125	-83.35282135009766	163.22218322753906
-325.31671142578125	-83.25840759277344	162.46693420410156
-325.620361328125	-83.14893341064453	161.64529418945312
-325.9183044433594	-83.03738403320312	160.87258911132812
-326.23040771484375	-82.91703033447266	160.14210510253906
-326.23040771484375	-82.91703033447266	160.14210510253906
-326.23040771484375	-82.91703033447266	160.14210510253906
-326.5442810058594	-82.79206085205078	159.4451141357422
-326.8483581542969	-82.66714477539062	158.79290771484375
-327.163818359375	-82.53398895263672	158.15823364257812
-327.163818359375	-82.53398895263672	158.15823364257812
-327.4770202636719	-82.39871215820312	157.58705139160156
-327.7886962890625	-82.26249694824219	157.1443634033203
-327.7886962890625	-82.26249694824219	157.1443634033203
-328.1261901855469	-82.1149673461914	156.85137939453125
-328.4354553222656	-81.98088836669922	156.75233459472656
-328.4354553222656	-81.98088836669922	156.75233459472656
-328.7685546875	-81.83836364746094	156.79747009277344
-328.7685546875	-81.83836364746094	156.79747009277344
-329.13177490234375	-81.68509674072266	156.94615173339844
-329.4601745605469	-81.54743194580078	157.0728759765625
-329.78363037109375	-81.41151428222656	157.11978149414062
-330.1197204589844	-81.26958465576172	157.10769653320312
-330.44537353515625	-81.13123321533203	157.0508270263672
-330.44537353515625	-81.13123321533203	157.0508270263672
-330.77655029296875	-80.98973846435547	156.96827697753906
-330.77655029296875	-80.98973846435547	156.96827697753906
-331.12249755859375	-80.84121704101562	156.8782958984375
-331.49237060546875	-80.68165588378906	156.7811737060547
-331.86962890625	-80.51803588867188	156.6742401123047
-331.86962890625	-80.51803588867188	156.6742401123047
-331.86962890625	-80.51803588867188	156.6742401123047
-332.2679748535156	-80.3438491821289	156.52752685546875
-332.2679748535156	-80.3438491821289	156.52752685546875
-332.681396484375	-80.16062927246094	156.30625915527344
-332.681396484375	-80.16062927246094	156.30625915527344
-333.1194152832031	-79.96332550048828	155.99485778808594
-333.5887145996094	-79.74768829345703	155.58079528808594
-333.5887145996094	-79.74768829345703	155.58079528808594
-333.5887145996094	-79.74768829345703	155.58079528808594
-334.03228759765625	-79.53872680664062	155.09280395507812
-334.5006103515625	-79.31233978271484	154.5185089111328
-334.9828186035156	-79.07274627685547	153.90367126464844
-335.4689025878906	-78.82482147216797	153.29527282714844
-335.4689025878906	-78.82482147216797	153.29527282714844
-335.4689025878906	-78.82482147216797	153.29527282714844
-335.9192810058594	-78.58975982666016	152.75904846191406
-335.9192810058594	-78.58975982666016	152.75904846191406
-336.4162902832031	-78.32444763183594	152.17947387695312
-336.89306640625	-78.06391143798828	151.63031005859375
-336.89306640625	-78.06391143798828	151.63031005859375
-337.4018249511719	-77.77986145019531	151.06341552734375
-337.89996337890625	-77.49600219726562	150.5493621826172
-338.4166259765625	-77.19630432128906	150.07852172851562
-338.4166259765625	-77.19630432128906	150.07852172851562
-338.8978576660156	-76.91288757324219	149.6869659423828
-338.8978576660156	-76.91288757324219	149.6869659423828
-339.42742919921875	-76.59705352783203	149.31793212890625
-339.9512939453125	-76.2813949584961	149.03189086914062
-340.46240234375	-75.97064208984375	148.79351806640625
-340.46240234375	-75.97064208984375	148.79351806640625
-340.98333740234375	-75.65129089355469	148.572265625
-340.98333740234375	-75.65129089355469	148.572265625
-341.51531982421875	-75.32276153564453	148.3672637939453
-342.0433654785156	-74.99480438232422	148.20773315429688
-342.0433654785156	-74.99480438232422	148.20773315429688
-342.53961181640625	-74.68527221679688	148.09158325195312
-343.0467834472656	-74.36766815185547	147.982177734375
-343.5304870605469	-74.06352996826172	147.880859375
-343.9971923828125	-73.76887512207031	147.77963256835938
-344.4347229003906	-73.49095916748047	147.64923095703125
-344.4347229003906	-73.49095916748047	147.64923095703125
-344.8694152832031	-73.21273040771484	147.4722900390625
-344.8694152832031	-73.21273040771484	147.4722900390625
-345.2980041503906	-72.9356689453125	147.24667358398438
-345.7142028808594	-72.66324615478516	146.9708709716797
-346.1056823730469	-72.40373229980469	146.67335510253906
-346.4723815917969	-72.15740203857422	146.3656005859375
-346.4723815917969	-72.15740203857422	146.3656005859375
-346.8319091796875	-71.91250610351562	146.03472900390625
-346.8319091796875	-71.91250610351562	146.03472900390625
-347.167724609375	-71.68035888671875	145.70750427246094
-347.167724609375	-71.68035888671875	145.70750427246094
-347.5013122558594	-71.446044921875	145.34762573242188
-347.79107666015625	-71.23944091796875	145.0088653564453
-348.0823059082031	-71.02897644042969	144.6595916748047
-348.0823059082031	-71.02897644042969	144.6595916748047
-348.3468322753906	-70.83546447753906	144.34938049316406
-348.6037902832031	-70.64595794677734	144.07826232910156
-348.8476867675781	-70.46499633789062	143.85775756835938
-348.8476867675781	-70.46499633789062	143.85775756835938
-349.0806884765625	-70.29112243652344	143.66465759277344
-349.31292724609375	-70.1169204711914	143.49073791503906
-349.31292724609375	-70.1169204711914	143.49073791503906
-349.5565185546875	-69.9334487915039	143.32864379882812
-349.5565185546875	-69.9334487915039	143.32864379882812
-349.80828857421875	-69.74297332763672	143.17529296875
-349.80828857421875	-69.74297332763672	143.17529296875
-350.09588623046875	-69.5243911743164	143.0097198486328
-350.09588623046875	-69.5243911743164	143.0097198486328
-350.3817443847656	-69.30592346191406	142.8465118408203
-350.6941223144531	-69.06575775146484	142.66917419433594
-350.97607421875	-68.8477554321289	142.51028442382812
-350.97607421875	-68.8477554321289	142.51028442382812
-351.30706787109375	-68.59027862548828	142.32530212402344
-351.30706787109375	-68.59027862548828	142.32530212402344
-351.64947509765625	-68.32201385498047	142.1267547607422
-351.9877014160156	-68.05501556396484	141.9204559326172
-351.9877014160156	-68.05501556396484	141.9204559326172
-352.3518981933594	-67.76542663574219	141.69277954101562
-352.72698974609375	-67.46476745605469	141.45663452148438
-353.094482421875	-67.16765594482422	141.21969604492188
-353.4619445800781	-66.86819458007812	140.98512268066406
-353.4619445800781	-66.86819458007812	140.98512268066406
-353.8562927246094	-66.54403686523438	140.7333984375
-353.8562927246094	-66.54403686523438	140.7333984375
-354.2687072753906	-66.20195770263672	140.47244262695312
-354.2687072753906	-66.20195770263672	140.47244262695312
-354.7034606933594	-65.83779907226562	140.1892547607422
-355.09967041015625	-65.50238800048828	139.90689086914062
-355.5264892578125	-65.1370620727539	139.57760620117188
-355.9607849121094	-64.76065826416016	139.21807861328125
-355.9607849121094	-64.76065826416016	139.21807861328125
-356.40625	-64.3693618774414	138.8320770263672
-356.867919921875	-63.957069396972656	138.37930297851562
-356.867919921875	-63.957069396972656	138.37930297851562
-357.2974853515625	-63.56667709350586	137.9117889404297
-357.2974853515625	-63.56667709350586	137.9117889404297
-357.7512512207031	-63.147239685058594	137.4015350341797
-358.20404052734375	-62.72121810913086	136.8939971923828
-358.6501159667969	-62.293617248535156	136.3768310546875
-358.6501159667969	-62.293617248535156	136.3768310546875
-358.6501159667969	-62.293617248535156	136.3768310546875
-359.0976867675781	-61.85641098022461	135.84164428710938
-359.5311584472656	-61.42502975463867	135.3210906982422
-359.9299621582031	-61.021053314208984	134.83901977539062
-360.32415771484375	-60.61502456665039	134.3653106689453
-360.32415771484375	-60.61502456665039	134.3653106689453
-360.32415771484375	-60.61502456665039	134.3653106689453
-360.6918029785156	-60.23079299926758	133.93951416015625
-360.6918029785156	-60.23079299926758	133.93951416015625
-361.0883483886719	-59.810569763183594	133.51324462890625
-361.4685974121094	-59.40217971801758	133.1319580078125
-361.4685974121094	-59.40217971801758	133.1319580078125
-361.8069763183594	-59.03415298461914	132.80087280273438
-362.1749572753906	-58.62928009033203	132.4427032470703
-362.5084228515625	-58.25796127319336	132.120849609375
-362.5084228515625	-58.25796127319336	132.120849609375
-362.5084228515625	-58.25796127319336	132.120849609375
-362.8478698730469	-57.875946044921875	131.80340576171875
-363.19091796875	-57.48589324951172	131.49603271484375
-363.5169372558594	-57.11132049560547	131.2114715576172
-363.5169372558594	-57.11132049560547	131.2114715576172
-363.8344421386719	-56.743186950683594	130.94570922851562
-364.14898681640625	-56.3743782043457	130.64773559570312
-364.14898681640625	-56.3743782043457	130.64773559570312
-364.4803771972656	-55.9822883605957	130.35752868652344
-364.4803771972656	-55.9822883605957	130.35752868652344
-364.791748046875	-55.610076904296875	130.089111328125
-365.1049499511719	-55.23131561279297	129.77622985839844
-365.1049499511719	-55.23131561279297	129.77622985839844
-365.4255065917969	-54.83980941772461	129.48187255859375
-365.7601623535156	-54.42633056640625	129.15640258789062
-366.05267333984375	-54.06094741821289	128.87002563476562
-366.05267333984375	-54.06094741821289	128.87002563476562
-366.3894958496094	-53.6351203918457	128.51991271972656
-366.6908264160156	-53.248870849609375	128.17221069335938
-367.02691650390625	-52.8118782043457	127.75645446777344
-367.02691650390625	-52.8118782043457	127.75645446777344
-367.3517150878906	-52.38370132446289	127.36119079589844
-367.3517150878906	-52.38370132446289	127.36119079589844
-367.3517150878906	-52.38370132446289	127.36119079589844
-367.6976623535156	-51.92132568359375	126.96217346191406
-367.6976623535156	-51.92132568359375	126.96217346191406
-368.0360412597656	-51.46279525756836	126.59229278564453
-368.3692626953125	-51.005462646484375	126.22982788085938
-368.7034606933594	-50.54048538208008	125.85453033447266
-369.05853271484375	-50.03960037231445	125.45855712890625
-369.05853271484375	-50.03960037231445	125.45855712890625
-369.3658447265625	-49.60009765625	125.11637115478516
-369.3658447265625	-49.60009765625	125.11637115478516
-369.7174072265625	-49.09042739868164	124.72135162353516
-369.7174072265625	-49.09042739868164	124.72135162353516
-370.0309143066406	-48.629364013671875	124.36579895019531
-370.3539733886719	-48.14818572998047	124.00730895996094
-370.3539733886719	-48.14818572998047	124.00730895996094
-370.6867980957031	-47.64620590209961	123.6539535522461
-371.0191650390625	-47.13856887817383	123.31925201416016
-371.0191650390625	-47.13856887817383	123.31925201416016
-371.3408203125	-46.641361236572266	122.99596405029297
-371.3408203125	-46.641361236572266	122.99596405029297
-371.66693115234375	-46.13080596923828	122.67008209228516
-371.66693115234375	-46.13080596923828	122.67008209228516
-371.9808044433594	-45.633270263671875	122.34391021728516
-372.30401611328125	-45.11378860473633	121.98529815673828
-372.61090087890625	-44.61326217651367	121.62008666992188
-372.61090087890625	-44.61326217651367	121.62008666992188
-372.61090087890625	-44.61326217651367	121.62008666992188
-372.93157958984375	-44.082237243652344	121.23501586914062
-373.2275695800781	-43.58503341674805	120.87128448486328
-373.54205322265625	-43.04853820800781	120.48332977294922
-373.54205322265625	-43.04853820800781	120.48332977294922
-373.82818603515625	-42.55309295654297	120.12318420410156
-373.82818603515625	-42.55309295654297	120.12318420410156
-374.1280517578125	-42.0260009765625	119.74465942382812
-374.4255676269531	-41.49413299560547	119.34028625488281
-374.4255676269531	-41.49413299560547	119.34028625488281
-374.4255676269531	-41.49413299560547	119.34028625488281
-374.7074279785156	-40.981361389160156	118.92304229736328
-374.9893798828125	-40.45904541015625	118.4937515258789
-375.2820739746094	-39.907108306884766	118.04847717285156
-375.2820739746094	-39.907108306884766	118.04847717285156
-375.5621032714844	-39.368160247802734	117.5909652709961
-375.8165588378906	-38.8685188293457	117.14472198486328
-375.8165588378906	-38.8685188293457	117.14472198486328
-376.06781005859375	-38.36407470703125	116.65432739257812
-376.3399658203125	-37.80412292480469	116.08665466308594
-376.3399658203125	-37.80412292480469	116.08665466308594
-376.5856018066406	-37.28496170043945	115.53709411621094
-376.5856018066406	-37.28496170043945	115.53709411621094
-376.5856018066406	-37.28496170043945	115.53709411621094
-376.8299865722656	-36.755008697509766	114.96633911132812
-376.8299865722656	-36.755008697509766	114.96633911132812
-377.0549621582031	-36.25460433959961	114.4437255859375
-377.28466796875	-35.73258972167969	113.95775604248047
-377.28466796875	-35.73258972167969	113.95775604248047
-377.4842834472656	-35.27019119262695	113.5687026977539
-377.4842834472656	-35.27019119262695	113.5687026977539
-377.6957092285156	-34.77128601074219	113.16854095458984
-377.8928527832031	-34.298118591308594	112.8138198852539
-378.0824890136719	-33.8354606628418	112.4797592163086
-378.0824890136719	-33.8354606628418	112.4797592163086
-378.2771911621094	-33.353233337402344	112.16067504882812
-378.46209716796875	-32.88709259033203	111.82384490966797
-378.46209716796875	-32.88709259033203	111.82384490966797
-378.46209716796875	-32.88709259033203	111.82384490966797
-378.63214111328125	-32.45195770263672	111.53591918945312
-378.63214111328125	-32.45195770263672	111.53591918945312
-378.821044921875	-31.959474563598633	111.17813873291016
-378.9927978515625	-31.502216339111328	110.81665802001953
-379.1584777832031	-31.054088592529297	110.49360656738281
-379.1584777832031	-31.054088592529297	110.49360656738281
-379.32537841796875	-30.5928897857666	110.12104034423828
-379.32537841796875	-30.5928897857666	110.12104034423828
-379.487060546875	-30.13836669921875	109.78978729248047
-379.487060546875	-30.13836669921875	109.78978729248047
-379.64654541015625	-29.680057525634766	109.42097473144531
-379.8150329589844	-29.18599510192871	109.03988647460938
-379.9693603515625	-28.721805572509766	108.63385009765625
-379.9693603515625	-28.721805572509766	108.63385009765625
-380.1225280761719	-28.251293182373047	108.25240325927734
-380.1225280761719	-28.251293182373047	108.25240325927734
-380.2859191894531	-27.73613166809082	107.81828308105469
-380.4339294433594	-27.25702667236328	107.41123962402344
-380.4339294433594	-27.25702667236328	107.41123962402344
-380.5716857910156	-26.800798416137695	107.03766632080078
-380.7144470214844	-26.3155460357666	106.62775421142578
-380.85687255859375	-25.81898307800293	106.22490692138672
-380.85687255859375	-25.81898307800293	106.22490692138672
-380.9979553222656	-25.313295364379883	105.80485534667969
-380.9979553222656	-25.313295364379883	105.80485534667969
-381.1340026855469	-24.814104080200195	105.43988800048828
-381.1340026855469	-24.814104080200195	105.43988800048828
-381.268310546875	-24.30814552307129	105.05875396728516
-381.4007263183594	-23.79718017578125	104.70447540283203
-381.4007263183594	-23.79718017578125	104.70447540283203
-381.5269775390625	-23.295549392700195	104.3304214477539
-381.6505126953125	-22.79263687133789	103.98150634765625
-381.6505126953125	-22.79263687133789	103.98150634765625
-381.773193359375	-22.278287887573242	103.60016632080078
-381.773193359375	-22.278287887573242	103.60016632080078
-381.8973388671875	-21.74382781982422	103.23863983154297
-382.0152893066406	-21.219404220581055	102.85967254638672
-382.0152893066406	-21.219404220581055	102.85967254638672
-382.12591552734375	-20.714508056640625	102.52422332763672
-382.12591552734375	-20.714508056640625	102.52422332763672
-382.23382568359375	-20.206201553344727	102.16455078125
-382.3438720703125	-19.672197341918945	101.80960845947266
-382.3438720703125	-19.672197341918945	101.80960845947266
-382.4510498046875	-19.1339111328125	101.42565155029297
-382.5534362792969	-18.60310935974121	101.07295227050781
-382.5534362792969	-18.60310935974121	101.07295227050781
-382.6571044921875	-18.04494285583496	100.68622589111328
-382.6571044921875	-18.04494285583496	100.68622589111328
-382.7522277832031	-17.512821197509766	100.31509399414062
-382.7522277832031	-17.512821197509766	100.31509399414062
-382.8482971191406	-16.95558738708496	99.94052124023438
-382.9373779296875	-16.417217254638672	99.5577621459961
-382.9373779296875	-16.417217254638672	99.5577621459961
-383.02783203125	-15.847661018371582	99.17072296142578
-383.1092529296875	-15.314339637756348	98.83672332763672
-383.189453125	-14.768362998962402	98.50741577148438
-383.189453125	-14.768362998962402	98.50741577148438
-383.2638244628906	-14.244613647460938	98.21834564208984
-383.2638244628906	-14.244613647460938	98.21834564208984
-383.3368225097656	-13.71097183227539	97.92346954345703
-383.4169921875	-13.10366153717041	97.62101745605469
-383.4869689941406	-12.553388595581055	97.36302947998047
-383.4869689941406	-12.553388595581055	97.36302947998047
-383.5533752441406	-12.010528564453125	97.0953369140625
-383.6213684082031	-11.436141967773438	96.84815979003906
-383.6213684082031	-11.436141967773438	96.84815979003906
-383.6213684082031	-11.436141967773438	96.84815979003906
-383.6863098144531	-10.866951942443848	96.60150146484375
-383.74853515625	-10.304165840148926	96.38848114013672
-383.74853515625	-10.304165840148926	96.38848114013672
-383.8062744140625	-9.76059627532959	96.16283416748047
-383.8642578125	-9.19792652130127	95.9581298828125
-383.8642578125	-9.19792652130127	95.9581298828125
-383.9168701171875	-8.665990829467773	95.74430847167969
-383.9168701171875	-8.665990829467773	95.74430847167969
-383.97210693359375	-8.086416244506836	95.52339935302734
-383.97210693359375	-8.086416244506836	95.52339935302734
-384.021484375	-7.546908378601074	95.3213119506836
-384.021484375	-7.546908378601074	95.3213119506836
-384.07080078125	-6.983118057250977	95.09388732910156
-384.1166687011719	-6.4382524490356445	94.89698791503906
-384.1166687011719	-6.4382524490356445	94.89698791503906
-384.1582336425781	-5.921535015106201	94.695556640625
-384.1582336425781	-5.921535015106201	94.695556640625
-384.1992492675781	-5.3909831047058105	94.51307678222656
-384.2331848144531	-4.935957908630371	94.36636352539062
-384.2576599121094	-4.591886043548584	94.2197036743164
-384.2706298828125	-4.394894599914551	94.11549377441406
-384.2706298828125	-4.394894599914551	94.11549377441406
-384.2706298828125	-4.394894599914551	94.11549377441406
-384.2736511230469	-4.346622943878174	94.12875366210938
-384.2734375	-4.3474555015563965	94.12745666503906
-384.2734375	-4.3474555015563965	94.12745666503906
-384.2734375	-4.3474555015563965	94.12745666503906
-384.2733154296875	-4.34901762008667	94.12466430664062
-384.273193359375	-4.350428581237793	94.1216049194336
-384.273193359375	-4.350428581237793	94.1216049194336
-384.273193359375	-4.350428581237793	94.1216049194336
-384.2731628417969	-4.351496696472168	94.11949920654297
-384.2731018066406	-4.352331638336182	94.1181640625
-384.2731018066406	-4.352331638336182	94.1181640625
-384.2731628417969	-4.352886199951172	94.11756134033203
-384.2731018066406	-4.353250026702881	94.11734008789062
-384.2731018066406	-4.353250026702881	94.11734008789062
-384.2731628417969	-4.353541851043701	94.11685943603516
-384.2731628417969	-4.353541851043701	94.11685943603516
-384.27337646484375	-4.353744983673096	94.11554718017578
-384.27349853515625	-4.353847026824951	94.11490631103516
-384.27349853515625	-4.353909015655518	94.11487579345703
-384.27349853515625	-4.35397481918335	94.11488342285156
-384.27349853515625	-4.354031085968018	94.11488342285156
-384.27349853515625	-4.354031085968018	94.11488342285156
-384.27349853515625	-4.354074001312256	94.11488342285156
-384.27349853515625	-4.3541059494018555	94.1148910522461
-384.27349853515625	-4.3541059494018555	94.1148910522461
-384.27349853515625	-4.354115009307861	94.1148910522461
-384.27349853515625	-4.354115009307861	94.1148910522461
-384.27349853515625	-4.354129314422607	94.11488342285156
-384.27349853515625	-4.354129314422607	94.11488342285156
-384.27349853515625	-4.354140758514404	94.11488342285156
-384.27349853515625	-4.35414981842041	94.11488342285156
-384.27349853515625	-4.35414981842041	94.11488342285156
-384.27349853515625	-4.354156017303467	94.11488342285156
-384.27349853515625	-4.354159355163574	94.11488342285156
-384.27349853515625	-4.354159355163574	94.11488342285156
-384.27349853515625	-4.354161739349365	94.1148910522461
-384.27349853515625	-4.354163646697998	94.1148910522461
-384.27349853515625	-4.354163646697998	94.1148910522461
-384.27349853515625	-4.354165077209473	94.1148910522461
-384.27349853515625	-4.354165077209473	94.1148910522461
-384.27349853515625	-4.354166507720947	94.1148910522461
-384.27349853515625	-4.354166507720947	94.1148910522461
-384.27349853515625	-4.354166507720947	94.1148910522461