
194.59988403320312	-311.6993103027344	173.99920654296875
194.59988403320312	-311.6993103027344	173.99920654296875
194.59988403320312	-311.6993103027344	173.99920654296875
194.59988403320312	-311.6993103027344	173.99920654296875
194.59988403320312	-311.69927978515625	173.99917602539062
194.59988403320312	-311.69927978515625	173.99917602539062
194.5998992919922	-311.69927978515625	173.9991912841797
194.5998992919922	-311.69927978515625	173.9991912841797
194.5998992919922	-311.69927978515625	173.9991912841797
194.5998992919922	-311.69927978515625	173.9991912841797
194.5998992919922	-311.6992492675781	173.9991912841797
194.5998992919922	-311.6992492675781	173.9991912841797
194.5998992919922	-311.6992492675781	173.99920654296875
194.5998992919922	-311.6992492675781	173.99920654296875
194.5998992919922	-311.6992492675781	173.99920654296875
194.5998992919922	-311.6992492675781	173.99920654296875
194.5998992919922	-311.6992492675781	173.99920654296875
194.5998992919922	-311.6992492675781	173.99920654296875
194.5998992919922	-311.6992492675781	173.99920654296875
194.5998992919922	-311.6992492675781	173.99920654296875
194.5998992919922	-311.6992492675781	173.9992218017578
194.58489990234375	-311.6976013183594	174.0076446533203
194.54470825195312	-311.69287109375	174.07711791992188
194.54470825195312	-311.69287109375	174.07711791992188
194.47796630859375	-311.68560791015625	174.13563537597656
194.47796630859375	-311.68560791015625	174.13563537597656
194.36575317382812	-311.67449951171875	174.16830444335938
194.36575317382812	-311.67449951171875	174.16830444335938
194.19175720214844	-311.6579895019531	174.21914672851562
193.96913146972656	-311.6376037597656	174.30528259277344
193.96913146972656	-311.6376037597656	174.30528259277344
193.7038116455078	-311.6142578125	174.428466796875
193.39781188964844	-311.588134765625	174.575439453125
193.39781188964844	-311.588134765625	174.575439453125
193.39781188964844	-311.588134765625	174.575439453125
193.05149841308594	-311.5601806640625	174.7664794921875
192.66441345214844	-311.5329895019531	175.07736206054688
192.2373809814453	-311.5079345703125	175.52517700195312
192.2373809814453	-311.5079345703125	175.52517700195312
191.77423095703125	-311.48358154296875	176.0001678466797
191.28253173828125	-311.46044921875	176.4541778564453
190.77154541015625	-311.4421081542969	176.9710693359375
190.25201416015625	-311.42926025390625	177.5436248779297
189.73411560058594	-311.4214782714844	178.14100646972656
189.73411560058594	-311.4214782714844	178.14100646972656
189.2176971435547	-311.41864013671875	178.71426391601562
189.2176971435547	-311.41864013671875	178.71426391601562
188.70208740234375	-311.4188232421875	179.21560668945312
188.70208740234375	-311.4188232421875	179.21560668945312
188.1873016357422	-311.42095947265625	179.61505126953125
187.671630859375	-311.42425537109375	179.91278076171875
187.671630859375	-311.42425537109375	179.91278076171875
187.16900634765625	-311.4278564453125	-179.889892578125
186.64439392089844	-311.4309997558594	-179.78114318847656
186.1351318359375	-311.4340515136719	-179.72775268554688
186.1351318359375	-311.4340515136719	-179.72775268554688
185.63734436035156	-311.4373474121094	-179.6884765625
185.63734436035156	-311.4373474121094	-179.6884765625
185.1525421142578	-311.44061279296875	-179.6611785888672
185.1525421142578	-311.44061279296875	-179.6611785888672
184.6829833984375	-311.4434814453125	-179.65365600585938
184.6829833984375	-311.4434814453125	-179.65365600585938
184.25035095214844	-311.4461669921875	-179.651123046875
184.25035095214844	-311.4461669921875	-179.651123046875
183.8094940185547	-311.448486328125	-179.66383361816406
183.8094940185547	-311.448486328125	-179.66383361816406
183.37632751464844	-311.44976806640625	-179.70855712890625
183.37632751464844	-311.44976806640625	-179.70855712890625
182.947509765625	-311.4504699707031	-179.7675018310547
182.947509765625	-311.4504699707031	-179.7675018310547
182.52175903320312	-311.45135498046875	-179.80552673339844
182.0985565185547	-311.4524230957031	-179.8227996826172
181.67747497558594	-311.4533996582031	-179.83485412597656
181.67747497558594	-311.4533996582031	-179.83485412597656
181.26116943359375	-311.45440673828125	-179.84335327148438
180.83921813964844	-311.4557800292969	-179.83656311035156
180.4180450439453	-311.4577331542969	-179.80755615234375
180.4180450439453	-311.4577331542969	-179.80755615234375
180.0030059814453	-311.4598083496094	-179.77911376953125
180.0030059814453	-311.4598083496094	-179.77911376953125
179.58164978027344	-311.4613037109375	-179.77943420410156
179.58164978027344	-311.4613037109375	-179.77943420410156
179.16102600097656	-311.46258544921875	-179.7921142578125
178.75140380859375	-311.4637145996094	-179.8059539794922
178.38555908203125	-311.4646301269531	-179.8190155029297
178.04200744628906	-311.46563720703125	-179.82374572753906
178.04200744628906	-311.46563720703125	-179.82374572753906
177.6853790283203	-311.4670104980469	-179.814453125
177.34249877929688	-311.46844482421875	-179.80194091796875
177.34249877929688	-311.46844482421875	-179.80194091796875
176.9766387939453	-311.4700012207031	-179.7883758544922
176.5956268310547	-311.4718017578125	-179.7742919921875
176.5956268310547	-311.4718017578125	-179.7742919921875
176.2137451171875	-311.4736328125	-179.7602081298828
176.2137451171875	-311.4736328125	-179.7602081298828
175.81649780273438	-311.4758605957031	-179.73794555664062
175.40074157714844	-311.4788818359375	-179.69607543945312
174.99159240722656	-311.4821472167969	-179.65196228027344
174.99159240722656	-311.4821472167969	-179.65196228027344
174.55972290039062	-311.48583984375	-179.60818481445312
174.111328125	-311.4901123046875	-179.56163024902344
174.111328125	-311.4901123046875	-179.56163024902344
173.6527862548828	-311.49481201171875	-179.5133514404297
173.6527862548828	-311.49481201171875	-179.5133514404297
173.18417358398438	-311.5000305175781	-179.46405029296875
173.18417358398438	-311.5000305175781	-179.46405029296875
172.7203826904297	-311.5055847167969	-179.4153594970703
172.22872924804688	-311.51190185546875	-179.36386108398438
172.22872924804688	-311.51190185546875	-179.36386108398438
171.73629760742188	-311.51861572265625	-179.312255859375
171.73629760742188	-311.51861572265625	-179.312255859375
171.24478149414062	-311.52569580078125	-179.2650146484375
171.24478149414062	-311.52569580078125	-179.2650146484375
170.75411987304688	-311.5328369140625	-179.22946166992188
170.75411987304688	-311.5328369140625	-179.22946166992188
170.28057861328125	-311.53973388671875	-179.2076416015625
170.28057861328125	-311.53973388671875	-179.2076416015625
169.78842163085938	-311.5466003417969	-179.20120239257812
169.78842163085938	-311.5466003417969	-179.20120239257812
169.287353515625	-311.5531921386719	-179.21490478515625
169.287353515625	-311.5531921386719	-179.21490478515625
168.73326110839844	-311.5599670410156	-179.2445068359375
168.73326110839844	-311.5599670410156	-179.2445068359375
168.21514892578125	-311.5654602050781	-179.29348754882812
168.21514892578125	-311.5654602050781	-179.29348754882812
167.6263427734375	-311.57037353515625	-179.38079833984375
167.6263427734375	-311.57037353515625	-179.38079833984375
167.0167694091797	-311.57440185546875	-179.48245239257812
167.0167694091797	-311.57440185546875	-179.48245239257812
166.408935546875	-311.5770568847656	-179.59359741210938
166.408935546875	-311.5770568847656	-179.59359741210938
165.76585388183594	-311.5777587890625	-179.74258422851562
165.1350555419922	-311.5758972167969	-179.92584228515625
165.1350555419922	-311.5758972167969	-179.92584228515625
164.5350799560547	-311.57208251953125	179.88571166992188
164.5350799560547	-311.57208251953125	179.88571166992188
163.86370849609375	-311.5655517578125	179.67335510253906
163.86370849609375	-311.5655517578125	179.67335510253906
163.17626953125	-311.55633544921875	179.45553588867188
162.46791076660156	-311.5438537597656	179.22189331054688
161.79473876953125	-311.5287170410156	178.97677612304688
161.79473876953125	-311.5287170410156	178.97677612304688
161.10476684570312	-311.50946044921875	178.6942901611328
161.10476684570312	-311.50946044921875	178.6942901611328
160.38925170898438	-311.4853515625	178.3738250732422
159.65443420410156	-311.4563293457031	178.0335693359375
159.65443420410156	-311.4563293457031	178.0335693359375
158.94912719726562	-311.42437744140625	177.7047119140625
158.94912719726562	-311.42437744140625	177.7047119140625
158.2123260498047	-311.3862609863281	177.34860229492188
157.4600067138672	-311.3398742675781	176.89328002929688
156.7440185546875	-311.2883605957031	176.37820434570312
156.7440185546875	-311.2883605957031	176.37820434570312
155.9989471435547	-311.2277526855469	175.81948852539062
155.9989471435547	-311.2277526855469	175.81948852539062
155.2548370361328	-311.1600646972656	175.262451171875
154.57717895507812	-311.09228515625	174.7607421875
153.87344360351562	-311.016845703125	174.2849578857422
153.87344360351562	-311.016845703125	174.2849578857422
153.1578826904297	-310.93572998046875	173.8687744140625
153.1578826904297	-310.93572998046875	173.8687744140625
152.441650390625	-310.8505554199219	173.51341247558594
151.7329864501953	-310.7633056640625	173.22154235839844
151.0319061279297	-310.67431640625	172.97616577148438
151.0319061279297	-310.67431640625	172.97616577148438
150.39328002929688	-310.59075927734375	172.76451110839844
149.71156311035156	-310.49932861328125	172.5591583251953
149.03128051757812	-310.406494140625	172.38592529296875
149.03128051757812	-310.406494140625	172.38592529296875
148.40371704101562	-310.3194885253906	172.247314453125
147.7370147705078	-310.2257995605469	172.1240692138672
147.10581970214844	-310.1361083984375	172.02041625976562
146.47817993164062	-310.0458068847656	171.9246826171875
145.846435546875	-309.9529113769531	171.8015899658203
145.20753479003906	-309.85589599609375	171.6158905029297
145.20753479003906	-309.85589599609375	171.6158905029297
145.20753479003906	-309.85589599609375	171.6158905029297
144.5771942138672	-309.7560729980469	171.35299682617188
143.96438598632812	-309.6542053222656	171.01394653320312
143.96438598632812	-309.6542053222656	171.01394653320312
143.34915161132812	-309.5467224121094	170.61085510253906
142.72630310058594	-309.43267822265625	170.16879272460938
142.72630310058594	-309.43267822265625	170.16879272460938
142.1128387451172	-309.3154296875	169.72250366210938
141.50096130371094	-309.19354248046875	169.25360107421875
141.50096130371094	-309.19354248046875	169.25360107421875
140.9565887451172	-309.0777587890625	168.95391845703125
140.9565887451172	-309.0777587890625	168.95391845703125
140.46121215820312	-308.96722412109375	168.73619079589844
140.02098083496094	-308.86846923828125	168.34796142578125
140.02098083496094	-308.86846923828125	168.34796142578125
140.02098083496094	-308.86846923828125	168.34796142578125
139.62533569335938	-308.7771911621094	167.96282958984375
139.62533569335938	-308.7771911621094	167.96282958984375
139.26266479492188	-308.69146728515625	167.62538146972656
138.91465759277344	-308.6080322265625	167.3422393798828
138.56723022460938	-308.5236511230469	167.09320068359375
138.22616577148438	-308.4395446777344	166.86000061035156
137.8876190185547	-308.3546142578125	166.62893676757812
137.5193634033203	-308.260009765625	166.35755920410156
137.13070678710938	-308.15673828125	166.0194091796875
136.74508666992188	-308.051025390625	165.6460723876953
136.3410186767578	-307.93719482421875	165.24313354492188
135.93728637695312	-307.8209533691406	164.85606384277344
135.93728637695312	-307.8209533691406	164.85606384277344
135.4987030029297	-307.6922607421875	164.4679718017578
135.4987030029297	-307.6922607421875	164.4679718017578
135.0635986328125	-307.56195068359375	164.10389709472656
135.0635986328125	-307.56195068359375	164.10389709472656
134.62136840820312	-307.4265441894531	163.73861694335938
134.1927032470703	-307.29217529296875	163.37942504882812
134.1927032470703	-307.29217529296875	163.37942504882812
133.76300048828125	-307.15411376953125	163.00550842285156
133.32586669921875	-307.0105285644531	162.62342834472656
132.87457275390625	-306.85992431640625	162.26187133789062
132.87457275390625	-306.85992431640625	162.26187133789062
132.87457275390625	-306.85992431640625	162.26187133789062
132.412841796875	-306.7035217285156	161.92552185058594
132.412841796875	-306.7035217285156	161.92552185058594
131.9081268310547	-306.5296936035156	161.57827758789062
131.9081268310547	-306.5296936035156	161.57827758789062
131.38485717773438	-306.3466491699219	161.2425537109375
130.8453826904297	-306.15478515625	160.9097442626953
130.8453826904297	-306.15478515625	160.9097442626953
130.32765197753906	-305.9675598144531	160.59642028808594
129.76150512695312	-305.75946044921875	160.26214599609375
129.18568420410156	-305.5441589355469	159.93038940429688
129.18568420410156	-305.5441589355469	159.93038940429688
129.18568420410156	-305.5441589355469	159.93038940429688
128.6464080810547	-305.339111328125	159.62286376953125
128.04214477539062	-305.10565185546875	159.2783203125
128.04214477539062	-305.10565185546875	159.2783203125
127.44573211669922	-304.87164306640625	158.95364379882812
126.82122802734375	-304.62255859375	158.6186981201172
126.82122802734375	-304.62255859375	158.6186981201172
126.19950103759766	-304.36962890625	158.2611541748047
125.55640411376953	-304.1028137207031	157.8677520751953
124.90763092041016	-303.8285827636719	157.47113037109375
124.90763092041016	-303.8285827636719	157.47113037109375
124.28596496582031	-303.56103515625	157.0948486328125
124.28596496582031	-303.56103515625	157.0948486328125
124.28596496582031	-303.56103515625	157.0948486328125
123.61741638183594	-303.2685546875	156.7059326171875
123.61741638183594	-303.2685546875	156.7059326171875
122.94454193115234	-302.9696960449219	156.34768676757812
122.26803588867188	-302.6648254394531	156.01364135742188
121.60540771484375	-302.36175537109375	155.6950225830078
120.96492767333984	-302.0647888183594	155.39303588867188
120.2929916381836	-301.7496337890625	155.10145568847656
120.2929916381836	-301.7496337890625	155.10145568847656
119.6274185180664	-301.4337158203125	154.8289337158203
118.93812561035156	-301.1024475097656	154.55047607421875
118.93812561035156	-301.1024475097656	154.55047607421875
118.24838256835938	-300.76666259765625	154.26504516601562
118.24838256835938	-300.76666259765625	154.26504516601562
117.5595932006836	-300.42620849609375	153.953125
117.5595932006836	-300.42620849609375	153.953125
116.87482452392578	-300.08221435546875	153.60873413085938
116.87482452392578	-300.08221435546875	153.60873413085938
116.19161987304688	-299.73358154296875	153.2492218017578
115.51571655273438	-299.38336181640625	152.8884735107422
114.8543701171875	-299.0354309082031	152.53106689453125
114.8543701171875	-299.0354309082031	152.53106689453125
114.22626495361328	-298.6999816894531	152.18959045410156
114.22626495361328	-298.6999816894531	152.18959045410156
113.59052276611328	-298.3554382324219	151.84388732910156
112.95829772949219	-298.0072326660156	151.48057556152344
112.95829772949219	-298.0072326660156	151.48057556152344
112.34928131103516	-297.66546630859375	151.0880584716797
112.34928131103516	-297.66546630859375	151.0880584716797
111.7252426147461	-297.30828857421875	150.63790893554688
111.10591888427734	-296.9459228515625	150.13937377929688
110.54541778564453	-296.6112365722656	149.63922119140625
110.54541778564453	-296.6112365722656	149.63922119140625
110.54541778564453	-296.6112365722656	149.63922119140625
110.03746032714844	-296.3021545410156	149.1678466796875
109.58785247802734	-296.0243225097656	148.7638397216797
109.58785247802734	-296.0243225097656	148.7638397216797
109.58785247802734	-296.0243225097656	148.7638397216797
109.1807861328125	-295.7693176269531	148.43740844726562
108.80233764648438	-295.529296875	148.16537475585938
108.44762420654297	-295.3019714355469	147.91970825195312
108.44762420654297	-295.3019714355469	147.91970825195312
108.091552734375	-295.0715026855469	147.67507934570312
107.73546600341797	-294.83892822265625	147.4307098388672
107.37661743164062	-294.6023864746094	147.1842498779297
107.37661743164062	-294.6023864746094	147.1842498779297
107.01386260986328	-294.361083984375	146.93685913085938
106.64675903320312	-294.11474609375	146.68994140625
106.27497863769531	-293.8635559082031	146.45932006835938
105.89866638183594	-293.60748291015625	146.23826599121094
105.52392578125	-293.3504333496094	146.0205078125
105.52392578125	-293.3504333496094	146.0205078125
105.13932037353516	-293.08447265625	145.79701232910156
105.13932037353516	-293.08447265625	145.79701232910156
104.75385284423828	-292.8156433105469	145.5720672607422
104.37016296386719	-292.5458679199219	145.34739685058594
104.37016296386719	-292.5458679199219	145.34739685058594
103.98821258544922	-292.2750244140625	145.12306213378906
103.98821258544922	-292.2750244140625	145.12306213378906
103.60799407958984	-292.003173828125	144.89903259277344
103.60799407958984	-292.003173828125	144.89903259277344
103.22953033447266	-291.7303161621094	144.6754150390625
102.83670806884766	-291.44482421875	144.44549560546875
102.83670806884766	-291.44482421875	144.44549560546875
102.83670806884766	-291.44482421875	144.44549560546875
102.42434692382812	-291.1424560546875	144.2000732421875
102.00008392333984	-290.8282775878906	143.93702697753906
102.00008392333984	-290.8282775878906	143.93702697753906
102.00008392333984	-290.8282775878906	143.93702697753906
101.5674819946289	-290.50445556640625	143.6585693359375
101.5674819946289	-290.50445556640625	143.6585693359375
101.12995910644531	-290.17352294921875	143.37539672851562
100.68955993652344	-289.8369445800781	143.09645080566406
100.68955993652344	-289.8369445800781	143.09645080566406
100.24705505371094	-289.4954528808594	142.80239868164062
100.24705505371094	-289.4954528808594	142.80239868164062
100.24705505371094	-289.4954528808594	142.80239868164062
99.80147552490234	-289.1479797363281	142.5033721923828
99.3519058227539	-288.7937316894531	142.20318603515625
99.3519058227539	-288.7937316894531	142.20318603515625
98.89794921875	-288.43231201171875	141.9028778076172
98.4395751953125	-288.0632629394531	141.59536743164062
98.4395751953125	-288.0632629394531	141.59536743164062
97.9771499633789	-287.6861572265625	141.26373291015625
97.51093292236328	-287.3005676269531	140.9017333984375
97.04141998291016	-286.9061584472656	140.502197265625
96.56864929199219	-286.50299072265625	140.08070373535156
96.56864929199219	-286.50299072265625	140.08070373535156
96.09329223632812	-286.0905456542969	139.6270294189453
96.09329223632812	-286.0905456542969	139.6270294189453
95.616455078125	-285.6680603027344	139.10984802246094
95.1386489868164	-285.23736572265625	138.58367919921875
95.1386489868164	-285.23736572265625	138.58367919921875
94.66217803955078	-284.80169677734375	138.09799194335938
94.66217803955078	-284.80169677734375	138.09799194335938
94.18942260742188	-284.3630676269531	137.64691162109375
93.72102355957031	-283.92291259765625	137.23390197753906
93.25706481933594	-283.4811096191406	136.84422302246094
92.79734802246094	-283.0373229980469	136.45899963378906
92.79734802246094	-283.0373229980469	136.45899963378906
92.34184265136719	-282.5912170410156	136.065673828125
91.89100646972656	-282.14215087890625	135.63760375976562
91.89100646972656	-282.14215087890625	135.63760375976562
91.44416046142578	-281.6902770996094	135.20016479492188
91.44416046142578	-281.6902770996094	135.20016479492188
91.00047302246094	-281.2362365722656	134.79629516601562
90.55962371826172	-280.7800598144531	134.43362426757812
90.1268081665039	-280.3269348144531	134.0927276611328
89.69183349609375	-279.8661193847656	133.75253295898438
89.69183349609375	-279.8661193847656	133.75253295898438
89.26036071777344	-279.4031066894531	133.40414428710938
89.26036071777344	-279.4031066894531	133.40414428710938
88.83319854736328	-278.9374694824219	133.01731872558594
88.83319854736328	-278.9374694824219	133.01731872558594
88.40998077392578	-278.469482421875	132.61428833007812
87.98992919921875	-277.9998779296875	132.24192810058594
87.57307434082031	-277.5286865234375	131.8990936279297
87.15959167480469	-277.0557861328125	131.56593322753906
87.15959167480469	-277.0557861328125	131.56593322753906
86.74948120117188	-276.5812072753906	131.23468017578125
86.34263610839844	-276.1050720214844	130.9090118408203
86.34263610839844	-276.1050720214844	130.9090118408203
86.34263610839844	-276.1050720214844	130.9090118408203
85.93904113769531	-275.62738037109375	130.58642578125
85.93904113769531	-275.62738037109375	130.58642578125
85.53902435302734	-275.1478576660156	130.25242614746094
85.14263153076172	-274.6664733886719	129.9051513671875
84.74944305419922	-274.1836242675781	129.56680297851562
84.74944305419922	-274.1836242675781	129.56680297851562
84.35935974121094	-273.6993408203125	129.24380493164062
84.35935974121094	-273.6993408203125	129.24380493164062
83.97246551513672	-273.2135925292969	128.92796325683594
83.58876037597656	-272.7264099121094	128.614013671875
83.58876037597656	-272.7264099121094	128.614013671875
83.208251953125	-272.23779296875	128.30067443847656
82.8309097290039	-271.74774169921875	127.98777770996094
82.8309097290039	-271.74774169921875	127.98777770996094
82.45673370361328	-271.25628662109375	127.67524719238281
82.08573150634766	-270.7633972167969	127.36307525634766
82.08573150634766	-270.7633972167969	127.36307525634766
81.71788024902344	-270.26910400390625	127.05126190185547
81.71788024902344	-270.26910400390625	127.05126190185547
81.35327911376953	-269.7734069824219	126.73617553710938
80.9921875	-269.27606201171875	126.40740966796875
80.9921875	-269.27606201171875	126.40740966796875
80.63445281982422	-268.7772521972656	126.0723648071289
80.28009033203125	-268.27691650390625	125.73664855957031
80.28009033203125	-268.27691650390625	125.73664855957031
79.94413757324219	-267.79681396484375	125.41474914550781
79.595703125	-267.2928771972656	125.08435821533203
79.595703125	-267.2928771972656	125.08435821533203
79.25043487548828	-266.78802490234375	124.7668228149414
78.9083251953125	-266.2820739746094	124.45870208740234
78.9083251953125	-266.2820739746094	124.45870208740234
78.5693588256836	-265.7749938964844	124.15321350097656
78.5693588256836	-265.7749938964844	124.15321350097656
78.2333755493164	-265.26678466796875	123.85330200195312
77.9002456665039	-264.75750732421875	123.56224060058594
77.9002456665039	-264.75750732421875	123.56224060058594
77.56999969482422	-264.2471618652344	123.27626037597656
77.56999969482422	-264.2471618652344	123.27626037597656
77.24264526367188	-263.7357482910156	122.99169921875
76.91773986816406	-263.2235107421875	122.7244873046875
76.91773986816406	-263.2235107421875	122.7244873046875
76.59635162353516	-262.7126159667969	122.48163604736328
76.59635162353516	-262.7126159667969	122.48163604736328
76.27583312988281	-262.1989440917969	122.25437927246094
76.27583312988281	-262.1989440917969	122.25437927246094
75.95764923095703	-261.6846008300781	122.03230285644531
75.95764923095703	-261.6846008300781	122.03230285644531
75.64177703857422	-261.1695556640625	121.81121063232422
75.32850646972656	-260.65362548828125	121.57959747314453
75.32850646972656	-260.65362548828125	121.57959747314453
75.01799011230469	-260.13671875	121.33177185058594
75.01799011230469	-260.13671875	121.33177185058594
74.71011352539062	-259.6189270019531	121.0765151977539
74.71011352539062	-259.6189270019531	121.0765151977539
74.40497589111328	-259.1001892089844	120.81510925292969
74.10291290283203	-258.580322265625	120.5367431640625
74.10291290283203	-258.580322265625	120.5367431640625
73.80381774902344	-258.0593566894531	120.2484359741211
73.507568359375	-257.5374450683594	119.9603271484375
73.507568359375	-257.5374450683594	119.9603271484375
73.2141342163086	-257.0144958496094	119.67572784423828
72.92353820800781	-256.4906311035156	119.39270782470703
72.92353820800781	-256.4906311035156	119.39270782470703
72.63579559326172	-255.96571350097656	119.11016082763672
72.63579559326172	-255.96571350097656	119.11016082763672
72.35077667236328	-255.43991088867188	118.83143615722656
72.35077667236328	-255.43991088867188	118.83143615722656
72.06825256347656	-254.9133758544922	118.56554412841797
72.06825256347656	-254.9133758544922	118.56554412841797
71.78799438476562	-254.38612365722656	118.31755828857422
71.5101089477539	-253.8582000732422	118.07920837402344
71.5101089477539	-253.8582000732422	118.07920837402344
71.5101089477539	-253.8582000732422	118.07920837402344
71.234619140625	-253.32958984375	117.84332275390625
70.96153259277344	-252.80026245117188	117.60798645019531
70.96153259277344	-252.80026245117188	117.60798645019531
70.69084167480469	-252.27023315429688	117.37276458740234
70.42252349853516	-251.73948669433594	117.13777923583984
70.1568374633789	-251.2079315185547	116.89458465576172
69.89382934570312	-250.67556762695312	116.64140319824219
69.89382934570312	-250.67556762695312	116.64140319824219
69.63341522216797	-250.14244079589844	116.38461303710938
69.37564849853516	-249.60848999023438	116.1251220703125
69.12590026855469	-249.08499145507812	115.8671875
69.12590026855469	-249.08499145507812	115.8671875
69.12590026855469	-249.08499145507812	115.8671875
68.87321472167969	-248.54904174804688	115.60350036621094
68.87321472167969	-248.54904174804688	115.60350036621094
68.62326049804688	-248.012451171875	115.3391342163086
68.62326049804688	-248.012451171875	115.3391342163086
68.38127136230469	-247.4867401123047	115.08004760742188
68.13684844970703	-246.9481201171875	114.80107879638672
67.89762878417969	-246.41282653808594	114.50294494628906
67.89762878417969	-246.41282653808594	114.50294494628906
67.65967559814453	-245.87237548828125	114.19281768798828
67.4249038696289	-245.3311004638672	113.87914276123047
67.21707916259766	-244.84417724609375	113.58283996582031
67.21707916259766	-244.84417724609375	113.58283996582031
66.99018859863281	-244.30380249023438	113.25054168701172
66.76484680175781	-243.75802612304688	112.90742492675781
66.76484680175781	-243.75802612304688	112.90742492675781
66.54341888427734	-243.211669921875	112.55332946777344
66.32860565185547	-242.67111206054688	112.18826293945312
66.1148681640625	-242.122802734375	111.8134536743164
66.1148681640625	-242.122802734375	111.8134536743164
66.1148681640625	-242.122802734375	111.8134536743164
65.90508270263672	-241.57403564453125	111.43775939941406
65.90508270263672	-241.57403564453125	111.43775939941406
65.69930267333984	-241.0249786376953	111.06246185302734
65.69930267333984	-241.0249786376953	111.06246185302734
65.49771118164062	-240.47573852539062	110.68321228027344
65.49771118164062	-240.47573852539062	110.68321228027344
65.30034637451172	-239.92672729492188	110.3024673461914
65.1072769165039	-239.37823486328125	109.92244720458984
64.91851806640625	-238.83038330078125	109.54354095458984
64.91851806640625	-238.83038330078125	109.54354095458984
64.73405456542969	-238.2832489013672	109.16580963134766
64.73405456542969	-238.2832489013672	109.16580963134766
64.56592559814453	-237.77401733398438	108.81366729736328
64.56592559814453	-237.77401733398438	108.81366729736328
64.38906860351562	-237.2263946533203	108.43985748291016
64.21632385253906	-236.67965698242188	108.06700897216797
64.21632385253906	-236.67965698242188	108.06700897216797
64.0474624633789	-236.13375854492188	107.70453643798828
64.0474624633789	-236.13375854492188	107.70453643798828
64.0474624633789	-236.13375854492188	107.70453643798828
63.882415771484375	-235.58839416503906	107.34961700439453
63.882415771484375	-235.58839416503906	107.34961700439453
63.72117233276367	-235.0437469482422	106.99971771240234
63.56355667114258	-234.5	106.6592025756836
63.56355667114258	-234.5	106.6592025756836
63.409481048583984	-233.9574432373047	106.33155822753906
63.261898040771484	-233.42770385742188	106.02594757080078
63.261898040771484	-233.42770385742188	106.02594757080078
63.11653137207031	-232.89559936523438	105.72937774658203
63.11653137207031	-232.89559936523438	105.72937774658203
62.97178649902344	-232.354736328125	105.43109130859375
62.83219909667969	-231.82298278808594	105.1442642211914
62.83219909667969	-231.82298278808594	105.1442642211914
62.693153381347656	-231.28347778320312	104.86709594726562
62.693153381347656	-231.28347778320312	104.86709594726562
62.55704879760742	-230.74514770507812	104.59746551513672
62.43716812133789	-230.26214599609375	104.35528564453125
62.43716812133789	-230.26214599609375	104.35528564453125
62.31312942504883	-229.7527618408203	104.10476684570312
62.18941879272461	-229.23483276367188	103.84908294677734
62.18941879272461	-229.23483276367188	103.84908294677734
62.070037841796875	-228.72503662109375	103.59662628173828
61.95531463623047	-228.2253875732422	103.34947204589844
61.95531463623047	-228.2253875732422	103.34947204589844
61.839603424072266	-227.71099853515625	103.09660339355469
61.72144317626953	-227.17434692382812	102.83306884765625
61.72144317626953	-227.17434692382812	102.83306884765625
61.613525390625	-226.673828125	102.5845718383789
61.50043869018555	-226.13748168945312	102.3223876953125
61.50043869018555	-226.13748168945312	102.3223876953125
61.39654541015625	-225.63414001464844	102.07527923583984
61.39654541015625	-225.63414001464844	102.07527923583984
61.28791427612305	-225.09580993652344	101.81733703613281
61.28791427612305	-225.09580993652344	101.81733703613281
61.190677642822266	-224.603271484375	101.5786361694336
61.190677642822266	-224.603271484375	101.5786361694336
61.09180450439453	-224.09092712402344	101.33456420898438
61.09180450439453	-224.09092712402344	101.33456420898438
60.98810577392578	-223.54055786132812	101.07360076904297
60.89836883544922	-223.0531463623047	100.83866119384766
60.89836883544922	-223.0531463623047	100.83866119384766
60.800453186035156	-222.5078125	100.58302307128906
60.70499038696289	-221.96243286132812	100.32427215576172
60.70499038696289	-221.96243286132812	100.32427215576172
60.70499038696289	-221.96243286132812	100.32427215576172
60.61341094970703	-221.42532348632812	100.06969451904297
60.61341094970703	-221.42532348632812	100.06969451904297
60.51649856567383	-220.84054565429688	99.79586029052734
60.51649856567383	-220.84054565429688	99.79586029052734
60.430423736572266	-220.30828857421875	99.55155181884766
60.34090042114258	-219.74020385742188	99.30619049072266
60.34090042114258	-219.74020385742188	99.30619049072266
60.25170135498047	-219.15821838378906	99.05747985839844
60.25170135498047	-219.15821838378906	99.05747985839844
60.16753387451172	-218.59332275390625	98.81525421142578
60.16753387451172	-218.59332275390625	98.81525421142578
60.07749557495117	-217.96983337402344	98.5523910522461
59.99617004394531	-217.3891143798828	98.30305480957031
59.91595458984375	-216.79747009277344	98.05171966552734
59.83735275268555	-216.197998046875	97.79762268066406
59.76126480102539	-215.59727478027344	97.54312896728516
59.76126480102539	-215.59727478027344	97.54312896728516
59.686195373535156	-214.98272705078125	97.28337097167969
59.686195373535156	-214.98272705078125	97.28337097167969
59.61310577392578	-214.3610076904297	97.0206069946289
59.54254150390625	-213.73634338378906	96.75666809082031
59.54254150390625	-213.73634338378906	96.75666809082031
59.469261169433594	-213.05831909179688	96.47249603271484
59.40586471557617	-212.44537353515625	96.21269989013672
59.34265899658203	-211.8054962158203	95.9433822631836
59.34265899658203	-211.8054962158203	95.9433822631836
59.28190612792969	-211.15939331054688	95.67172241210938
59.28190612792969	-211.15939331054688	95.67172241210938
59.22309112548828	-210.5003204345703	95.39506530761719
59.22309112548828	-210.5003204345703	95.39506530761719
59.22309112548828	-210.5003204345703	95.39506530761719
59.16348648071289	-209.79244995117188	95.09915924072266
59.16348648071289	-209.79244995117188	95.09915924072266
59.11029052734375	-209.12095642089844	94.81742858886719
59.11029052734375	-209.12095642089844	94.81742858886719
59.060340881347656	-208.44876098632812	94.53577423095703
59.060340881347656	-208.44876098632812	94.53577423095703
59.0121955871582	-207.75408935546875	94.24524688720703
58.96553039550781	-207.02603149414062	93.94148254394531
58.96553039550781	-207.02603149414062	93.94148254394531
58.9294319152832	-206.41744995117188	93.68336486816406
58.9294319152832	-206.41744995117188	93.68336486816406
58.889495849609375	-205.6830596923828	93.37600708007812
58.85403823852539	-204.9615020751953	93.07563781738281
58.85403823852539	-204.9615020751953	93.07563781738281
58.823577880859375	-204.27769470214844	92.80314636230469
58.823577880859375	-204.27769470214844	92.80314636230469
58.796302795410156	-203.5978546142578	92.54228973388672
58.796302795410156	-203.5978546142578	92.54228973388672
58.77245330810547	-202.92860412597656	92.28909301757812
58.77245330810547	-202.92860412597656	92.28909301757812
58.75056076049805	-202.2237091064453	92.02259826660156
58.75056076049805	-202.2237091064453	92.02259826660156
58.73224639892578	-201.53469848632812	91.76502227783203
58.73224639892578	-201.53469848632812	91.76502227783203
58.71728515625	-200.8779296875	91.53265380859375
58.71728515625	-200.8779296875	91.53265380859375
58.70387649536133	-200.18609619140625	91.30908203125
58.69301986694336	-199.51258850097656	91.10968017578125
58.69301986694336	-199.51258850097656	91.10968017578125
58.68442153930664	-198.8493194580078	90.92390441894531
58.68442153930664	-198.8493194580078	90.92390441894531
58.67757797241211	-198.19325256347656	90.75749206542969
58.6715202331543	-197.51177978515625	90.61993408203125
58.66721725463867	-196.9134979248047	90.52201843261719
58.66721725463867	-196.9134979248047	90.52201843261719
58.66352462768555	-196.27381896972656	90.42577362060547
58.66352462768555	-196.27381896972656	90.42577362060547
58.660335540771484	-195.6079864501953	90.34513854980469
58.660335540771484	-195.6079864501953	90.34513854980469
58.65705871582031	-194.96006774902344	90.30563354492188
58.65705871582031	-194.96006774902344	90.30563354492188
58.65374755859375	-194.33648681640625	90.29633331298828
58.65026092529297	-193.67999267578125	90.29761505126953
58.64664840698242	-193.03640747070312	90.30685424804688
58.64664840698242	-193.03640747070312	90.30685424804688
58.64279556274414	-192.42962646484375	90.32856750488281
58.64279556274414	-192.42962646484375	90.32856750488281
58.63813018798828	-191.80035400390625	90.36876678466797
58.63813018798828	-191.80035400390625	90.36876678466797
58.63262939453125	-191.138671875	90.4200439453125
58.63262939453125	-191.138671875	90.4200439453125
58.627498626708984	-190.5580596923828	90.459716796875
58.627498626708984	-190.5580596923828	90.459716796875
58.62248229980469	-189.96710205078125	90.47881317138672
58.62248229980469	-189.96710205078125	90.47881317138672
58.61814880371094	-189.3683319091797	90.46182250976562
58.61814880371094	-189.3683319091797	90.46182250976562
58.614925384521484	-188.81076049804688	90.41580200195312
58.6122932434082	-188.2323760986328	90.3537826538086
58.6122932434082	-188.2323760986328	90.3537826538086
58.61034393310547	-187.65997314453125	90.28887176513672
58.61034393310547	-187.65997314453125	90.28887176513672
58.609046936035156	-187.06675720214844	90.22189331054688
58.609046936035156	-187.06675720214844	90.22189331054688
58.60844039916992	-186.52737426757812	90.1576919555664
58.60844039916992	-186.52737426757812	90.1576919555664
58.60847473144531	-185.974609375	90.09355163574219
58.60910415649414	-185.43792724609375	90.03052520751953
58.6101188659668	-184.9226531982422	89.9566421508789
58.611907958984375	-184.39610290527344	89.89757537841797
58.611907958984375	-184.39610290527344	89.89757537841797
58.61423873901367	-183.87356567382812	89.83671569824219
58.61715316772461	-183.3465118408203	89.77499389648438
58.61715316772461	-183.3465118408203	89.77499389648438
58.62093734741211	-182.77354431152344	89.70579528808594
58.62474822998047	-182.2796173095703	89.64654541015625
58.62474822998047	-182.2796173095703	89.64654541015625
58.62781524658203	-181.8003692626953	89.46654510498047
58.62781524658203	-181.8003692626953	89.46654510498047
58.63294219970703	-181.33770751953125	89.37278747558594
58.63294219970703	-181.33770751953125	89.37278747558594
58.638309478759766	-180.94346618652344	89.31832885742188
58.6431770324707	-180.60752868652344	89.27488708496094
58.64741134643555	-180.3307342529297	89.23909759521484
58.64741134643555	-180.3307342529297	89.23909759521484
58.65033721923828	-180.14610290527344	89.21611785888672
58.6524772644043	-180.0194854736328	89.20349884033203
58.653202056884766	-179.9707794189453	89.18953704833984
58.653202056884766	-179.9707794189453	89.18953704833984
58.65318298339844	-179.9705352783203	89.18895721435547
58.6531982421875	-179.96995544433594	89.18888854980469
58.6531982421875	-179.96995544433594	89.18888854980469
58.653202056884766	-179.96926879882812	89.18890380859375
58.653202056884766	-179.96926879882812	89.18890380859375
58.65320587158203	-179.9687042236328	89.18888854980469
58.65320587158203	-179.9687042236328	89.18888854980469
58.6532096862793	-179.96827697753906	89.18888854980469
58.6532096862793	-179.96827697753906	89.18888854980469
58.6532096862793	-179.9679718017578	89.18888854980469
58.65321731567383	-179.96780395507812	89.18888854980469
58.65321731567383	-179.96780395507812	89.18888854980469
58.65321731567383	-179.96771240234375	89.18889617919922
58.6532096862793	-179.9675750732422	89.18891143798828
58.6532096862793	-179.9675750732422	89.18891143798828
58.6532096862793	-179.9675750732422	89.18891143798828