 8.48152824e+001 4.10162737e-015 0.00000000e+000 8.81971618e-004
 9.01304671e+001 4.08970005e-015 1.19273137e-017 8.80811642e-004
 9.54456518e+001 4.07779192e-015 2.36513329e-017 8.79651681e-004
 1.00760837e+002 4.06590295e-015 3.51747247e-017 8.78491736e-004
 1.06076021e+002 4.05403315e-015 4.65001253e-017 8.77331805e-004
 1.11391206e+002 4.04218251e-015 5.76301408e-017 8.76171890e-004
 1.16706391e+002 4.03035102e-015 6.85673465e-017 8.75011989e-004
 1.22021575e+002 4.01853869e-015 7.93142883e-017 8.73852105e-004
 1.27336760e+002 4.00674549e-015 8.98734824e-017 8.72692235e-004
 1.32651945e+002 3.99497144e-015 1.00247415e-016 8.71532381e-004
 1.37967130e+002 3.98321651e-015 1.10438546e-016 8.70372542e-004
 1.43282314e+002 3.97148071e-015 1.20449302e-016 8.69212718e-004
 1.48597499e+002 3.95976403e-015 1.30282085e-016 8.68052911e-004
 1.53912684e+002 3.94806647e-015 1.39939269e-016 8.66893118e-004
 1.59227868e+002 3.93638801e-015 1.49423197e-016 8.65733341e-004
 1.64543053e+002 3.92472866e-015 1.58736187e-016 8.64573580e-004
 1.69858238e+002 3.91308841e-015 1.67880530e-016 8.63413834e-004
 1.75173423e+002 3.90146725e-015 1.76858489e-016 8.62254105e-004
 1.80488607e+002 3.88986517e-015 1.85672300e-016 8.61094390e-004
 1.85803792e+002 3.87828217e-015 1.94324175e-016 8.59934692e-004
 1.91118977e+002 3.86671825e-015 2.02816296e-016 8.58775009e-004
 1.96434161e+002 3.85517340e-015 2.11150824e-016 8.57615342e-004
 2.01749346e+002 3.84364761e-015 2.19329889e-016 8.56455692e-004
 2.07064531e+002 3.83214087e-015 2.27355600e-016 8.55296057e-004
 2.12379716e+002 3.82065319e-015 2.35230040e-016 8.54136438e-004
 2.17694900e+002 3.80918456e-015 2.42955266e-016 8.52976835e-004
 2.23010085e+002 3.79773496e-015 2.50533312e-016 8.51817248e-004
 2.28325270e+002 3.78630440e-015 2.57966186e-016 8.50657677e-004
 2.33640454e+002 3.77489287e-015 2.65255874e-016 8.49498122e-004
 2.38955639e+002 3.76350036e-015 2.72404337e-016 8.48338584e-004
 2.44270824e+002 3.75212686e-015 2.79413513e-016 8.47179061e-004
 2.49586009e+002 3.74077238e-015 2.86285316e-016 8.46019556e-004
 2.54901193e+002 3.72943690e-015 2.93021639e-016 8.44860066e-004
 2.60216378e+002 3.71812042e-015 2.99624350e-016 8.43700593e-004
 2.65531563e+002 3.70682294e-015 3.06095296e-016 8.42541136e-004
 2.70846748e+002 3.69554444e-015 3.12436300e-016 8.41381695e-004
 2.76161932e+002 3.68428493e-015 3.18649165e-016 8.40222271e-004
 2.81477117e+002 3.67304439e-015 3.24735672e-016 8.39062864e-004
 2.86792302e+002 3.66182282e-015 3.30697579e-016 8.37903473e-004
 2.92107486e+002 3.65062021e-015 3.36536624e-016 8.36744099e-004
 2.97422671e+002 3.63943657e-015 3.42254523e-016 8.35584742e-004
 3.02737856e+002 3.62827187e-015 3.47852973e-016 8.34425401e-004
 3.08053041e+002 3.61712613e-015 3.53333647e-016 8.33266077e-004
 3.13368225e+002 3.60599932e-015 3.58698201e-016 8.32106770e-004
 3.18683410e+002 3.59489145e-015 3.63948268e-016 8.30947480e-004
 3.23998595e+002 3.58380251e-015 3.69085464e-016 8.29788206e-004
 3.29313779e+002 3.57273249e-015 3.74111383e-016 8.28628950e-004
 3.34628964e+002 3.56168138e-015 3.79027601e-016 8.27469710e-004
 3.39944149e+002 3.55064919e-015 3.83835672e-016 8.26310488e-004
 3.45259334e+002 3.53963591e-015 3.88537133e-016 8.25151283e-004
 3.50574518e+002 3.52864152e-015 3.93133503e-016 8.23992095e-004
 3.55889703e+002 3.51766603e-015 3.97626281e-016 8.22832924e-004
 3.61204888e+002 3.50670942e-015 4.02016946e-016 8.21673770e-004
 3.66520072e+002 3.49577170e-015 4.06306962e-016 8.20514633e-004
 3.71835257e+002 3.48485285e-015 4.10497772e-016 8.19355514e-004
 3.77150442e+002 3.47395287e-015 4.14590803e-016 8.18196413e-004
 3.82465627e+002 3.46307175e-015 4.18587463e-016 8.17037328e-004
 3.87780811e+002 3.45220950e-015 4.22489144e-016 8.15878262e-004
 3.93095996e+002 3.44136609e-015 4.26297219e-016 8.14719212e-004
 3.98411181e+002 3.43054153e-015 4.30013045e-016 8.13560181e-004
 4.03726365e+002 3.41973581e-015 4.33637961e-016 8.12401167e-004
 4.09041550e+002 3.40894892e-015 4.37173291e-016 8.11242170e-004
 4.14356735e+002 3.39818086e-015 4.40620341e-016 8.10083192e-004
 4.19671920e+002 3.38743162e-015 4.43980401e-016 8.08924231e-004
 4.24987104e+002 3.37670120e-015 4.47254744e-016 8.07765288e-004
 4.30302289e+002 3.36598958e-015 4.50444630e-016 8.06606363e-004
 4.35617474e+002 3.35529677e-015 4.53551299e-016 8.05447455e-004
 4.40932658e+002 3.34462276e-015 4.56575978e-016 8.04288566e-004
 4.46247843e+002 3.33396754e-015 4.59519878e-016 8.03129695e-004
 4.51563028e+002 3.32333110e-015 4.62384194e-016 8.01970842e-004
 4.56878213e+002 3.31271344e-015 4.65170107e-016 8.00812007e-004
 4.62193397e+002 3.30211456e-015 4.67878783e-016 7.99653190e-004
 4.67508582e+002 3.29153444e-015 4.70511371e-016 7.98494391e-004
 4.72823767e+002 3.28097309e-015 4.73069008e-016 7.97335611e-004
 4.78138951e+002 3.27043048e-015 4.75552816e-016 7.96176849e-004
 4.83454136e+002 3.25990663e-015 4.77963902e-016 7.95018105e-004
 4.88769321e+002 3.24940152e-015 4.80303358e-016 7.93859380e-004
 4.94084506e+002 3.23891515e-015 4.82572265e-016 7.92700674e-004
 4.99399690e+002 3.22844750e-015 4.84771686e-016 7.91541985e-004
 5.04714875e+002 3.21799858e-015 4.86902675e-016 7.90383316e-004
 5.10030060e+002 3.20756838e-015 4.88966268e-016 7.89224665e-004
 5.15345245e+002 3.19715689e-015 4.90963491e-016 7.88066033e-004
 5.20660429e+002 3.18676410e-015 4.92895356e-016 7.86907420e-004
 5.25975614e+002 3.17639002e-015 4.94762860e-016 7.85748825e-004
 5.31290799e+002 3.16603463e-015 4.96566990e-016 7.84590250e-004
 5.36605983e+002 3.15569792e-015 4.98308717e-016 7.83431693e-004
 5.41921168e+002 3.14537990e-015 4.99989004e-016 7.82273155e-004
 5.47236353e+002 3.13508055e-015 5.01608796e-016 7.81114636e-004
 5.52551538e+002 3.12479987e-015 5.03169030e-016 7.79956137e-004
 5.57866722e+002 3.11453785e-015 5.04670629e-016 7.78797656e-004
 5.63181907e+002 3.10429449e-015 5.06114504e-016 7.77639195e-004
 5.68497092e+002 3.09406977e-015 5.07501555e-016 7.76480753e-004
 5.73812276e+002 3.08386370e-015 5.08832668e-016 7.75322330e-004
 5.79127461e+002 3.07367627e-015 5.10108720e-016 7.74163927e-004
 5.84442646e+002 3.06350747e-015 5.11330576e-016 7.73005543e-004
 5.89757831e+002 3.05335729e-015 5.12499088e-016 7.71847179e-004
 5.95073015e+002 3.04322574e-015 5.13615098e-016 7.70688834e-004
 6.00388200e+002 3.03311279e-015 5.14679437e-016 7.69530509e-004
 6.05703385e+002 3.02301845e-015 5.15692924e-016 7.68372203e-004
 6.11018569e+002 3.01294271e-015 5.16656370e-016 7.67213918e-004
 6.16333754e+002 3.00288556e-015 5.17570571e-016 7.66055652e-004
 6.21648939e+002 2.99284700e-015 5.18436316e-016 7.64897405e-004
 6.26964124e+002 2.98282702e-015 5.19254382e-016 7.63739179e-004
 6.32279308e+002 2.97282562e-015 5.20025536e-016 7.62580973e-004
 6.37594493e+002 2.96284278e-015 5.20750533e-016 7.61422786e-004
 6.42909678e+002 2.95287851e-015 5.21430122e-016 7.60264620e-004
 6.48224862e+002 2.94293279e-015 5.22065038e-016 7.59106474e-004
 6.53540047e+002 2.93300562e-015 5.22656008e-016 7.57948348e-004
 6.58855232e+002 2.92309699e-015 5.23203749e-016 7.56790243e-004
 6.64170417e+002 2.91320690e-015 5.23708969e-016 7.55632157e-004
 6.69485601e+002 2.90333534e-015 5.24172365e-016 7.54474092e-004
 6.74800786e+002 2.89348230e-015 5.24594625e-016 7.53316048e-004
 6.80115971e+002 2.88364778e-015 5.24976430e-016 7.52158024e-004
 6.85431155e+002 2.87383177e-015 5.25318448e-016 7.51000020e-004
 6.90746340e+002 2.86403426e-015 5.25621341e-016 7.49842038e-004
 6.96061525e+002 2.85425525e-015 5.25885760e-016 7.48684075e-004
 7.01376710e+002 2.84449473e-015 5.26112350e-016 7.47526134e-004
 7.06691894e+002 2.83475270e-015 5.26301744e-016 7.46368214e-004
 7.12007079e+002 2.82502915e-015 5.26454567e-016 7.45210314e-004
 7.17322264e+002 2.81532406e-015 5.26571438e-016 7.44052435e-004
 7.22637448e+002 2.80563745e-015 5.26652965e-016 7.42894578e-004
 7.27952633e+002 2.79596929e-015 5.26699748e-016 7.41736741e-004
 7.33267818e+002 2.78631959e-015 5.26712379e-016 7.40578925e-004
 7.38583003e+002 2.77668833e-015 5.26691443e-016 7.39421131e-004
 7.43898187e+002 2.76707551e-015 5.26637516e-016 7.38263358e-004
 7.49213372e+002 2.75748112e-015 5.26551166e-016 7.37105606e-004
 7.54528557e+002 2.74790516e-015 5.26432953e-016 7.35947876e-004
 7.59843742e+002 2.73834762e-015 5.26283429e-016 7.34790167e-004
 7.65158926e+002 2.72880850e-015 5.26103140e-016 7.33632480e-004
 7.70474111e+002 2.71928778e-015 5.25892623e-016 7.32474814e-004
 7.75789296e+002 2.70978546e-015 5.25652408e-016 7.31317170e-004
 7.81104480e+002 2.70030154e-015 5.25383018e-016 7.30159548e-004
 7.86419665e+002 2.69083600e-015 5.25084967e-016 7.29001948e-004
 7.91734850e+002 2.68138884e-015 5.24758763e-016 7.27844369e-004
 7.97050035e+002 2.67196006e-015 5.24404909e-016 7.26686812e-004
 8.02365219e+002 2.66254965e-015 5.24023897e-016 7.25529278e-004
 8.07680404e+002 2.65315759e-015 5.23616215e-016 7.24371765e-004
 8.12995589e+002 2.64378389e-015 5.23182343e-016 7.23214275e-004
 8.18310773e+002 2.63442854e-015 5.22722754e-016 7.22056806e-004
 8.23625958e+002 2.62509153e-015 5.22237916e-016 7.20899360e-004
 8.28941143e+002 2.61577286e-015 5.21728288e-016 7.19741937e-004
 8.34256328e+002 2.60647251e-015 5.21194324e-016 7.18584536e-004
 8.39571512e+002 2.59719048e-015 5.20636472e-016 7.17427157e-004
 8.44886697e+002 2.58792677e-015 5.20055172e-016 7.16269801e-004
 8.50201882e+002 2.57868136e-015 5.19450859e-016 7.15112467e-004
 8.55517066e+002 2.56945426e-015 5.18823961e-016 7.13955157e-004
 8.60832251e+002 2.56024545e-015 5.18174902e-016 7.12797869e-004
 8.66147436e+002 2.55105493e-015 5.17504096e-016 7.11640603e-004
 8.71462621e+002 2.54188269e-015 5.16811956e-016 7.10483361e-004
 8.76777805e+002 2.53272872e-015 5.16098885e-016 7.09326142e-004
 8.82092990e+002 2.52359302e-015 5.15365282e-016 7.08168946e-004
 8.87408175e+002 2.51447559e-015 5.14611540e-016 7.07011773e-004
 8.92723359e+002 2.50537640e-015 5.13838046e-016 7.05854623e-004
 8.98038544e+002 2.49629547e-015 5.13045182e-016 7.04697497e-004
 9.03353729e+002 2.48723277e-015 5.12233325e-016 7.03540394e-004
 9.08668914e+002 2.47818831e-015 5.11402845e-016 7.02383314e-004
 9.13984098e+002 2.46916208e-015 5.10554108e-016 7.01226258e-004
 9.19299283e+002 2.46015406e-015 5.09687473e-016 7.00069225e-004
 9.24614468e+002 2.45116426e-015 5.08803296e-016 6.98912217e-004
 9.29929652e+002 2.44219267e-015 5.07901927e-016 6.97755232e-004
 9.35244837e+002 2.43323927e-015 5.06983709e-016 6.96598270e-004
 9.40560022e+002 2.42430407e-015 5.06048983e-016 6.95441333e-004
 9.45875207e+002 2.41538706e-015 5.05098084e-016 6.94284420e-004
 9.51190391e+002 2.40648822e-015 5.04131340e-016 6.93127530e-004
 9.56505576e+002 2.39760756e-015 5.03149077e-016 6.91970665e-004
 9.61820761e+002 2.38874506e-015 5.02151616e-016 6.90813824e-004
 9.67135946e+002 2.37990072e-015 5.01139270e-016 6.89657008e-004
 9.72451130e+002 2.37107454e-015 5.00112351e-016 6.88500215e-004
 9.77766315e+002 2.36226650e-015 4.99071166e-016 6.87343448e-004
 9.83081500e+002 2.35347659e-015 4.98016015e-016 6.86186704e-004
 9.88396684e+002 2.34470482e-015 4.96947196e-016 6.85029986e-004
 9.93711869e+002 2.33595117e-015 4.95865001e-016 6.83873292e-004
 9.99027054e+002 2.32721564e-015 4.94769720e-016 6.82716623e-004
 1.00434224e+003 2.31849822e-015 4.93661635e-016 6.81559979e-004
 1.00965742e+003 2.30979890e-015 4.92541026e-016 6.80403359e-004
 1.01497261e+003 2.30111768e-015 4.91408170e-016 6.79246765e-004
 1.02028779e+003 2.29245455e-015 4.90263337e-016 6.78090196e-004
 1.02560298e+003 2.28380950e-015 4.89106796e-016 6.76933652e-004
 1.03091816e+003 2.27518253e-015 4.87938808e-016 6.75777134e-004
 1.03623335e+003 2.26657362e-015 4.86759635e-016 6.74620640e-004
 1.04154853e+003 2.25798278e-015 4.85569530e-016 6.73464173e-004
 1.04686372e+003 2.24940999e-015 4.84368746e-016 6.72307730e-004
 1.05217890e+003 2.24085525e-015 4.83157531e-016 6.71151314e-004
 1.05749409e+003 2.23231855e-015 4.81936128e-016 6.69994923e-004
 1.06280927e+003 2.22379988e-015 4.80704777e-016 6.68838558e-004
 1.06812446e+003 2.21529924e-015 4.79463717e-016 6.67682219e-004
 1.07343964e+003 2.20681661e-015 4.78213178e-016 6.66525905e-004
 1.07875482e+003 2.19835200e-015 4.76953391e-016 6.65369618e-004
 1.08407001e+003 2.18990540e-015 4.75684582e-016 6.64213357e-004
 1.08938519e+003 2.18147679e-015 4.74406973e-016 6.63057123e-004
 1.09470038e+003 2.17306618e-015 4.73120783e-016 6.61900914e-004
 1.10001556e+003 2.16467354e-015 4.71826229e-016 6.60744732e-004
 1.10533075e+003 2.15629889e-015 4.70523521e-016 6.59588577e-004
 1.11064593e+003 2.14794220e-015 4.69212869e-016 6.58432448e-004
 1.11596112e+003 2.13960347e-015 4.67894479e-016 6.57276346e-004
 1.12127630e+003 2.13128271e-015 4.66568554e-016 6.56120271e-004
 1.12659149e+003 2.12297988e-015 4.65235293e-016 6.54964222e-004
 1.13190667e+003 2.11469500e-015 4.63894891e-016 6.53808201e-004
 1.13722186e+003 2.10642806e-015 4.62547544e-016 6.52652206e-004
 1.14253704e+003 2.09817903e-015 4.61193440e-016 6.51496239e-004
 1.14785223e+003 2.08994793e-015 4.59832767e-016 6.50340299e-004
 1.15316741e+003 2.08173474e-015 4.58465709e-016 6.49184386e-004
 1.15848260e+003 2.07353946e-015 4.57092448e-016 6.48028501e-004
 1.16379778e+003 2.06536207e-015 4.55713162e-016 6.46872644e-004
 1.16911296e+003 2.05720257e-015 4.54328027e-016 6.45716814e-004
 1.17442815e+003 2.04906096e-015 4.52937216e-016 6.44561011e-004
 1.17974333e+003 2.04093722e-015 4.51540899e-016 6.43405237e-004
 1.18505852e+003 2.03283135e-015 4.50139243e-016 6.42249491e-004
 1.19037370e+003 2.02474334e-015 4.48732414e-016 6.41093772e-004
 1.19568889e+003 2.01667318e-015 4.47320573e-016 6.39938082e-004
 1.20100407e+003 2.00862087e-015 4.45903880e-016 6.38782420e-004
 1.20631926e+003 2.00058640e-015 4.44482492e-016 6.37626786e-004
 1.21163444e+003 1.99256976e-015 4.43056563e-016 6.36471181e-004
 1.21694963e+003 1.98457094e-015 4.41626246e-016 6.35315604e-004
 1.22226481e+003 1.97658995e-015 4.40191690e-016 6.34160056e-004
 1.22758000e+003 1.96862676e-015 4.38753043e-016 6.33004537e-004
 1.23289518e+003 1.96068137e-015 4.37310448e-016 6.31849046e-004
 1.23821037e+003 1.95275378e-015 4.35864049e-016 6.30693584e-004
 1.24352555e+003 1.94484398e-015 4.34413986e-016 6.29538152e-004
 1.24884074e+003 1.93695195e-015 4.32960395e-016 6.28382749e-004
 1.25415592e+003 1.92907770e-015 4.31503414e-016 6.27227374e-004
 1.25947110e+003 1.92122121e-015 4.30043175e-016 6.26072030e-004
 1.26478629e+003 1.91338248e-015 4.28579809e-016 6.24916714e-004
 1.27010147e+003 1.90556150e-015 4.27113446e-016 6.23761429e-004
 1.27541666e+003 1.89775827e-015 4.25644212e-016 6.22606173e-004
 1.28073184e+003 1.88997277e-015 4.24172232e-016 6.21450946e-004
 1.28604703e+003 1.88220499e-015 4.22697629e-016 6.20295750e-004
 1.29136221e+003 1.87445494e-015 4.21220523e-016 6.19140584e-004
 1.29667740e+003 1.86672260e-015 4.19741033e-016 6.17985447e-004
 1.30199258e+003 1.85900796e-015 4.18259277e-016 6.16830341e-004
 1.30730777e+003 1.85131102e-015 4.16775368e-016 6.15675266e-004
 1.31262295e+003 1.84363178e-015 4.15289420e-016 6.14520221e-004
 1.31793814e+003 1.83597021e-015 4.13801543e-016 6.13365206e-004
 1.32325332e+003 1.82832632e-015 4.12311846e-016 6.12210222e-004
 1.32856851e+003 1.82070009e-015 4.10820438e-016 6.11055269e-004
 1.33388369e+003 1.81309153e-015 4.09327423e-016 6.09900347e-004
 1.33919888e+003 1.80550062e-015 4.07832905e-016 6.08745455e-004
 1.34451406e+003 1.79792735e-015 4.06336985e-016 6.07590595e-004
 1.34982925e+003 1.79037172e-015 4.04839765e-016 6.06435766e-004
 1.35514443e+003 1.78283371e-015 4.03341342e-016 6.05280969e-004
 1.36045961e+003 1.77531333e-015 4.01841814e-016 6.04126203e-004
 1.36577480e+003 1.76781056e-015 4.00341275e-016 6.02971468e-004
 1.37108998e+003 1.76032540e-015 3.98839820e-016 6.01816766e-004
 1.37640517e+003 1.75285784e-015 3.97337539e-016 6.00662095e-004
 1.38172035e+003 1.74540786e-015 3.95834523e-016 5.99507456e-004
 1.38703554e+003 1.73797547e-015 3.94330862e-016 5.98352849e-004
 1.39235072e+003 1.73056066e-015 3.92826642e-016 5.97198275e-004
 1.39766591e+003 1.72316341e-015 3.91321949e-016 5.96043732e-004
 1.40298109e+003 1.71578372e-015 3.89816867e-016 5.94889222e-004
 1.40829628e+003 1.70842158e-015 3.88311480e-016 5.93734745e-004
 1.41361146e+003 1.70107699e-015 3.86805868e-016 5.92580301e-004
 1.41892665e+003 1.69374993e-015 3.85300111e-016 5.91425889e-004
 1.42424183e+003 1.68644040e-015 3.83794288e-016 5.90271510e-004
 1.42955702e+003 1.67914840e-015 3.82288476e-016 5.89117164e-004
 1.43487220e+003 1.67187390e-015 3.80782751e-016 5.87962852e-004
 1.44018739e+003 1.66461691e-015 3.79277187e-016 5.86808572e-004
 1.44550257e+003 1.65737742e-015 3.77771857e-016 5.85654326e-004
 1.45081775e+003 1.65015541e-015 3.76266834e-016 5.84500114e-004
 1.45613294e+003 1.64295089e-015 3.74762187e-016 5.83345936e-004
 1.46144812e+003 1.63576383e-015 3.73257986e-016 5.82191791e-004
 1.46676331e+003 1.62859425e-015 3.71754300e-016 5.81037680e-004
 1.47207849e+003 1.62144212e-015 3.70251194e-016 5.79883604e-004
 1.47739368e+003 1.61430744e-015 3.68748734e-016 5.78729561e-004
 1.48270886e+003 1.60719020e-015 3.67246986e-016 5.77575553e-004
 1.48802405e+003 1.60009040e-015 3.65746012e-016 5.76421580e-004
 1.49333923e+003 1.59300802e-015 3.64245874e-016 5.75267641e-004
 1.49865442e+003 1.58594306e-015 3.62746633e-016 5.74113737e-004
 1.50396960e+003 1.57889551e-015 3.61248350e-016 5.72959868e-004
 1.50928479e+003 1.57186536e-015 3.59751083e-016 5.71806033e-004
 1.51459997e+003 1.56485260e-015 3.58254890e-016 5.70652234e-004
 1.51991516e+003 1.55785723e-015 3.56759827e-016 5.69498471e-004
 1.52523034e+003 1.55087923e-015 3.55265951e-016 5.68344743e-004
 1.53054553e+003 1.54391860e-015 3.53773315e-016 5.67191050e-004
 1.53586071e+003 1.53697534e-015 3.52281973e-016 5.66037393e-004
 1.54117590e+003 1.53004943e-015 3.50791978e-016 5.64883772e-004
 1.54649108e+003 1.52314086e-015 3.49303382e-016 5.63730187e-004
 1.55180626e+003 1.51624963e-015 3.47816235e-016 5.62576639e-004
 1.55712145e+003 1.50937573e-015 3.46330587e-016 5.61423126e-004
 1.56243663e+003 1.50251915e-015 3.44846487e-016 5.60269650e-004
 1.56775182e+003 1.49567988e-015 3.43363982e-016 5.59116211e-004
 1.57306700e+003 1.48885791e-015 3.41883120e-016 5.57962808e-004
 1.57838219e+003 1.48205324e-015 3.40403946e-016 5.56809443e-004
 1.58369737e+003 1.47526586e-015 3.38926506e-016 5.55656114e-004
 1.58901256e+003 1.46849575e-015 3.37450844e-016 5.54502823e-004
 1.59432774e+003 1.46174292e-015 3.35977004e-016 5.53349569e-004
 1.59964293e+003 1.45500735e-015 3.34505028e-016 5.52196352e-004
 1.60495811e+003 1.44828903e-015 3.33034958e-016 5.51043173e-004
 1.61027330e+003 1.44158797e-015 3.31566835e-016 5.49890032e-004
 1.61558848e+003 1.43490413e-015 3.30100700e-016 5.48736929e-004
 1.62090367e+003 1.42823753e-015 3.28636591e-016 5.47583864e-004
 1.62621885e+003 1.42158815e-015 3.27174548e-016 5.46430837e-004
 1.63153404e+003 1.41495598e-015 3.25714608e-016 5.45277849e-004
 1.63684922e+003 1.40834102e-015 3.24256809e-016 5.44124900e-004
 1.64216440e+003 1.40174325e-015 3.22801187e-016 5.42971989e-004
 1.64747959e+003 1.39516267e-015 3.21347778e-016 5.41819117e-004
 1.65279477e+003 1.38859927e-015 3.19896616e-016 5.40666284e-004
 1.65810996e+003 1.38205304e-015 3.18447737e-016 5.39513490e-004
 1.66342514e+003 1.37552397e-015 3.17001174e-016 5.38360736e-004
 1.66874033e+003 1.36901206e-015 3.15556960e-016 5.37208021e-004
 1.67405551e+003 1.36251729e-015 3.14115126e-016 5.36055347e-004
 1.67937070e+003 1.35603966e-015 3.12675706e-016 5.34902712e-004
 1.68468588e+003 1.34957915e-015 3.11238730e-016 5.33750117e-004
 1.69000107e+003 1.34313577e-015 3.09804227e-016 5.32597562e-004
 1.69531625e+003 1.33670950e-015 3.08372229e-016 5.31445048e-004
 1.70063144e+003 1.33030033e-015 3.06942765e-016 5.30292574e-004
 1.70594662e+003 1.32390825e-015 3.05515862e-016 5.29140141e-004
 1.71126181e+003 1.31753327e-015 3.04091549e-016 5.27987749e-004
 1.71657699e+003 1.31117535e-015 3.02669853e-016 5.26835399e-004
 1.72189218e+003 1.30483451e-015 3.01250802e-016 5.25683089e-004
 1.72720736e+003 1.29851073e-015 2.99834420e-016 5.24530821e-004
 1.73252254e+003 1.29220399e-015 2.98420735e-016 5.23378594e-004
 1.73783773e+003 1.28591430e-015 2.97009772e-016 5.22226410e-004
 1.74315291e+003 1.27964164e-015 2.95601554e-016 5.21074267e-004
 1.74846810e+003 1.27338601e-015 2.94196107e-016 5.19922167e-004
 1.75378328e+003 1.26714740e-015 2.92793454e-016 5.18770108e-004
 1.75909847e+003 1.26092579e-015 2.91393617e-016 5.17618093e-004
 1.76441365e+003 1.25472118e-015 2.89996621e-016 5.16466120e-004
 1.76972884e+003 1.24853356e-015 2.88602486e-016 5.15314190e-004
 1.77504402e+003 1.24236293e-015 2.87211234e-016 5.14162303e-004
 1.78035921e+003 1.23620926e-015 2.85822887e-016 5.13010459e-004
 1.78567439e+003 1.23007256e-015 2.84437466e-016 5.11858659e-004
 1.79098958e+003 1.22395281e-015 2.83054991e-016 5.10706903e-004
 1.79630476e+003 1.21785001e-015 2.81675481e-016 5.09555190e-004
 1.80161995e+003 1.21176415e-015 2.80298956e-016 5.08403522e-004
 1.80693513e+003 1.20569522e-015 2.78925435e-016 5.07251898e-004
 1.81225032e+003 1.19964320e-015 2.77554936e-016 5.06100318e-004
 1.81756550e+003 1.19360810e-015 2.76187478e-016 5.04948783e-004
 1.82288069e+003 1.18758990e-015 2.74823079e-016 5.03797292e-004
 1.82819587e+003 1.18158859e-015 2.73461755e-016 5.02645847e-004
 1.83351105e+003 1.17560416e-015 2.72103525e-016 5.01494447e-004
 1.83882624e+003 1.16963661e-015 2.70748403e-016 5.00343092e-004
 1.84414142e+003 1.16368592e-015 2.69396407e-016 4.99191783e-004
 1.84945661e+003 1.15775209e-015 2.68047552e-016 4.98040520e-004
 1.85477179e+003 1.15183511e-015 2.66701853e-016 4.96889303e-004
 1.86008698e+003 1.14593497e-015 2.65359327e-016 4.95738132e-004
 1.86540216e+003 1.14005166e-015 2.64019987e-016 4.94587008e-004
 1.87071735e+003 1.13418516e-015 2.62683847e-016 4.93435930e-004
 1.87603253e+003 1.12833548e-015 2.61350923e-016 4.92284899e-004
 1.88134772e+003 1.12250260e-015 2.60021227e-016 4.91133915e-004
 1.88666290e+003 1.11668652e-015 2.58694773e-016 4.89982979e-004
 1.89197809e+003 1.11088722e-015 2.57371574e-016 4.88832090e-004
 1.89729327e+003 1.10510469e-015 2.56051642e-016 4.87681249e-004
 1.90260846e+003 1.09933893e-015 2.54734991e-016 4.86530456e-004
 1.90792364e+003 1.09358992e-015 2.53421632e-016 4.85379711e-004
 1.91323883e+003 1.08785766e-015 2.52111577e-016 4.84229015e-004
 1.91855401e+003 1.08214214e-015 2.50804837e-016 4.83078367e-004
 1.92386919e+003 1.07644335e-015 2.49501424e-016 4.81927768e-004
 1.92918438e+003 1.07076128e-015 2.48201349e-016 4.80777218e-004
 1.93449956e+003 1.06509592e-015 2.46904622e-016 4.79626718e-004
 1.93981475e+003 1.05944726e-015 2.45611254e-016 4.78476267e-004
 1.94512993e+003 1.05381529e-015 2.44321255e-016 4.77325865e-004
 1.95044512e+003 1.04820000e-015 2.43034634e-016 4.76175514e-004
 1.95576030e+003 1.04260139e-015 2.41751402e-016 4.75025213e-004
 1.96107549e+003 1.03701943e-015 2.40471567e-016 4.73874963e-004
 1.96639067e+003 1.03145413e-015 2.39195139e-016 4.72724763e-004
 1.97170586e+003 1.02590548e-015 2.37922126e-016 4.71574615e-004
 1.97702104e+003 1.02037346e-015 2.36652538e-016 4.70424517e-004
 1.98233623e+003 1.01485807e-015 2.35386382e-016 4.69274471e-004
 1.98765141e+003 1.00935929e-015 2.34123666e-016 4.68124477e-004
 1.99296660e+003 1.00387712e-015 2.32864400e-016 4.66974534e-004
 1.99828178e+003 9.98411546e-016 2.31608589e-016 4.65824644e-004
 2.00359697e+003 9.92962560e-016 2.30356242e-016 4.64674807e-004
 2.00891215e+003 9.87530151e-016 2.29107366e-016 4.63525022e-004
 2.01422733e+003 9.82114310e-016 2.27861968e-016 4.62375289e-004
 2.01954252e+003 9.76715027e-016 2.26620055e-016 4.61225611e-004
 2.02485770e+003 9.71332294e-016 2.25381634e-016 4.60075985e-004
 2.03017289e+003 9.65966100e-016 2.24146710e-016 4.58926414e-004
 2.03548807e+003 9.60616435e-016 2.22915290e-016 4.57776896e-004
 2.04080326e+003 9.55283291e-016 2.21687380e-016 4.56627432e-004
 2.04611844e+003 9.49966656e-016 2.20462987e-016 4.55478024e-004
 2.05143363e+003 9.44666522e-016 2.19242115e-016 4.54328669e-004
 2.05674881e+003 9.39382879e-016 2.18024770e-016 4.53179370e-004
 2.06206400e+003 9.34115717e-016 2.16810958e-016 4.52030127e-004
 2.06737918e+003 9.28865025e-016 2.15600683e-016 4.50880939e-004
 2.07269437e+003 9.23630795e-016 2.14393951e-016 4.49731806e-004
 2.07800955e+003 9.18413016e-016 2.13190766e-016 4.48582730e-004
 2.08332474e+003 9.13211679e-016 2.11991133e-016 4.47433711e-004
 2.08863992e+003 9.08026774e-016 2.10795057e-016 4.46284748e-004
 2.09395511e+003 9.02858290e-016 2.09602542e-016 4.45135842e-004
 2.09927029e+003 8.97706218e-016 2.08413591e-016 4.43986993e-004
 2.10458548e+003 8.92570548e-016 2.07228210e-016 4.42838202e-004
 2.10990066e+003 8.87451270e-016 2.06046401e-016 4.41689469e-004
 2.11521584e+003 8.82348374e-016 2.04868169e-016 4.40540794e-004
 2.12053103e+003 8.77261850e-016 2.03693517e-016 4.39392177e-004
 2.12584621e+003 8.72191687e-016 2.02522448e-016 4.38243619e-004
 2.13116140e+003 8.67137877e-016 2.01354966e-016 4.37095120e-004
 2.13647658e+003 8.62100408e-016 2.00191075e-016 4.35946681e-004
 2.14179177e+003 8.57079270e-016 1.99030776e-016 4.34798301e-004
 2.14710695e+003 8.52074454e-016 1.97874073e-016 4.33649981e-004
 2.15242214e+003 8.47085950e-016 1.96720969e-016 4.32501721e-004
 2.15773732e+003 8.42113746e-016 1.95571466e-016 4.31353522e-004
 2.16305251e+003 8.37157834e-016 1.94425567e-016 4.30205384e-004
 2.16836769e+003 8.32218202e-016 1.93283274e-016 4.29057307e-004
 2.17368288e+003 8.27294841e-016 1.92144590e-016 4.27909292e-004
 2.17899806e+003 8.22387740e-016 1.91009517e-016 4.26761338e-004
 2.18431325e+003 8.17496889e-016 1.89878056e-016 4.25613447e-004
 2.18962843e+003 8.12622277e-016 1.88750210e-016 4.24465618e-004
 2.19494362e+003 8.07763895e-016 1.87625980e-016 4.23317852e-004
 2.20025880e+003 8.02921732e-016 1.86505369e-016 4.22170149e-004
 2.20557398e+003 7.98095777e-016 1.85388378e-016 4.21022509e-004
 2.21088917e+003 7.93286020e-016 1.84275008e-016 4.19874933e-004
 2.21620435e+003 7.88492451e-016 1.83165261e-016 4.18727422e-004
 2.22151954e+003 7.83715059e-016 1.82059138e-016 4.17579975e-004
 2.22683472e+003 7.78953834e-016 1.80956640e-016 4.16432593e-004
 2.23214991e+003 7.74208765e-016 1.79857769e-016 4.15285276e-004
 2.23746509e+003 7.69479842e-016 1.78762525e-016 4.14138024e-004
 2.24278028e+003 7.64767054e-016 1.77670910e-016 4.12990838e-004
 2.24809546e+003 7.60070390e-016 1.76582925e-016 4.11843719e-004
 2.25341065e+003 7.55389841e-016 1.75498569e-016 4.10696666e-004
 2.25872583e+003 7.50725395e-016 1.74417845e-016 4.09549680e-004
 2.26404102e+003 7.46077041e-016 1.73340751e-016 4.08402762e-004
 2.26935620e+003 7.41444769e-016 1.72267290e-016 4.07255911e-004
 2.27467139e+003 7.36828569e-016 1.71197461e-016 4.06109128e-004
 2.27998657e+003 7.32228429e-016 1.70131265e-016 4.04962414e-004
 2.28530176e+003 7.27644339e-016 1.69068702e-016 4.03815768e-004
 2.29061694e+003 7.23076288e-016 1.68009772e-016 4.02669192e-004
 2.29593212e+003 7.18524265e-016 1.66954476e-016 4.01522685e-004
 2.30124731e+003 7.13988260e-016 1.65902813e-016 4.00376248e-004
 2.30656249e+003 7.09468261e-016 1.64854784e-016 3.99229881e-004
 2.31187768e+003 7.04964257e-016 1.63810388e-016 3.98083586e-004
 2.31719286e+003 7.00476239e-016 1.62769625e-016 3.96937361e-004
 2.32250805e+003 6.96004194e-016 1.61732496e-016 3.95791208e-004
 2.32782323e+003 6.91548111e-016 1.60698999e-016 3.94645126e-004
 2.33313842e+003 6.87107981e-016 1.59669134e-016 3.93499117e-004
 2.33845360e+003 6.82683791e-016 1.58642902e-016 3.92353181e-004
 2.34376879e+003 6.78275531e-016 1.57620301e-016 3.91207318e-004
 2.34908397e+003 6.73883189e-016 1.56601331e-016 3.90061528e-004
 2.35439916e+003 6.69506755e-016 1.55585992e-016 3.88915813e-004
 2.35971434e+003 6.65146217e-016 1.54574282e-016 3.87770172e-004
 2.36502953e+003 6.60801565e-016 1.53566202e-016 3.86624605e-004
 2.37034471e+003 6.56472786e-016 1.52561749e-016 3.85479114e-004
 2.37565990e+003 6.52159870e-016 1.51560925e-016 3.84333699e-004
 2.38097508e+003 6.47862806e-016 1.50563727e-016 3.83188359e-004
 2.38629027e+003 6.43581582e-016 1.49570155e-016 3.82043096e-004
 2.39160545e+003 6.39316187e-016 1.48580207e-016 3.80897911e-004
 2.39692063e+003 6.35066609e-016 1.47593884e-016 3.79752802e-004
 2.40223582e+003 6.30832838e-016 1.46611183e-016 3.78607772e-004
 2.40755100e+003 6.26614861e-016 1.45632104e-016 3.77462820e-004
 2.41286619e+003 6.22412668e-016 1.44656645e-016 3.76317946e-004
 2.41818137e+003 6.18226247e-016 1.43684805e-016 3.75173152e-004
 2.42349656e+003 6.14055586e-016 1.42716583e-016 3.74028438e-004
 2.42881174e+003 6.09900674e-016 1.41751978e-016 3.72883804e-004
 2.43412693e+003 6.05761500e-016 1.40790988e-016 3.71739251e-004
 2.43944211e+003 6.01638052e-016 1.39833612e-016 3.70594778e-004
 2.44475730e+003 5.97530317e-016 1.38879849e-016 3.69450388e-004
 2.45007248e+003 5.93438286e-016 1.37929697e-016 3.68306079e-004
 2.45538767e+003 5.89361945e-016 1.36983154e-016 3.67161854e-004
 2.46070285e+003 5.85301283e-016 1.36040219e-016 3.66017711e-004
 2.46601804e+003 5.81256289e-016 1.35100890e-016 3.64873652e-004
 2.47133322e+003 5.77226951e-016 1.34165166e-016 3.63729677e-004
 2.47664841e+003 5.73213257e-016 1.33233045e-016 3.62585787e-004
 2.48196359e+003 5.69215194e-016 1.32304526e-016 3.61441981e-004
 2.48727877e+003 5.65232752e-016 1.31379606e-016 3.60298262e-004
 2.49259396e+003 5.61265919e-016 1.30458283e-016 3.59154629e-004
 2.49790914e+003 5.57314682e-016 1.29540557e-016 3.58011082e-004
 2.50322433e+003 5.53379029e-016 1.28626425e-016 3.56867623e-004
 2.50853951e+003 5.49458949e-016 1.27715885e-016 3.55724252e-004
 2.51385470e+003 5.45554429e-016 1.26808936e-016 3.54580969e-004
 2.51916988e+003 5.41665458e-016 1.25905575e-016 3.53437774e-004
 2.52448507e+003 5.37792023e-016 1.25005800e-016 3.52294670e-004
 2.52980025e+003 5.33934112e-016 1.24109610e-016 3.51151655e-004
 2.53511544e+003 5.30091714e-016 1.23217002e-016 3.50008731e-004
 2.54043062e+003 5.26264815e-016 1.22327975e-016 3.48865898e-004
 2.54574581e+003 5.22453404e-016 1.21442525e-016 3.47723157e-004
 2.55106099e+003 5.18657468e-016 1.20560652e-016 3.46580508e-004
 2.55637618e+003 5.14876996e-016 1.19682352e-016 3.45437952e-004
 2.56169136e+003 5.11111974e-016 1.18807624e-016 3.44295489e-004
 2.56700655e+003 5.07362391e-016 1.17936466e-016 3.43153121e-004
 2.57232173e+003 5.03628234e-016 1.17068875e-016 3.42010847e-004
 2.57763691e+003 4.99909490e-016 1.16204849e-016 3.40868668e-004
 2.58295210e+003 4.96206147e-016 1.15344386e-016 3.39726586e-004
 2.58826728e+003 4.92518193e-016 1.14487482e-016 3.38584600e-004
 2.59358247e+003 4.88845616e-016 1.13634137e-016 3.37442711e-004
 2.59889765e+003 4.85188401e-016 1.12784348e-016 3.36300919e-004
 2.60421284e+003 4.81546538e-016 1.11938112e-016 3.35159227e-004
 2.60952802e+003 4.77920013e-016 1.11095426e-016 3.34017633e-004
 2.61484321e+003 4.74308813e-016 1.10256289e-016 3.32876139e-004
 2.62015839e+003 4.70712926e-016 1.09420698e-016 3.31734746e-004
 2.62547358e+003 4.67132339e-016 1.08588650e-016 3.30593453e-004
 2.63078876e+003 4.63567040e-016 1.07760143e-016 3.29452262e-004
 2.63610395e+003 4.60017015e-016 1.06935174e-016 3.28311174e-004
 2.64141913e+003 4.56482251e-016 1.06113741e-016 3.27170188e-004
 2.64673432e+003 4.52962737e-016 1.05295841e-016 3.26029307e-004
 2.65204950e+003 4.49458457e-016 1.04481471e-016 3.24888530e-004
 2.65736469e+003 4.45969401e-016 1.03670630e-016 3.23747858e-004
 2.66267987e+003 4.42495554e-016 1.02863314e-016 3.22607292e-004
 2.66799506e+003 4.39036904e-016 1.02059520e-016 3.21466832e-004
 2.67331024e+003 4.35593437e-016 1.01259247e-016 3.20326480e-004
 2.67862542e+003 4.32165140e-016 1.00462490e-016 3.19186236e-004
 2.68394061e+003 4.28752001e-016 9.96692481e-017 3.18046101e-004
 2.68925579e+003 4.25354005e-016 9.88795177e-017 3.16906075e-004
 2.69457098e+003 4.21971140e-016 9.80932963e-017 3.15766160e-004
 2.69988616e+003 4.18603392e-016 9.73105809e-017 3.14626355e-004
 2.70520135e+003 4.15250749e-016 9.65313689e-017 3.13486663e-004
 2.71051653e+003 4.11913195e-016 9.57556574e-017 3.12347083e-004
 2.71583172e+003 4.08590719e-016 9.49834435e-017 3.11207616e-004
 2.72114690e+003 4.05283306e-016 9.42147244e-017 3.10068264e-004
 2.72646209e+003 4.01990944e-016 9.34494972e-017 3.08929027e-004
 2.73177727e+003 3.98713618e-016 9.26877589e-017 3.07789905e-004
 2.73709246e+003 3.95451314e-016 9.19295066e-017 3.06650900e-004
 2.74240764e+003 3.92204020e-016 9.11747375e-017 3.05512013e-004
 2.74772283e+003 3.88971722e-016 9.04234484e-017 3.04373244e-004
 2.75303801e+003 3.85754405e-016 8.96756366e-017 3.03234594e-004
 2.75835320e+003 3.82552056e-016 8.89312989e-017 3.02096064e-004
 2.76366838e+003 3.79364661e-016 8.81904323e-017 3.00957655e-004
 2.76898356e+003 3.76192207e-016 8.74530339e-017 2.99819368e-004
 2.77429875e+003 3.73034679e-016 8.67191005e-017 2.98681203e-004
 2.77961393e+003 3.69892063e-016 8.59886292e-017 2.97543162e-004
 2.78492912e+003 3.66764345e-016 8.52616168e-017 2.96405246e-004
 2.79024430e+003 3.63651512e-016 8.45380601e-017 2.95267454e-004
 2.79555949e+003 3.60553548e-016 8.38179562e-017 2.94129789e-004
 2.80087467e+003 3.57470441e-016 8.31013019e-017 2.92992252e-004
 2.80618986e+003 3.54402175e-016 8.23880940e-017 2.91854842e-004
 2.81150504e+003 3.51348737e-016 8.16783294e-017 2.90717562e-004
 2.81682023e+003 3.48310112e-016 8.09720048e-017 2.89580411e-004
 2.82213541e+003 3.45286286e-016 8.02691171e-017 2.88443392e-004
 2.82745060e+003 3.42277245e-016 7.95696631e-017 2.87306505e-004
 2.83276578e+003 3.39282973e-016 7.88736395e-017 2.86169751e-004
 2.83808097e+003 3.36303457e-016 7.81810431e-017 2.85033130e-004
 2.84339615e+003 3.33338681e-016 7.74918706e-017 2.83896645e-004
 2.84871134e+003 3.30388632e-016 7.68061188e-017 2.82760296e-004
 2.85402652e+003 3.27453295e-016 7.61237843e-017 2.81624084e-004
 2.85934170e+003 3.24532654e-016 7.54448639e-017 2.80488011e-004
 2.86465689e+003 3.21626696e-016 7.47693542e-017 2.79352076e-004
 2.86997207e+003 3.18735405e-016 7.40972518e-017 2.78216283e-004
 2.87528726e+003 3.15858766e-016 7.34285535e-017 2.77080630e-004
 2.88060244e+003 3.12996765e-016 7.27632557e-017 2.75945120e-004
 2.88591763e+003 3.10149387e-016 7.21013553e-017 2.74809754e-004
 2.89123281e+003 3.07316616e-016 7.14428487e-017 2.73674532e-004
 2.89654800e+003 3.04498438e-016 7.07877325e-017 2.72539457e-004
 2.90186318e+003 3.01694837e-016 7.01360032e-017 2.71404528e-004
 2.90717837e+003 2.98905798e-016 6.94876575e-017 2.70269748e-004
 2.91249355e+003 2.96131306e-016 6.88426919e-017 2.69135118e-004
 2.91780874e+003 2.93371345e-016 6.82011028e-017 2.68000638e-004
 2.92312392e+003 2.90625901e-016 6.75628868e-017 2.66866310e-004
 2.92843911e+003 2.87894958e-016 6.69280404e-017 2.65732135e-004
 2.93375429e+003 2.85178500e-016 6.62965599e-017 2.64598114e-004
 2.93906948e+003 2.82476512e-016 6.56684420e-017 2.63464249e-004
 2.94438466e+003 2.79788978e-016 6.50436829e-017 2.62330541e-004
 2.94969985e+003 2.77115883e-016 6.44222792e-017 2.61196991e-004
 2.95501503e+003 2.74457210e-016 6.38042272e-017 2.60063601e-004
 2.96033021e+003 2.71812945e-016 6.31895233e-017 2.58930371e-004
 2.96564540e+003 2.69183071e-016 6.25781639e-017 2.57797304e-004
 2.97096058e+003 2.66567572e-016 6.19701453e-017 2.56664400e-004
 2.97627577e+003 2.63966433e-016 6.13654640e-017 2.55531661e-004
 2.98159095e+003 2.61379637e-016 6.07641161e-017 2.54399088e-004
 2.98690614e+003 2.58807169e-016 6.01660980e-017 2.53266683e-004
 2.99222132e+003 2.56249012e-016 5.95714060e-017 2.52134447e-004
 2.99753651e+003 2.53705149e-016 5.89800364e-017 2.51002382e-004
 3.00285169e+003 2.51175566e-016 5.83919855e-017 2.49870489e-004
 3.00816688e+003 2.48660245e-016 5.78072493e-017 2.48738769e-004
 3.01348206e+003 2.46159170e-016 5.72258243e-017 2.47607224e-004
 3.01879725e+003 2.43672324e-016 5.66477066e-017 2.46475855e-004
 3.02411243e+003 2.41199691e-016 5.60728924e-017 2.45344665e-004
 3.02942762e+003 2.38741255e-016 5.55013778e-017 2.44213654e-004
 3.03474280e+003 2.36296999e-016 5.49331590e-017 2.43082825e-004
 3.04005799e+003 2.33866905e-016 5.43682322e-017 2.41952178e-004
 3.04537317e+003 2.31450958e-016 5.38065935e-017 2.40821715e-004
 3.05068835e+003 2.29049140e-016 5.32482390e-017 2.39691439e-004
 3.05600354e+003 2.26661435e-016 5.26931647e-017 2.38561350e-004
 3.06131872e+003 2.24287825e-016 5.21413668e-017 2.37431451e-004
 3.06663391e+003 2.21928293e-016 5.15928412e-017 2.36301743e-004
 3.07194909e+003 2.19582822e-016 5.10475841e-017 2.35172227e-004
 3.07726428e+003 2.17251396e-016 5.05055914e-017 2.34042906e-004
 3.08257946e+003 2.14933995e-016 4.99668592e-017 2.32913782e-004
 3.08789465e+003 2.12630605e-016 4.94313834e-017 2.31784855e-004
 3.09320983e+003 2.10341206e-016 4.88991599e-017 2.30656129e-004
 3.09852502e+003 2.08065781e-016 4.83701848e-017 2.29527604e-004
 3.10384020e+003 2.05804313e-016 4.78444539e-017 2.28399283e-004
 3.10915539e+003 2.03556784e-016 4.73219632e-017 2.27271168e-004
 3.11447057e+003 2.01323176e-016 4.68027086e-017 2.26143260e-004
 3.11978576e+003 1.99103471e-016 4.62866858e-017 2.25015561e-004
 3.12510094e+003 1.96897652e-016 4.57738908e-017 2.23888074e-004
 3.13041613e+003 1.94705701e-016 4.52643194e-017 2.22760801e-004
 3.13573131e+003 1.92527599e-016 4.47579674e-017 2.21633743e-004
 3.14104650e+003 1.90363328e-016 4.42548307e-017 2.20506902e-004
 3.14636168e+003 1.88212870e-016 4.37549048e-017 2.19380282e-004
 3.15167686e+003 1.86076207e-016 4.32581857e-017 2.18253883e-004
 3.15699205e+003 1.83953320e-016 4.27646691e-017 2.17127708e-004
 3.16230723e+003 1.81844191e-016 4.22743506e-017 2.16001759e-004
 3.16762242e+003 1.79748801e-016 4.17872260e-017 2.14876038e-004
 3.17293760e+003 1.77667132e-016 4.13032909e-017 2.13750548e-004
 3.17825279e+003 1.75599165e-016 4.08225410e-017 2.12625291e-004
 3.18356797e+003 1.73544881e-016 4.03449719e-017 2.11500269e-004
 3.18888316e+003 1.71504260e-016 3.98705792e-017 2.10375485e-004
 3.19419834e+003 1.69477285e-016 3.93993585e-017 2.09250941e-004
 3.19951353e+003 1.67463936e-016 3.89313054e-017 2.08126639e-004
 3.20482871e+003 1.65464193e-016 3.84664154e-017 2.07002581e-004
 3.21014390e+003 1.63478038e-016 3.80046840e-017 2.05878772e-004
 3.21545908e+003 1.61505451e-016 3.75461068e-017 2.04755212e-004
 3.22077427e+003 1.59546413e-016 3.70906792e-017 2.03631904e-004
 3.22608945e+003 1.57600903e-016 3.66383966e-017 2.02508852e-004
 3.23140464e+003 1.55668903e-016 3.61892546e-017 2.01386057e-004
 3.23671982e+003 1.53750393e-016 3.57432485e-017 2.00263522e-004
 3.24203500e+003 1.51845352e-016 3.53003736e-017 1.99141251e-004
 3.24735019e+003 1.49953761e-016 3.48606254e-017 1.98019246e-004
 3.25266537e+003 1.48075599e-016 3.44239992e-017 1.96897509e-004
 3.25798056e+003 1.46210847e-016 3.39904904e-017 1.95776044e-004
 3.26329574e+003 1.44359484e-016 3.35600941e-017 1.94654854e-004
 3.26861093e+003 1.42521491e-016 3.31328057e-017 1.93533941e-004
 3.27392611e+003 1.40696845e-016 3.27086203e-017 1.92413308e-004
 3.27924130e+003 1.38885527e-016 3.22875334e-017 1.91292959e-004
 3.28455648e+003 1.37087516e-016 3.18695399e-017 1.90172897e-004
 3.28987167e+003 1.35302792e-016 3.14546351e-017 1.89053124e-004
 3.29518685e+003 1.33531332e-016 3.10428141e-017 1.87933644e-004
 3.30050204e+003 1.31773118e-016 3.06340721e-017 1.86814461e-004
 3.30581722e+003 1.30028126e-016 3.02284041e-017 1.85695577e-004
 3.31113241e+003 1.28296336e-016 2.98258051e-017 1.84576996e-004
 3.31644759e+003 1.26577726e-016 2.94262703e-017 1.83458722e-004
 3.32176278e+003 1.24872276e-016 2.90297946e-017 1.82340757e-004
 3.32707796e+003 1.23179963e-016 2.86363730e-017 1.81223105e-004
 3.33239314e+003 1.21500765e-016 2.82460004e-017 1.80105771e-004
 3.33770833e+003 1.19834662e-016 2.78586718e-017 1.78988757e-004
 3.34302351e+003 1.18181630e-016 2.74743821e-017 1.77872068e-004
 3.34833870e+003 1.16541648e-016 2.70931261e-017 1.76755706e-004
 3.35365388e+003 1.14914694e-016 2.67148986e-017 1.75639677e-004
 3.35896907e+003 1.13300744e-016 2.63396945e-017 1.74523984e-004
 3.36428425e+003 1.11699778e-016 2.59675086e-017 1.73408630e-004
 3.36959944e+003 1.10111771e-016 2.55983355e-017 1.72293620e-004
 3.37491462e+003 1.08536702e-016 2.52321700e-017 1.71178959e-004
 3.38022981e+003 1.06974547e-016 2.48690069e-017 1.70064649e-004
 3.38554499e+003 1.05425284e-016 2.45088406e-017 1.68950697e-004
 3.39086018e+003 1.03888889e-016 2.41516659e-017 1.67837105e-004
 3.39617536e+003 1.02365339e-016 2.37974773e-017 1.66723878e-004
 3.40149055e+003 1.00854610e-016 2.34462695e-017 1.65611022e-004
 3.40680573e+003 9.93566799e-017 2.30980368e-017 1.64498540e-004
 3.41212092e+003 9.78715237e-017 2.27527739e-017 1.63386436e-004
 3.41743610e+003 9.63991179e-017 2.24104751e-017 1.62274717e-004
 3.42275129e+003 9.49394386e-017 2.20711349e-017 1.61163387e-004
 3.42806647e+003 9.34924614e-017 2.17347476e-017 1.60052450e-004
 3.43338165e+003 9.20581623e-017 2.14013076e-017 1.58941912e-004
 3.43869684e+003 9.06365165e-017 2.10708093e-017 1.57831778e-004
 3.44401202e+003 8.92274997e-017 2.07432468e-017 1.56722053e-004
 3.44932721e+003 8.78310869e-017 2.04186145e-017 1.55612742e-004
 3.45464239e+003 8.64472532e-017 2.00969066e-017 1.54503852e-004
 3.45995758e+003 8.50759735e-017 1.97781171e-017 1.53395387e-004
 3.46527276e+003 8.37172226e-017 1.94622402e-017 1.52287352e-004
 3.47058795e+003 8.23709750e-017 1.91492701e-017 1.51179755e-004
 3.47590313e+003 8.10372051e-017 1.88392007e-017 1.50072600e-004
 3.48121832e+003 7.97158871e-017 1.85320261e-017 1.48965894e-004
 3.48653350e+003 7.84069951e-017 1.82277403e-017 1.47859643e-004
 3.49184869e+003 7.71105029e-017 1.79263371e-017 1.46753853e-004
 3.49716387e+003 7.58263842e-017 1.76278104e-017 1.45648531e-004
 3.50247906e+003 7.45546126e-017 1.73321541e-017 1.44543682e-004
 3.50779424e+003 7.32951614e-017 1.70393620e-017 1.43439314e-004
 3.51310943e+003 7.20480036e-017 1.67494279e-017 1.42335433e-004
 3.51842461e+003 7.08131123e-017 1.64623454e-017 1.41232046e-004
 3.52373979e+003 6.95904601e-017 1.61781082e-017 1.40129161e-004
 3.52905498e+003 6.83800197e-017 1.58967099e-017 1.39026784e-004
 3.53437016e+003 6.71817634e-017 1.56181441e-017 1.37924922e-004
 3.53968535e+003 6.59956633e-017 1.53424044e-017 1.36823584e-004
 3.54500053e+003 6.48216914e-017 1.50694842e-017 1.35722777e-004
 3.55031572e+003 6.36598195e-017 1.47993769e-017 1.34622509e-004
 3.55563090e+003 6.25100190e-017 1.45320760e-017 1.33522788e-004
 3.56094609e+003 6.13722613e-017 1.42675747e-017 1.32423621e-004
 3.56626127e+003 6.02465175e-017 1.40058664e-017 1.31325018e-004
 3.57157646e+003 5.91327583e-017 1.37469442e-017 1.30226987e-004
 3.57689164e+003 5.80309546e-017 1.34908013e-017 1.29129536e-004
 3.58220683e+003 5.69410767e-017 1.32374309e-017 1.28032675e-004
 3.58752201e+003 5.58630947e-017 1.29868260e-017 1.26936412e-004
 3.59283720e+003 5.47969786e-017 1.27389797e-017 1.25840758e-004
 3.59815238e+003 5.37426982e-017 1.24938848e-017 1.24745721e-004
 3.60346757e+003 5.27002229e-017 1.22515344e-017 1.23651311e-004
 3.60878275e+003 5.16695218e-017 1.20119212e-017 1.22557539e-004
 3.61409793e+003 5.06505640e-017 1.17750380e-017 1.21464414e-004
 3.61941312e+003 4.96433181e-017 1.15408776e-017 1.20371947e-004
 3.62472830e+003 4.86477526e-017 1.13094325e-017 1.19280149e-004
 3.63004349e+003 4.76638357e-017 1.10806955e-017 1.18189031e-004
 3.63535867e+003 4.66915352e-017 1.08546590e-017 1.17098604e-004
 3.64067386e+003 4.57308188e-017 1.06313156e-017 1.16008880e-004
 3.64598904e+003 4.47816537e-017 1.04106575e-017 1.14919870e-004
 3.65130423e+003 4.38440072e-017 1.01926773e-017 1.13831586e-004
 3.65661941e+003 4.29178458e-017 9.97736702e-018 1.12744041e-004
 3.66193460e+003 4.20031361e-017 9.76471902e-018 1.11657248e-004
 3.66724978e+003 4.10998443e-017 9.55472540e-018 1.10571219e-004
 3.67256497e+003 4.02079362e-017 9.34737820e-018 1.09485969e-004
 3.67788015e+003 3.93273772e-017 9.14266943e-018 1.08401510e-004
 3.68319534e+003 3.84581328e-017 8.94059100e-018 1.07317857e-004
 3.68851052e+003 3.76001677e-017 8.74113474e-018 1.06235025e-004
 3.69382571e+003 3.67534464e-017 8.54429243e-018 1.05153027e-004
 3.69914089e+003 3.59179334e-017 8.35005573e-018 1.04071880e-004
 3.70445608e+003 3.50935923e-017 8.15841625e-018 1.02991598e-004
 3.70977126e+003 3.42803867e-017 7.96936551e-018 1.01912199e-004
 3.71508644e+003 3.34782798e-017 7.78289495e-018 1.00833697e-004
 3.72040163e+003 3.26872344e-017 7.59899592e-018 9.97561114e-005
 3.72571681e+003 3.19072130e-017 7.41765969e-018 9.86794582e-005
 3.73103200e+003 3.11381774e-017 7.23887742e-018 9.76037556e-005
 3.73634718e+003 3.03800895e-017 7.06264021e-018 9.65290219e-005
 3.74166237e+003 2.96329104e-017 6.88893904e-018 9.54552761e-005
 3.74697755e+003 2.88966010e-017 6.71776482e-018 9.43825375e-005
 3.75229274e+003 2.81711218e-017 6.54910834e-018 9.33108262e-005
 3.75760792e+003 2.74564327e-017 6.38296031e-018 9.22401627e-005
 3.76292311e+003 2.67524933e-017 6.21931133e-018 9.11705683e-005
 3.76823829e+003 2.60592628e-017 6.05815190e-018 9.01020646e-005
 3.77355348e+003 2.53766997e-017 5.89947242e-018 8.90346742e-005
 3.77886866e+003 2.47047625e-017 5.74326316e-018 8.79684201e-005
 3.78418385e+003 2.40434087e-017 5.58951432e-018 8.69033263e-005
 3.78949903e+003 2.33925957e-017 5.43821594e-018 8.58394171e-005
 3.79481422e+003 2.27522802e-017 5.28935798e-018 8.47767181e-005
 3.80012940e+003 2.21224184e-017 5.14293028e-018 8.37152551e-005
 3.80544458e+003 2.15029662e-017 4.99892253e-018 8.26550553e-005
 3.81075977e+003 2.08938787e-017 4.85732434e-018 8.15961462e-005
 3.81607495e+003 2.02951106e-017 4.71812516e-018 8.05385567e-005
 3.82139014e+003 1.97066161e-017 4.58131432e-018 7.94823161e-005
 3.82670532e+003 1.91283485e-017 4.44688103e-018 7.84274552e-005
 3.83202051e+003 1.85602610e-017 4.31481434e-018 7.73740055e-005
 3.83733569e+003 1.80023059e-017 4.18510318e-018 7.63219994e-005
 3.84265088e+003 1.74544348e-017 4.05773634e-018 7.52714708e-005
 3.84796606e+003 1.69165990e-017 3.93270245e-018 7.42224545e-005
 3.85328125e+003 1.63887489e-017 3.80999000e-018 7.31749864e-005
 3.85859643e+003 1.58708343e-017 3.68958731e-018 7.21291038e-005
 3.86391162e+003 1.53628044e-017 3.57148257e-018 7.10848454e-005
 3.86922680e+003 1.48646076e-017 3.45566379e-018 7.00422509e-005
 3.87454199e+003 1.43761915e-017 3.34211881e-018 6.90013617e-005
 3.87985717e+003 1.38975033e-017 3.23083530e-018 6.79622207e-005
 3.88517236e+003 1.34284891e-017 3.12180078e-018 6.69248721e-005
 3.89048754e+003 1.29690944e-017 3.01500255e-018 6.58893620e-005
 3.89580272e+003 1.25192638e-017 2.91042776e-018 6.48557380e-005
 3.90111791e+003 1.20789412e-017 2.80806334e-018 6.38240497e-005
 3.90643309e+003 1.16480696e-017 2.70789605e-018 6.27943483e-005
 3.91174828e+003 1.12265911e-017 2.60991244e-018 6.17666870e-005
 3.91706346e+003 1.08144469e-017 2.51409883e-018 6.07411214e-005
 3.92237865e+003 1.04115774e-017 2.42044137e-018 5.97177087e-005
 3.92769383e+003 1.00179220e-017 2.32892595e-018 5.86965088e-005
 3.93300902e+003 9.63341906e-018 2.23953826e-018 5.76775837e-005
 3.93832420e+003 9.25800597e-018 2.15226375e-018 5.66609981e-005
 3.94363939e+003 8.89161912e-018 2.06708761e-018 5.56468192e-005
 3.94895457e+003 8.53419381e-018 1.98399483e-018 5.46351170e-005
 3.95426976e+003 8.18566426e-018 1.90297009e-018 5.36259642e-005
 3.95958494e+003 7.84596355e-018 1.82399784e-018 5.26194369e-005
 3.96490013e+003 7.51502359e-018 1.74706226e-018 5.16156141e-005
 3.97021531e+003 7.19277509e-018 1.67214723e-018 5.06145783e-005
 3.97553050e+003 6.87914751e-018 1.59923636e-018 4.96164156e-005
 3.98084568e+003 6.57406904e-018 1.52831296e-018 4.86212159e-005
 3.98616087e+003 6.27746653e-018 1.45936001e-018 4.76290728e-005
 3.99147605e+003 5.98926548e-018 1.39236019e-018 4.66400844e-005
 3.99679123e+003 5.70938996e-018 1.32729586e-018 4.56543529e-005
 4.00210642e+003 5.43776258e-018 1.26414903e-018 4.46719854e-005
 4.00742160e+003 5.17430444e-018 1.20290135e-018 4.36930939e-005
 4.01273679e+003 4.91893508e-018 1.14353411e-018 4.27177955e-005
 4.01805197e+003 4.67157243e-018 1.08602825e-018 4.17462127e-005
 4.02336716e+003 4.43213274e-018 1.03036428e-018 4.07784741e-005
 4.02868234e+003 4.20053052e-018 9.76522330e-019 3.98147142e-005
 4.03399753e+003 3.97667851e-018 9.24482121e-019 3.88550741e-005
 4.03931271e+003 3.76048760e-018 8.74222932e-019 3.78997018e-005
 4.04462790e+003 3.55186673e-018 8.25723597e-019 3.69487526e-005
 4.04994308e+003 3.35072288e-018 7.78962490e-019 3.60023895e-005
 4.05525827e+003 3.15696099e-018 7.33917509e-019 3.50607837e-005
 4.06057345e+003 2.97048383e-018 6.90566054e-019 3.41241150e-005
 4.06588864e+003 2.79119200e-018 6.48885016e-019 3.31925726e-005
 4.07120382e+003 2.61898382e-018 6.08850755e-019 3.22663553e-005
 4.07651901e+003 2.45375523e-018 5.70439082e-019 3.13456720e-005
 4.08183419e+003 2.29539975e-018 5.33625240e-019 3.04307431e-005
 4.08714937e+003 2.14380835e-018 4.98383887e-019 2.95218000e-005
 4.09246456e+003 1.99886943e-018 4.64689072e-019 2.86190866e-005
 4.09777974e+003 1.86046865e-018 4.32514219e-019 2.77228601e-005
 4.10309493e+003 1.72848890e-018 4.01832101e-019 2.68333909e-005
 4.10841011e+003 1.60281020e-018 3.72614826e-019 2.59509643e-005
 4.11372530e+003 1.48330959e-018 3.44833808e-019 2.50758809e-005
 4.11904048e+003 1.36986107e-018 3.18459756e-019 2.42084575e-005
 4.12435567e+003 1.26233550e-018 2.93462646e-019 2.33490279e-005
 4.12967085e+003 1.16060049e-018 2.69811703e-019 2.24979440e-005
 4.13498604e+003 1.06452037e-018 2.47475386e-019 2.16555766e-005
 4.14030122e+003 9.73956077e-019 2.26421366e-019 2.08223162e-005
 4.14561641e+003 8.88765095e-019 2.06616511e-019 1.99985742e-005
 4.15093159e+003 8.08801404e-019 1.88026876e-019 1.91847834e-005
 4.15624678e+003 7.33915427e-019 1.70617687e-019 1.83813989e-005
 4.16156196e+003 6.63953999e-019 1.54353338e-019 1.75888991e-005
 4.16687715e+003 5.98760355e-019 1.39197383e-019 1.68077861e-005
 4.17219233e+003 5.38174143e-019 1.25112546e-019 1.60385862e-005
 4.17750751e+003 4.82031453e-019 1.12060721e-019 1.52818502e-005
 4.18282270e+003 4.30164891e-019 1.00002992e-019 1.45381533e-005
 4.18813788e+003 3.82403684e-019 8.88996603e-020 1.38080951e-005
 4.19345307e+003 3.38573830e-019 7.87102733e-020 1.30922984e-005
 4.19876825e+003 2.98498298e-019 6.93936759e-020 1.23914086e-005
 4.20408344e+003 2.61997289e-019 6.09080690e-020 1.17060914e-005
 4.20939862e+003 2.28888555e-019 5.32110846e-020 1.10370306e-005
 4.21471381e+003 1.98987800e-019 4.62598781e-020 1.03849245e-005
 4.22002899e+003 1.72109152e-019 4.00112389e-020 9.75048203e-006
 4.22534418e+003 1.48065723e-019 3.44217197e-020 9.13441713e-006
 4.23065936e+003 1.26670257e-019 2.94477885e-020 8.53744234e-006
 4.23597455e+003 1.07735872e-019 2.50459994e-020 7.96026103e-006
 4.24128973e+003 9.10768903e-020 2.11731867e-020 7.40355828e-006
 4.24660492e+003 7.65097510e-020 1.77866772e-020 6.86799041e-006
 4.25192010e+003 6.38540049e-020 1.48445205e-020 6.35417328e-006
 4.25723529e+003 5.29333635e-020 1.23057341e-020 5.86266935e-006
 4.26255047e+003 4.35767892e-020 1.01305555e-020 5.39397393e-006
 4.26786566e+003 3.56195950e-020 8.28069924e-021 4.94850080e-006
 4.27318084e+003 2.89045211e-020 6.71960604e-021 4.52656789e-006
 4.27849602e+003 2.32827503e-020 5.41267954e-021 4.12838342e-006
 4.28381121e+003 1.86148211e-020 4.32749825e-021 3.75403333e-006
 4.28912639e+003 1.47713970e-020 3.43399458e-021 3.40347079e-006
 4.29444158e+003 1.16338563e-020 2.70459181e-021 3.07650843e-006
 4.29975676e+003 9.09467086e-021 2.11429226e-021 2.77281404e-006
 4.30507195e+003 7.05755527e-021 1.64071188e-021 2.49191040e-006
 4.31038713e+003 5.43737827e-021 1.26405969e-021 2.23317937e-006
 4.31570232e+003 4.15984524e-021 9.67063980e-022 1.99587041e-006
 4.32101750e+003 3.16097255e-021 7.34850102e-022 1.77911336e-006
 4.32633269e+003 2.38638754e-021 5.54777714e-022 1.58193469e-006
 4.33164787e+003 1.79049637e-021 4.16247348e-022 1.40327670e-006
 4.33696306e+003 1.33556669e-021 3.10487137e-022 1.24201840e-006
 4.34227824e+003 9.90771756e-022 2.30330607e-022 1.09699727e-006
 4.34759343e+003 7.31239188e-022 1.69995526e-022 9.67030683e-007
 4.35290861e+003 5.37140066e-022 1.24872148e-022 8.50936008e-007
 4.35822380e+003 3.92845717e-022 9.13271818e-023 7.47548846e-007
 4.36353898e+003 2.86170019e-022 6.65276476e-023 6.55738637e-007
 4.36885416e+003 2.07706500e-022 4.82867661e-023 5.74421447e-007
 4.37416935e+003 1.50262045e-022 3.49323118e-023 5.02569820e-007
 4.37948453e+003 1.08383469e-022 2.51965501e-023 4.39219772e-007
 4.38479972e+003 7.79692957e-023 1.81259862e-023 3.83475174e-007
 4.39011490e+003 5.59569032e-023 1.30086343e-023 3.34509829e-007
 4.39543009e+003 4.00743150e-023 9.31631452e-024 2.91567616e-007
 4.40074527e+003 2.86460029e-023 6.65950677e-024 2.53961091e-007
 4.40606046e+003 2.04428302e-023 4.75246639e-024 2.21068889e-007
 4.41137564e+003 1.45673826e-023 3.38656612e-024 1.92332282e-007
 4.41669083e+003 1.03671975e-023 2.41012411e-024 1.67251156e-007
 4.42200601e+003 7.36967517e-024 1.71327225e-024 1.45379679e-007
 4.42732120e+003 5.23362737e-024 1.21669250e-024 1.26321813e-007
 4.43263638e+003 3.71345603e-024 8.63289225e-025 1.09726860e-007
 4.43795157e+003 2.63282621e-024 6.12068779e-025 9.52851194e-008
 4.44326675e+003 1.86541870e-024 4.33664988e-025 8.27237534e-008
 4.44858194e+003 1.32092297e-024 3.07082824e-025 7.18029065e-008
 4.45389712e+003 9.34884635e-025 2.17338195e-025 6.23121048e-008
 4.45921230e+003 6.61372719e-025 1.53753252e-025 5.40669544e-008
 4.46452749e+003 4.67699695e-025 1.08728932e-025 4.69061353e-008
 4.46984267e+003 3.30629932e-025 7.68635080e-026 4.06886873e-008
 4.47515786e+003 2.33663289e-025 5.43210955e-026 3.52915707e-008
 4.48047304e+003 1.65092974e-025 3.83801462e-026 3.06074877e-008
 4.48578823e+003 1.16619430e-025 2.71112129e-026 2.65429439e-008
 4.49110341e+003 8.23625948e-026 1.91473226e-026 2.30165296e-008
 4.49641860e+003 5.81589900e-026 1.35205665e-026 1.99574004e-008
 4.50173378e+003 4.10620794e-026 9.54594598e-027 1.73039395e-008
 4.50704897e+003 2.89874858e-026 6.73889333e-027 1.50025798e-008
 4.51236415e+003 2.04612839e-026 4.75675644e-027 1.30067710e-008
 4.51767934e+003 1.44415627e-026 3.35731602e-027 1.12760744e-008
 4.52299452e+003 1.01920115e-026 2.36939756e-027 9.77537145e-009
 4.52830971e+003 7.19241507e-027 1.67206354e-027 8.47417125e-009
 4.53362489e+003 5.07531262e-027 1.17988813e-027 7.34600708e-009
 4.53894008e+003 3.58119216e-027 8.32541056e-028 6.36790971e-009
 4.54425526e+003 2.52680838e-027 5.87422182e-028 5.51994862e-009
 4.54957045e+003 1.78278726e-027 4.14455165e-028 4.78483254e-009
 4.55488563e+003 1.25780000e-027 2.92408251e-028 4.14756188e-009
 4.56020081e+003 8.87381812e-028 2.06294931e-028 3.59512646e-009
 4.56551600e+003 6.26034215e-028 1.45537900e-028 3.11624272e-009
 4.57083118e+003 4.41647467e-028 1.02672415e-028 2.70112540e-009
 4.57614637e+003 3.11562269e-028 7.24307350e-029 2.34128923e-009
 4.58146155e+003 2.19789304e-028 5.10957276e-029 2.02937664e-009
 4.58677674e+003 1.55046446e-028 3.60445701e-029 1.75900826e-009
 4.59209192e+003 1.09373347e-028 2.54266730e-029 1.52465312e-009
 4.59740711e+003 7.71536287e-029 1.79363632e-029 1.32151603e-009
 4.60272229e+003 5.44248223e-029 1.26524624e-029 1.14543984e-009
 4.60803748e+003 3.83914090e-029 8.92507933e-030 9.92820634e-010
 4.61335266e+003 2.70812018e-029 6.29572817e-030 8.60534222e-010
 4.61866785e+003 1.91028906e-029 4.44096267e-030 7.45872326e-010
 4.62398303e+003 1.34749722e-029 3.13260698e-030 6.46487259e-010
 4.62929822e+003 9.50505458e-030 2.20969661e-030 5.60343956e-010
 4.63461340e+003 6.70470348e-030 1.55868232e-030 4.85678367e-010
 4.63992859e+003 4.72936678e-030 1.09946404e-030 4.20961386e-010
 4.64524377e+003 3.33599262e-030 7.75538059e-031 3.64867574e-010
 4.65055895e+003 2.35313048e-030 5.47046248e-031 3.16248048e-010
 4.65587414e+003 1.65983888e-030 3.85872624e-031 2.74106962e-010
 4.66118932e+003 1.17080614e-030 2.72184270e-031 2.37581139e-010
 4.66650451e+003 8.25854028e-031 1.91991201e-031 2.05922393e-010
 4.67181969e+003 5.82533546e-031 1.35425040e-031 1.78482218e-010
 4.67713488e+003 4.10901779e-031 9.55247821e-032 1.54698507e-010
 4.68245006e+003 2.89837526e-031 6.73802545e-032 1.34084047e-010
 4.68776525e+003 2.04442310e-031 4.75279206e-032 1.16216539e-010
 4.69308043e+003 1.44207078e-031 3.35246777e-032 1.00729954e-010
 4.69839562e+003 1.01718994e-031 2.36472198e-032 8.73070293e-011
 4.70371080e+003 7.17492319e-032 1.66799709e-032 7.56727796e-011
 4.70902599e+003 5.06095198e-032 1.17654963e-032 6.55888586e-011
 4.71434117e+003 3.56982535e-032 8.29898546e-033 5.68486798e-011
 4.71965636e+003 2.51803372e-032 5.85382286e-033 4.92731841e-011
 4.72497154e+003 1.77613494e-032 4.12908661e-033 4.27071720e-011
 4.73028673e+003 1.25282450e-032 2.91251568e-033 3.70161248e-011
 4.73560191e+003 8.83699079e-033 2.05438784e-033 3.20834486e-011
 4.74091710e+003 6.23330623e-033 1.44909380e-033 2.78080861e-011
 4.74623228e+003 4.39675673e-033 1.02214020e-033 2.41024463e-011
 4.75154746e+003 3.10131824e-033 7.20981909e-034 2.08906099e-011
 4.75686265e+003 2.18756096e-033 5.08555316e-034 1.81067744e-011
 4.76217783e+003 1.54302846e-033 3.58717010e-034 1.56939057e-011
 4.76749302e+003 1.08839781e-033 2.53026317e-034 1.36025700e-011
 4.77280820e+003 7.67717324e-034 1.78475815e-034 1.17899208e-011
 4.77812339e+003 5.41520601e-034 1.25890517e-034 1.02188209e-011
 4.78343857e+003 3.81969419e-034 8.87987040e-035 8.85708225e-012
 4.78875376e+003 2.69427658e-034 6.26354511e-035 7.67680585e-012
 4.79406894e+003 1.90044687e-034 4.41808195e-035 6.65381050e-012
 4.79938413e+003 1.34050757e-034 3.11635773e-035 5.76713729e-012
 4.80469931e+003 9.45546277e-035 2.19816770e-035 4.99862028e-012
 4.81001450e+003 6.66954630e-035 1.55050912e-035 4.33251422e-012
 4.81532968e+003 4.70446000e-035 1.09367381e-035 3.75517207e-012
 4.82064487e+003 3.31835815e-035 7.71438468e-036 3.25476534e-012
 4.82596005e+003 2.34065132e-035 5.44145144e-036 2.82104179e-012
 4.83127524e+003 1.65101182e-035 3.83820543e-036 2.44511536e-012
 4.83659042e+003 1.16456473e-035 2.70733293e-036 2.11928412e-012
 4.84190560e+003 8.21442322e-036 1.90965585e-036 1.83687250e-012
 4.84722079e+003 5.79416038e-036 1.34700295e-036 1.59209449e-012
 4.85253597e+003 4.08699347e-036 9.50127697e-037 1.37993510e-012
 4.85785116e+003 2.88281898e-036 6.70186084e-037 1.19604766e-012
 4.86316634e+003 2.03343735e-036 4.72725283e-037 1.03666469e-012
 4.86848153e+003 1.43431393e-036 3.33443496e-037 8.98520783e-013
 4.87379671e+003 1.01171371e-036 2.35199107e-037 7.78785659e-013
 4.87911190e+003 7.13626634e-037 1.65901031e-037 6.75006203e-013
 4.88442708e+003 5.03366680e-037 1.17020648e-037 5.85056194e-013
 4.88974227e+003 3.55056833e-037 8.25421752e-038 5.07092746e-013
 4.89505745e+003 2.50444377e-037 5.82222949e-038 4.39518555e-013
 4.90037264e+003 1.76654496e-037 4.10679219e-038 3.80949168e-013
 4.90568782e+003 1.24605755e-037 2.89678415e-038 3.30184624e-013
 4.91100301e+003 8.78924372e-038 2.04328780e-038 2.86184863e-013
 4.91631819e+003 6.19961775e-038 1.44126203e-038 2.48048425e-013
 4.92163338e+003 4.37298832e-038 1.01661462e-038 2.14993974e-013
 4.92694856e+003 3.08454934e-038 7.17083542e-039 1.86344295e-013
 4.93226374e+003 2.17573062e-038 5.05805047e-039 1.61512417e-013
 4.93757893e+003 1.53468245e-038 3.56776763e-039 1.39989586e-013
 4.94289411e+003 1.08251003e-038 2.51657550e-039 1.21334846e-013
 4.94820930e+003 7.63563802e-039 1.77510221e-039 1.05166000e-013
 4.95352448e+003 5.38590555e-039 1.25209352e-039 9.11517830e-014
 4.95883967e+003 3.79902485e-039 8.83181917e-040 7.90050734e-014
 4.96415485e+003 2.67969605e-039 6.22964888e-040 6.84770108e-014
 4.96947004e+003 1.89016160e-039 4.39417117e-040 5.93518973e-014
 4.97478522e+003 1.33325229e-039 3.09949094e-040 5.14427787e-014
 4.98010041e+003 9.40428404e-040 2.18626988e-040 4.45876139e-014
 4.98541559e+003 6.63344508e-040 1.54211646e-040 3.86459551e-014
 4.99073078e+003 4.67899454e-040 1.08775371e-040 3.34960701e-014
 4.99604596e+003 3.30039514e-040 7.67262499e-041 2.90324488e-014
 5.00136115e+003 2.32798050e-040 5.41199482e-041 2.51636411e-014
 5.00667633e+003 1.64207405e-040 3.81742728e-041 2.18103831e-014
 5.01199152e+003 1.15826021e-040 2.69267645e-041 1.89039738e-014
 5.01730670e+003 8.16995262e-041 1.89931751e-041 1.63848669e-014
 5.02262189e+003 5.76279191e-041 1.33971053e-041 1.42014514e-014
 5.02793707e+003 4.06486697e-041 9.44983818e-042 1.23089935e-014
 5.03325225e+003 2.86721155e-041 6.66557733e-042 1.06687210e-014
 5.03856744e+003 2.02242831e-041 4.70165947e-042 9.24702791e-015
 5.04388262e+003 1.42654848e-041 3.31638216e-042 8.01478692e-015
 5.04919781e+003 1.00623620e-041 2.33925717e-042 6.94675197e-015
 5.05451299e+003 7.09762967e-042 1.65002821e-042 6.02104129e-015
 5.05982818e+003 5.00641371e-042 1.16387079e-042 5.21868901e-015
 5.06514336e+003 3.53134489e-042 8.20952763e-043 4.52325664e-015
 5.07045855e+003 2.49088418e-042 5.79070670e-043 3.92049624e-015
 5.07577373e+003 1.75698047e-042 4.08455706e-043 3.39805852e-015
 5.08108892e+003 1.23931108e-042 2.88110023e-043 2.94523984e-015
 5.08640410e+003 8.74165642e-043 2.03222489e-043 2.55276289e-015
 5.09171929e+003 6.16605128e-043 1.43345864e-043 2.21258667e-015
 5.09703447e+003 4.34931169e-043 1.01111037e-043 1.91774166e-015
 5.10234966e+003 3.06784866e-043 7.13201036e-044 1.66218713e-015
 5.10766484e+003 2.16395054e-043 5.03066462e-044 1.44068730e-015
 5.11298003e+003 1.52637319e-043 3.54845061e-044 1.24870411e-015
 5.11829521e+003 1.07664897e-043 2.50294994e-044 1.08230422e-015
 5.12361039e+003 7.59429615e-044 1.76549122e-044 9.38078461e-016
 5.12892558e+003 5.35674446e-044 1.24531426e-044 8.13071946e-016
 5.13424076e+003 3.77845564e-044 8.78400071e-045 7.04723556e-016
 5.13955595e+003 2.66518725e-044 6.19591943e-045 6.10813463e-016
 5.14487113e+003 1.87992761e-044 4.37037961e-045 5.29417647e-016
 5.15018632e+003 1.32603359e-044 3.08270921e-045 4.58868478e-016
 5.15550150e+003 9.35336594e-045 2.17443265e-045 3.97720556e-016
 5.16081669e+003 6.59752927e-045 1.53376689e-045 3.44721086e-016
 5.16613187e+003 4.65366080e-045 1.08186422e-045 2.98784223e-016
 5.17144706e+003 3.28252562e-045 7.63108267e-046 2.58968818e-016
 5.17676224e+003 2.31537598e-045 5.38269234e-046 2.24459136e-016
 5.18207743e+003 1.63318327e-045 3.79675835e-046 1.94548147e-016
 5.18739261e+003 1.15198897e-045 2.67809733e-046 1.68623039e-016
 5.19270780e+003 8.12571755e-046 1.88903392e-046 1.46152660e-016
 5.19802298e+003 5.73159007e-046 1.33245686e-046 1.26676640e-016
 5.20333817e+003 4.04285831e-046 9.39867333e-047 1.09795957e-016
 5.20865335e+003 2.85168742e-046 6.62948747e-047 9.51647607e-017
 5.21396853e+003 2.01147815e-046 4.67620298e-047 8.24832894e-017
 5.21928372e+003 1.41882463e-046 3.29842606e-047 7.14917263e-017
 5.22459890e+003 1.00078807e-046 2.32659158e-047 6.19648776e-017
 5.22991409e+003 7.05920052e-047 1.64109436e-047 5.37075583e-017
 5.23522927e+003 4.97930716e-047 1.15756917e-047 4.65505933e-017
 5.24054446e+003 3.51222490e-047 8.16507825e-048 4.03473516e-017
 5.24585964e+003 2.47739762e-047 5.75935370e-048 3.49707418e-017
 5.25117483e+003 1.74746754e-047 4.06244178e-048 3.03106087e-017
 5.25649001e+003 1.23260100e-047 2.86550090e-048 2.62714758e-017
 5.26180520e+003 8.69432589e-048 2.02122168e-048 2.27705899e-017
 5.26712038e+003 6.13266603e-048 1.42569737e-048 1.97362253e-017
 5.27243557e+003 4.32576292e-048 1.00563585e-048 1.71062142e-017
 5.27775075e+003 3.05123820e-048 7.09339504e-049 1.48266733e-017
 5.28306594e+003 2.15223412e-048 5.00342676e-049 1.28508996e-017
 5.28838112e+003 1.51810885e-048 3.52923799e-049 1.11384137e-017
 5.29369631e+003 1.07081960e-048 2.48939805e-049 9.65413028e-018
 5.29901149e+003 7.55317785e-049 1.75593221e-049 8.36763961e-018
 5.30432668e+003 5.32774108e-049 1.23857168e-049 7.25258420e-018
 5.30964186e+003 3.75799770e-049 8.73644091e-050 6.28611891e-018
 5.31495704e+003 2.65075695e-049 6.16237245e-050 5.44844290e-018
 5.32027223e+003 1.86974900e-049 4.34671677e-050 4.72239398e-018
 5.32558741e+003 1.31885396e-049 3.06601830e-050 4.09309692e-018
 5.33090260e+003 9.30272339e-050 2.16265947e-050 3.54765877e-018
 5.33621778e+003 6.56180783e-050 1.52546252e-050 3.07490465e-018
 5.34153297e+003 4.62846418e-050 1.07600661e-050 2.66514882e-018
 5.34684815e+003 3.26475282e-050 7.58976519e-051 2.30999626e-018
 5.35216334e+003 2.30283969e-050 5.35354847e-051 2.00217064e-018
 5.35747852e+003 1.62434062e-050 3.77620131e-051 1.73536527e-018
 5.36279371e+003 1.14575168e-050 2.66359713e-051 1.50411386e-018
 5.36810889e+003 8.08172194e-051 1.87880600e-051 1.30367857e-018
 5.37342408e+003 5.70055714e-051 1.32524245e-051 1.12995289e-018
 5.37873926e+003 4.02096879e-051 9.34778546e-052 9.79377563e-019
 5.38405445e+003 2.83624734e-051 6.59359300e-052 8.48867610e-019
 5.38936963e+003 2.00058727e-051 4.65088430e-052 7.35749160e-019
 5.39468482e+003 1.41114259e-051 3.28056717e-052 6.37704655e-019
 5.40000000e+003 9.95369435e-052 2.31399456e-052 5.52725370e-019
