 0.00000000e+000 1.97608768e-015 0.00000000e+000 8.81971618e-004
 1.80000000e+000 1.96547375e-015 1.06139278e-017 8.42282895e-004
 3.60000000e+000 1.95491790e-015 2.11697829e-017 8.04380165e-004
 5.40000000e+000 1.94441978e-015 3.16678944e-017 7.68183058e-004
 7.20000000e+000 1.93397909e-015 4.21085895e-017 7.33614820e-004
 9.00000000e+000 1.92359548e-015 5.24921934e-017 7.00602153e-004
 1.08000000e+001 1.91326865e-015 6.28190291e-017 6.69075056e-004
 1.26000000e+001 1.90299826e-015 7.30894181e-017 6.38966679e-004
 1.44000000e+001 1.89278400e-015 8.33036794e-017 6.10213178e-004
 1.62000000e+001 1.88262555e-015 9.34621307e-017 5.82753585e-004
 1.80000000e+001 1.87252259e-015 1.03565087e-016 5.56529674e-004
 1.98000000e+001 1.86247481e-015 1.13612863e-016 5.31485838e-004
 2.16000000e+001 1.85248190e-015 1.23605769e-016 5.07568976e-004
 2.34000000e+001 1.84254356e-015 1.33544115e-016 4.84728372e-004
 2.52000000e+001 1.83265946e-015 1.43428210e-016 4.62915595e-004
 2.70000000e+001 1.82282931e-015 1.53258360e-016 4.42084393e-004
 2.88000000e+001 1.81305280e-015 1.63034868e-016 4.22190596e-004
 3.06000000e+001 1.80332963e-015 1.72758037e-016 4.03192019e-004
 3.24000000e+001 1.79365949e-015 1.82428169e-016 3.85048378e-004
 3.42000000e+001 1.78404210e-015 1.92045561e-016 3.67721201e-004
 3.60000000e+001 1.77447715e-015 2.01610511e-016 3.51173747e-004
 3.78000000e+001 1.76496434e-015 2.11123315e-016 3.35370928e-004
 3.96000000e+001 1.75550339e-015 2.20584265e-016 3.20279237e-004
 4.14000000e+001 1.74609399e-015 2.29993653e-016 3.05866671e-004
 4.32000000e+001 1.73673587e-015 2.39351770e-016 2.92102671e-004
 4.50000000e+001 1.72742874e-015 2.48658904e-016 2.78958051e-004
 4.68000000e+001 1.71817229e-015 2.57915341e-016 2.66404938e-004
 4.86000000e+001 1.70896626e-015 2.67121367e-016 2.54416716e-004
 5.04000000e+001 1.69981036e-015 2.76277264e-016 2.42967964e-004
 5.22000000e+001 1.69070431e-015 2.85383314e-016 2.32034405e-004
 5.40000000e+001 1.68164782e-015 2.94439797e-016 2.21592857e-004
 5.58000000e+001 1.67264062e-015 3.03446992e-016 2.11621179e-004
 5.76000000e+001 1.66368243e-015 3.12405173e-016 2.02098226e-004
 5.94000000e+001 1.65477298e-015 3.21314618e-016 1.93003805e-004
 6.12000000e+001 1.64591199e-015 3.30175598e-016 1.84318634e-004
 6.30000000e+001 1.63709919e-015 3.38988385e-016 1.76024296e-004
 6.48000000e+001 1.62833432e-015 3.47753250e-016 1.68103202e-004
 6.66000000e+001 1.61961710e-015 3.56470461e-016 1.60538558e-004
 6.84000000e+001 1.61094727e-015 3.65140284e-016 1.53314323e-004
 7.02000000e+001 1.60232456e-015 3.73762985e-016 1.46415179e-004
 7.20000000e+001 1.59374871e-015 3.82338828e-016 1.39826496e-004
 7.38000000e+001 1.58521945e-015 3.90868075e-016 1.33534303e-004
 7.56000000e+001 1.57673653e-015 3.99350987e-016 1.27525260e-004
 7.74000000e+001 1.56829968e-015 4.07787821e-016 1.21786623e-004
 7.92000000e+001 1.55990865e-015 4.16178837e-016 1.16306225e-004
 8.10000000e+001 1.55156319e-015 4.24524290e-016 1.11072445e-004
 8.28000000e+001 1.54326303e-015 4.32824435e-016 1.06074185e-004
 8.46000000e+001 1.53500793e-015 4.41079524e-016 1.01300846e-004
 8.64000000e+001 1.52679763e-015 4.49289809e-016 9.67423083e-005
 8.82000000e+001 1.51863189e-015 4.57455540e-016 9.23889045e-005
 9.00000000e+001 1.51051045e-015 4.65576966e-016 8.82314038e-005
 9.18000000e+001 1.50243306e-015 4.73654334e-016 8.42609906e-005
 9.36000000e+001 1.49439949e-015 4.81687889e-016 8.04692460e-005
 9.54000000e+001 1.48640949e-015 4.89677877e-016 7.68481300e-005
 9.72000000e+001 1.47846281e-015 4.97624538e-016 7.33899641e-005
 9.90000000e+001 1.47055922e-015 5.05528116e-016 7.00874157e-005
 1.00800000e+002 1.46269847e-015 5.13388850e-016 6.69334820e-005
 1.02600000e+002 1.45488032e-015 5.21206978e-016 6.39214753e-005
 1.04400000e+002 1.44710454e-015 5.28982737e-016 6.10450089e-005
 1.06200000e+002 1.43937090e-015 5.36716364e-016 5.82979835e-005
 1.08000000e+002 1.43167915e-015 5.44408093e-016 5.56745743e-005
 1.09800000e+002 1.42402906e-015 5.52058156e-016 5.31692184e-005
 1.11600000e+002 1.41642041e-015 5.59666786e-016 5.07766036e-005
 1.13400000e+002 1.40885296e-015 5.67234213e-016 4.84916564e-005
 1.15200000e+002 1.40132649e-015 5.74760666e-016 4.63095319e-005
 1.17000000e+002 1.39384076e-015 5.82246372e-016 4.42256030e-005
 1.18800000e+002 1.38639555e-015 5.89691557e-016 4.22354508e-005
 1.20600000e+002 1.37899064e-015 5.97096448e-016 4.03348555e-005
 1.22400000e+002 1.37162580e-015 6.04461267e-016 3.85197870e-005
 1.24200000e+002 1.36430080e-015 6.11786236e-016 3.67863966e-005
 1.26000000e+002 1.35701544e-015 6.19071577e-016 3.51310088e-005
 1.27800000e+002 1.34976948e-015 6.26317510e-016 3.35501134e-005
 1.29600000e+002 1.34256271e-015 6.33524253e-016 3.20403583e-005
 1.31400000e+002 1.33539491e-015 6.40692024e-016 3.05985422e-005
 1.33200000e+002 1.32826587e-015 6.47821038e-016 2.92216078e-005
 1.35000000e+002 1.32117537e-015 6.54911510e-016 2.79066354e-005
 1.36800000e+002 1.31412319e-015 6.61963654e-016 2.66508368e-005
 1.38600000e+002 1.30710914e-015 6.68977682e-016 2.54515492e-005
 1.40400000e+002 1.30013298e-015 6.75953805e-016 2.43062294e-005
 1.42200000e+002 1.29319453e-015 6.82892232e-016 2.32124491e-005
 1.44000000e+002 1.28629355e-015 6.89793173e-016 2.21678889e-005
 1.45800000e+002 1.27942986e-015 6.96656835e-016 2.11703339e-005
 1.47600000e+002 1.27260324e-015 7.03483423e-016 2.02176689e-005
 1.49400000e+002 1.26581349e-015 7.10273144e-016 1.93078738e-005
 1.51200000e+002 1.25906040e-015 7.17026200e-016 1.84390195e-005
 1.53000000e+002 1.25234377e-015 7.23742795e-016 1.76092636e-005
 1.54800000e+002 1.24566340e-015 7.30423129e-016 1.68168467e-005
 1.56600000e+002 1.23901909e-015 7.37067404e-016 1.60600886e-005
 1.58400000e+002 1.23241064e-015 7.43675818e-016 1.53373846e-005
 1.60200000e+002 1.22583785e-015 7.50248569e-016 1.46472023e-005
 1.62000000e+002 1.21930052e-015 7.56785855e-016 1.39880782e-005
 1.63800000e+002 1.21279847e-015 7.63287870e-016 1.33586147e-005
 1.65600000e+002 1.20633149e-015 7.69754810e-016 1.27574770e-005
 1.67400000e+002 1.19989939e-015 7.76186868e-016 1.21833906e-005
 1.69200000e+002 1.19350199e-015 7.82584237e-016 1.16351380e-005
 1.71000000e+002 1.18713907e-015 7.88947106e-016 1.11115568e-005
 1.72800000e+002 1.18081047e-015 7.95275668e-016 1.06115367e-005
 1.74600000e+002 1.17451599e-015 8.01570111e-016 1.01340176e-005
 1.76400000e+002 1.16825543e-015 8.07830622e-016 9.67798679e-006
 1.78200000e+002 1.16202862e-015 8.14057389e-016 9.24247738e-006
 1.80000000e+002 1.15583537e-015 8.20250598e-016 8.82656590e-006
 1.81800000e+002 1.14967549e-015 8.26410433e-016 8.42937044e-006
 1.83600000e+002 1.14354880e-015 8.32537078e-016 8.05004877e-006
 1.85400000e+002 1.13745511e-015 8.38630716e-016 7.68779657e-006
 1.87200000e+002 1.13139425e-015 8.44691529e-016 7.34184573e-006
 1.89000000e+002 1.12536604e-015 8.50719696e-016 7.01146267e-006
 1.90800000e+002 1.11937029e-015 8.56715397e-016 6.69594685e-006
 1.92600000e+002 1.11340683e-015 8.62678812e-016 6.39462924e-006
 1.94400000e+002 1.10747547e-015 8.68610117e-016 6.10687092e-006
 1.96200000e+002 1.10157605e-015 8.74509489e-016 5.83206173e-006
 1.98000000e+002 1.09570838e-015 8.80377103e-016 5.56961896e-006
 1.99800000e+002 1.08987230e-015 8.86213135e-016 5.31898610e-006
 2.01600000e+002 1.08406763e-015 8.92017756e-016 5.07963173e-006
 2.03400000e+002 1.07829419e-015 8.97791141e-016 4.85104830e-006
 2.05200000e+002 1.07255182e-015 9.03533459e-016 4.63275113e-006
 2.07000000e+002 1.06684034e-015 9.09244883e-016 4.42427733e-006
 2.08800000e+002 1.06115959e-015 9.14925581e-016 4.22518485e-006
 2.10600000e+002 1.05550939e-015 9.20575722e-016 4.03505153e-006
 2.12400000e+002 1.04988958e-015 9.26195473e-016 3.85347421e-006
 2.14200000e+002 1.04430000e-015 9.31785002e-016 3.68006787e-006
 2.16000000e+002 1.03874047e-015 9.37344474e-016 3.51446482e-006
 2.17800000e+002 1.03321083e-015 9.42874054e-016 3.35631390e-006
 2.19600000e+002 1.02771092e-015 9.48373905e-016 3.20527977e-006
 2.21400000e+002 1.02224057e-015 9.53844190e-016 3.06104218e-006
 2.23200000e+002 1.01679963e-015 9.59285073e-016 2.92329529e-006
 2.25000000e+002 1.01138793e-015 9.64696712e-016 2.79174700e-006
 2.26800000e+002 1.00600531e-015 9.70079270e-016 2.66611838e-006
 2.28600000e+002 1.00065161e-015 9.75432904e-016 2.54614306e-006
 2.30400000e+002 9.95326681e-016 9.80757774e-016 2.43156662e-006
 2.32200000e+002 9.90030355e-016 9.86054037e-016 2.32214612e-006
 2.34000000e+002 9.84762479e-016 9.91321848e-016 2.21764954e-006
 2.35800000e+002 9.79522897e-016 9.96561365e-016 2.11785532e-006
 2.37600000e+002 9.74311455e-016 1.00177274e-015 2.02255183e-006
 2.39400000e+002 9.69127998e-016 1.00695613e-015 1.93153699e-006
 2.41200000e+002 9.63972374e-016 1.01211169e-015 1.84461783e-006
 2.43000000e+002 9.58844431e-016 1.01723956e-015 1.76161003e-006
 2.44800000e+002 9.53744017e-016 1.02233991e-015 1.68233758e-006
 2.46600000e+002 9.48670981e-016 1.02741288e-015 1.60663238e-006
 2.48400000e+002 9.43625175e-016 1.03245861e-015 1.53433393e-006
 2.50200000e+002 9.38606449e-016 1.03747727e-015 1.46528890e-006
 2.52000000e+002 9.33614656e-016 1.04246899e-015 1.39935090e-006
 2.53800000e+002 9.28649648e-016 1.04743393e-015 1.33638011e-006
 2.55600000e+002 9.23711279e-016 1.05237222e-015 1.27624300e-006
 2.57400000e+002 9.18799404e-016 1.05728402e-015 1.21881207e-006
 2.59200000e+002 9.13913878e-016 1.06216948e-015 1.16396553e-006
 2.61000000e+002 9.09054557e-016 1.06702872e-015 1.11158708e-006
 2.62800000e+002 9.04221299e-016 1.07186190e-015 1.06156566e-006
 2.64600000e+002 8.99413961e-016 1.07666917e-015 1.01379520e-006
 2.66400000e+002 8.94632402e-016 1.08145065e-015 9.68174420e-007
 2.68200000e+002 8.89876481e-016 1.08620649e-015 9.24606571e-007
 2.70000000e+002 8.85146058e-016 1.09093684e-015 8.82999276e-007
 2.71800000e+002 8.80440996e-016 1.09564182e-015 8.43264308e-007
 2.73600000e+002 8.75761154e-016 1.10032158e-015 8.05317414e-007
 2.75400000e+002 8.71106396e-016 1.10497626e-015 7.69078131e-007
 2.77200000e+002 8.66476585e-016 1.10960599e-015 7.34469615e-007
 2.79000000e+002 8.61871586e-016 1.11421091e-015 7.01418482e-007
 2.80800000e+002 8.57291263e-016 1.11879115e-015 6.69854651e-007
 2.82600000e+002 8.52735481e-016 1.12334685e-015 6.39711191e-007
 2.84400000e+002 8.48204108e-016 1.12787814e-015 6.10924188e-007
 2.86200000e+002 8.43697010e-016 1.13238515e-015 5.83432599e-007
 2.88000000e+002 8.39214055e-016 1.13686802e-015 5.57178132e-007
 2.89800000e+002 8.34755112e-016 1.14132688e-015 5.32105116e-007
 2.91600000e+002 8.30320050e-016 1.14576186e-015 5.08160386e-007
 2.93400000e+002 8.25908739e-016 1.15017308e-015 4.85293169e-007
 2.95200000e+002 8.21521050e-016 1.15456068e-015 4.63454976e-007
 2.97000000e+002 8.17156855e-016 1.15892479e-015 4.42599502e-007
 2.98800000e+002 8.12816026e-016 1.16326553e-015 4.22682525e-007
 3.00600000e+002 8.08498435e-016 1.16758303e-015 4.03661811e-007
 3.02400000e+002 8.04203957e-016 1.17187742e-015 3.85497030e-007
 3.04200000e+002 7.99932466e-016 1.17614882e-015 3.68149663e-007
 3.06000000e+002 7.95683837e-016 1.18039736e-015 3.51582928e-007
 3.07800000e+002 7.91457946e-016 1.18462316e-015 3.35761697e-007
 3.09600000e+002 7.87254669e-016 1.18882634e-015 3.20652420e-007
 3.11400000e+002 7.83073883e-016 1.19300704e-015 3.06223061e-007
 3.13200000e+002 7.78915467e-016 1.19716536e-015 2.92443024e-007
 3.15000000e+002 7.74779298e-016 1.20130143e-015 2.79283087e-007
 3.16800000e+002 7.70665257e-016 1.20541538e-015 2.66715349e-007
 3.18600000e+002 7.66573222e-016 1.20950732e-015 2.54713158e-007
 3.20400000e+002 7.62503075e-016 1.21357737e-015 2.43251066e-007
 3.22200000e+002 7.58454697e-016 1.21762565e-015 2.32304768e-007
 3.24000000e+002 7.54427969e-016 1.22165228e-015 2.21851053e-007
 3.25800000e+002 7.50422775e-016 1.22565737e-015 2.11867756e-007
 3.27600000e+002 7.46438997e-016 1.22964105e-015 2.02333707e-007
 3.29400000e+002 7.42476520e-016 1.23360343e-015 1.93228690e-007
 3.31200000e+002 7.38535227e-016 1.23754462e-015 1.84533399e-007
 3.33000000e+002 7.34615004e-016 1.24146475e-015 1.76229396e-007
 3.34800000e+002 7.30715737e-016 1.24536391e-015 1.68299073e-007
 3.36600000e+002 7.26837312e-016 1.24924223e-015 1.60725615e-007
 3.38400000e+002 7.22979616e-016 1.25309983e-015 1.53492962e-007
 3.40200000e+002 7.19142538e-016 1.25693680e-015 1.46585779e-007
 3.42000000e+002 7.15325964e-016 1.26075327e-015 1.39989419e-007
 3.43800000e+002 7.11529785e-016 1.26454935e-015 1.33689895e-007
 3.45600000e+002 7.07753889e-016 1.26832514e-015 1.27673850e-007
 3.47400000e+002 7.03998167e-016 1.27208075e-015 1.21928527e-007
 3.49200000e+002 7.00262510e-016 1.27581630e-015 1.16441743e-007
 3.51000000e+002 6.96546809e-016 1.27953190e-015 1.11201864e-007
 3.52800000e+002 6.92850956e-016 1.28322764e-015 1.06197781e-007
 3.54600000e+002 6.89174843e-016 1.28690365e-015 1.01418880e-007
 3.56400000e+002 6.85518364e-016 1.29056002e-015 9.68550308e-008
 3.58200000e+002 6.81881413e-016 1.29419686e-015 9.24965544e-008
 3.60000000e+002 6.78263883e-016 1.29781428e-015 8.83342095e-008
 3.61800000e+002 6.74665671e-016 1.30141238e-015 8.43591700e-008
 3.63600000e+002 6.71086671e-016 1.30499127e-015 8.05630074e-008
 3.65400000e+002 6.67526779e-016 1.30855105e-015 7.69376721e-008
 3.67200000e+002 6.63985892e-016 1.31209182e-015 7.34754768e-008
 3.69000000e+002 6.60463908e-016 1.31561369e-015 7.01690804e-008
 3.70800000e+002 6.56960724e-016 1.31911676e-015 6.70114717e-008
 3.72600000e+002 6.53476239e-016 1.32260113e-015 6.39959555e-008
 3.74400000e+002 6.50010351e-016 1.32606691e-015 6.11161375e-008
 3.76200000e+002 6.46562961e-016 1.32951418e-015 5.83659113e-008
 3.78000000e+002 6.43133967e-016 1.33294306e-015 5.57394453e-008
 3.79800000e+002 6.39723272e-016 1.33635364e-015 5.32311703e-008
 3.81600000e+002 6.36330775e-016 1.33974602e-015 5.08357676e-008
 3.83400000e+002 6.32956379e-016 1.34312030e-015 4.85481581e-008
 3.85200000e+002 6.29599986e-016 1.34647657e-015 4.63634910e-008
 3.87000000e+002 6.26261499e-016 1.34981494e-015 4.42771339e-008
 3.88800000e+002 6.22940821e-016 1.35313550e-015 4.22846629e-008
 3.90600000e+002 6.19637855e-016 1.35643834e-015 4.03818530e-008
 3.92400000e+002 6.16352507e-016 1.35972357e-015 3.85646696e-008
 3.94200000e+002 6.13084682e-016 1.36299127e-015 3.68292595e-008
 3.96000000e+002 6.09834284e-016 1.36624155e-015 3.51719428e-008
 3.97800000e+002 6.06601219e-016 1.36947449e-015 3.35892054e-008
 3.99600000e+002 6.03385395e-016 1.37269019e-015 3.20776912e-008
 4.01400000e+002 6.00186718e-016 1.37588874e-015 3.06341951e-008
 4.03200000e+002 5.97005096e-016 1.37907024e-015 2.92556563e-008
 4.05000000e+002 5.93840437e-016 1.38223478e-015 2.79391518e-008
 4.06800000e+002 5.90692649e-016 1.38538244e-015 2.66818899e-008
 4.08600000e+002 5.87561641e-016 1.38851332e-015 2.54812049e-008
 4.10400000e+002 5.84447323e-016 1.39162751e-015 2.43345507e-008
 4.12200000e+002 5.81349606e-016 1.39472510e-015 2.32394959e-008
 4.14000000e+002 5.78268398e-016 1.39780618e-015 2.21937186e-008
 4.15800000e+002 5.75203612e-016 1.40087084e-015 2.11950012e-008
 4.17600000e+002 5.72155159e-016 1.40391916e-015 2.02412262e-008
 4.19400000e+002 5.69122952e-016 1.40695124e-015 1.93303710e-008
 4.21200000e+002 5.66106901e-016 1.40996716e-015 1.84605043e-008
 4.23000000e+002 5.63106921e-016 1.41296701e-015 1.76297816e-008
 4.24800000e+002 5.60122925e-016 1.41595088e-015 1.68364415e-008
 4.26600000e+002 5.57154827e-016 1.41891884e-015 1.60788016e-008
 4.28400000e+002 5.54202542e-016 1.42187100e-015 1.53552555e-008
 4.30200000e+002 5.51265983e-016 1.42480742e-015 1.46642690e-008
 4.32000000e+002 5.48345067e-016 1.42772821e-015 1.40043769e-008
 4.33800000e+002 5.45439709e-016 1.43063343e-015 1.33741800e-008
 4.35600000e+002 5.42549826e-016 1.43352318e-015 1.27723419e-008
 4.37400000e+002 5.39675334e-016 1.43639754e-015 1.21975865e-008
 4.39200000e+002 5.36816150e-016 1.43925658e-015 1.16486951e-008
 4.41000000e+002 5.33972193e-016 1.44210041e-015 1.11245038e-008
 4.42800000e+002 5.31143380e-016 1.44492908e-015 1.06239011e-008
 4.44600000e+002 5.28329629e-016 1.44774270e-015 1.01458256e-008
 4.46400000e+002 5.25530860e-016 1.45054133e-015 9.68926344e-009
 4.48200000e+002 5.22746993e-016 1.45332506e-015 9.25324659e-009
 4.50000000e+002 5.19977946e-016 1.45609396e-015 8.83685049e-009
 4.51800000e+002 5.17223641e-016 1.45884813e-015 8.43919222e-009
 4.53600000e+002 5.14483998e-016 1.46158763e-015 8.05942857e-009
 4.55400000e+002 5.11758938e-016 1.46431255e-015 7.69675429e-009
 4.57200000e+002 5.09048382e-016 1.46702297e-015 7.35040035e-009
 4.59000000e+002 5.06352254e-016 1.46971896e-015 7.01963233e-009
 4.60800000e+002 5.03670475e-016 1.47240059e-015 6.70374888e-009
 4.62600000e+002 5.01002969e-016 1.47506796e-015 6.40208018e-009
 4.64400000e+002 4.98349658e-016 1.47772113e-015 6.11398657e-009
 4.66200000e+002 4.95710466e-016 1.48036017e-015 5.83885718e-009
 4.68000000e+002 4.93085318e-016 1.48298518e-015 5.57610861e-009
 4.69800000e+002 4.90474138e-016 1.48559621e-015 5.32518372e-009
 4.71600000e+002 4.87876851e-016 1.48819336e-015 5.08555046e-009
 4.73400000e+002 4.85293382e-016 1.49077668e-015 4.85670069e-009
 4.75200000e+002 4.82723658e-016 1.49334626e-015 4.63814916e-009
 4.77000000e+002 4.80167604e-016 1.49590217e-015 4.42943245e-009
 4.78800000e+002 4.77625147e-016 1.49844448e-015 4.23010799e-009
 4.80600000e+002 4.75096214e-016 1.50097326e-015 4.03975313e-009
 4.82400000e+002 4.72580732e-016 1.50348860e-015 3.85796424e-009
 4.84200000e+002 4.70078630e-016 1.50599055e-015 3.68435585e-009
 4.86000000e+002 4.67589835e-016 1.50847920e-015 3.51855984e-009
 4.87800000e+002 4.65114277e-016 1.51095461e-015 3.36022465e-009
 4.89600000e+002 4.62651883e-016 1.51341685e-015 3.20901454e-009
 4.91400000e+002 4.60202584e-016 1.51586600e-015 3.06460889e-009
 4.93200000e+002 4.57766309e-016 1.51830212e-015 2.92670149e-009
 4.95000000e+002 4.55342988e-016 1.52072529e-015 2.79499992e-009
 4.96800000e+002 4.52932552e-016 1.52313558e-015 2.66922493e-009
 4.98600000e+002 4.50534931e-016 1.52553305e-015 2.54910981e-009
 5.00400000e+002 4.48150058e-016 1.52791777e-015 2.43439987e-009
 5.02200000e+002 4.45777863e-016 1.53028981e-015 2.32485187e-009
 5.04000000e+002 4.43418279e-016 1.53264924e-015 2.22023354e-009
 5.05800000e+002 4.41071238e-016 1.53499613e-015 2.12032303e-009
 5.07600000e+002 4.38736673e-016 1.53733054e-015 2.02490850e-009
 5.09400000e+002 4.36414516e-016 1.53965254e-015 1.93378762e-009
 5.11200000e+002 4.34104703e-016 1.54196220e-015 1.84676717e-009
 5.13000000e+002 4.31807165e-016 1.54425958e-015 1.76366265e-009
 5.14800000e+002 4.29521838e-016 1.54654475e-015 1.68429783e-009
 5.16600000e+002 4.27248656e-016 1.54881778e-015 1.60850443e-009
 5.18400000e+002 4.24987554e-016 1.55107872e-015 1.53612173e-009
 5.20200000e+002 4.22738467e-016 1.55332765e-015 1.46699626e-009
 5.22000000e+002 4.20501331e-016 1.55556463e-015 1.40098143e-009
 5.23800000e+002 4.18276082e-016 1.55778972e-015 1.33793726e-009
 5.25600000e+002 4.16062656e-016 1.56000298e-015 1.27773009e-009
 5.27400000e+002 4.13860990e-016 1.56220449e-015 1.22023223e-009
 5.29200000e+002 4.11671021e-016 1.56439430e-015 1.16532179e-009
 5.31000000e+002 4.09492687e-016 1.56657247e-015 1.11288231e-009
 5.32800000e+002 4.07325924e-016 1.56873908e-015 1.06280260e-009
 5.34600000e+002 4.05170672e-016 1.57089417e-015 1.01497649e-009
 5.36400000e+002 4.03026867e-016 1.57303781e-015 9.69302547e-010
 5.38200000e+002 4.00894451e-016 1.57517006e-015 9.25683933e-010
 5.40000000e+002 3.98773360e-016 1.57729099e-015 8.84028157e-010
 5.41800000e+002 3.96663535e-016 1.57940066e-015 8.44246891e-010
 5.43600000e+002 3.94564915e-016 1.58149911e-015 8.06255782e-010
 5.45400000e+002 3.92477440e-016 1.58358642e-015 7.69974273e-010
 5.47200000e+002 3.90401051e-016 1.58566265e-015 7.35325432e-010
 5.49000000e+002 3.88335689e-016 1.58772784e-015 7.02235788e-010
 5.50800000e+002 3.86281294e-016 1.58978207e-015 6.70635179e-010
 5.52600000e+002 3.84237807e-016 1.59182540e-015 6.40456597e-010
 5.54400000e+002 3.82205171e-016 1.59385787e-015 6.11636051e-010
 5.56200000e+002 3.80183328e-016 1.59587954e-015 5.84112430e-010
 5.58000000e+002 3.78172219e-016 1.59789049e-015 5.57827371e-010
 5.59800000e+002 3.76171787e-016 1.59989075e-015 5.32725141e-010
 5.61600000e+002 3.74181975e-016 1.60188039e-015 5.08752510e-010
 5.63400000e+002 3.72202727e-016 1.60385947e-015 4.85858648e-010
 5.65200000e+002 3.70233986e-016 1.60582805e-015 4.63995010e-010
 5.67000000e+002 3.68275695e-016 1.60778617e-015 4.43115236e-010
 5.68800000e+002 3.66327799e-016 1.60973390e-015 4.23175051e-010
 5.70600000e+002 3.64390242e-016 1.61167128e-015 4.04132175e-010
 5.72400000e+002 3.62462969e-016 1.61359839e-015 3.85946228e-010
 5.74200000e+002 3.60545926e-016 1.61551526e-015 3.68578648e-010
 5.76000000e+002 3.58639056e-016 1.61742196e-015 3.51992610e-010
 5.77800000e+002 3.56742307e-016 1.61931854e-015 3.36152944e-010
 5.79600000e+002 3.54855624e-016 1.62120505e-015 3.21026062e-010
 5.81400000e+002 3.52978952e-016 1.62308155e-015 3.06579890e-010
 5.83200000e+002 3.51112240e-016 1.62494809e-015 2.92783796e-010
 5.85000000e+002 3.49255432e-016 1.62680472e-015 2.79608526e-010
 5.86800000e+002 3.47408478e-016 1.62865150e-015 2.67026144e-010
 5.88600000e+002 3.45571323e-016 1.63048848e-015 2.55009968e-010
 5.90400000e+002 3.43743916e-016 1.63231572e-015 2.43534520e-010
 5.92200000e+002 3.41926204e-016 1.63413325e-015 2.32575468e-010
 5.94000000e+002 3.40118136e-016 1.63594115e-015 2.22109573e-010
 5.95800000e+002 3.38319660e-016 1.63773945e-015 2.12114643e-010
 5.97600000e+002 3.36530725e-016 1.63952821e-015 2.02569485e-010
 5.99400000e+002 3.34751281e-016 1.64130748e-015 1.93453859e-010
 6.01200000e+002 3.32981275e-016 1.64307731e-015 1.84748436e-010
 6.03000000e+002 3.31220659e-016 1.64483774e-015 1.76434757e-010
 6.04800000e+002 3.29469382e-016 1.64658885e-015 1.68495194e-010
 6.06600000e+002 3.27727393e-016 1.64833066e-015 1.60912911e-010
 6.08400000e+002 3.25994644e-016 1.65006323e-015 1.53671831e-010
 6.10200000e+002 3.24271085e-016 1.65178661e-015 1.46756600e-010
 6.12000000e+002 3.22556668e-016 1.65350085e-015 1.40152553e-010
 6.13800000e+002 3.20851342e-016 1.65520599e-015 1.33845689e-010
 6.15600000e+002 3.19155060e-016 1.65690210e-015 1.27822634e-010
 6.17400000e+002 3.17467774e-016 1.65858920e-015 1.22070617e-010
 6.19200000e+002 3.15789436e-016 1.66026736e-015 1.16577440e-010
 6.21000000e+002 3.14119997e-016 1.66193662e-015 1.11331456e-010
 6.22800000e+002 3.12459411e-016 1.66359703e-015 1.06321541e-010
 6.24600000e+002 3.10807629e-016 1.66524863e-015 1.01537072e-010
 6.26400000e+002 3.09164606e-016 1.66689147e-015 9.69679050e-011
 6.28200000e+002 3.07530294e-016 1.66852560e-015 9.26043501e-011
 6.30000000e+002 3.05904648e-016 1.67015106e-015 8.84371552e-011
 6.31800000e+002 3.04287620e-016 1.67176791e-015 8.44574840e-011
 6.33600000e+002 3.02679164e-016 1.67337618e-015 8.06568980e-011
 6.35400000e+002 3.01079236e-016 1.67497592e-015 7.70273384e-011
 6.37200000e+002 2.99487790e-016 1.67656719e-015 7.35611090e-011
 6.39000000e+002 2.97904780e-016 1.67815001e-015 7.02508598e-011
 6.40800000e+002 2.96330161e-016 1.67972445e-015 6.70895719e-011
 6.42600000e+002 2.94763889e-016 1.68129054e-015 6.40705420e-011
 6.44400000e+002 2.93205919e-016 1.68284832e-015 6.11873684e-011
 6.46200000e+002 2.91656208e-016 1.68439785e-015 5.84339376e-011
 6.48000000e+002 2.90114710e-016 1.68593916e-015 5.58044111e-011
 6.49800000e+002 2.88581382e-016 1.68747230e-015 5.32932134e-011
 6.51600000e+002 2.87056181e-016 1.68899732e-015 5.08950196e-011
 6.53400000e+002 2.85539063e-016 1.69051425e-015 4.86047444e-011
 6.55200000e+002 2.84029985e-016 1.69202314e-015 4.64175317e-011
 6.57000000e+002 2.82528905e-016 1.69352403e-015 4.43287435e-011
 6.58800000e+002 2.81035780e-016 1.69501697e-015 4.23339508e-011
 6.60600000e+002 2.79550567e-016 1.69650199e-015 4.04289238e-011
 6.62400000e+002 2.78073224e-016 1.69797915e-015 3.86096229e-011
 6.64200000e+002 2.76603709e-016 1.69944847e-015 3.68721906e-011
 6.66000000e+002 2.75141981e-016 1.70091001e-015 3.52129428e-011
 6.67800000e+002 2.73687998e-016 1.70236381e-015 3.36283611e-011
 6.69600000e+002 2.72241720e-016 1.70380990e-015 3.21150855e-011
 6.71400000e+002 2.70803104e-016 1.70524832e-015 3.06699074e-011
 6.73200000e+002 2.69372110e-016 1.70667913e-015 2.92897623e-011
 6.75000000e+002 2.67948697e-016 1.70810235e-015 2.79717237e-011
 6.76800000e+002 2.66532826e-016 1.70951803e-015 2.67129968e-011
 6.78600000e+002 2.65124455e-016 1.71092621e-015 2.55109127e-011
 6.80400000e+002 2.63723545e-016 1.71232693e-015 2.43629223e-011
 6.82200000e+002 2.62330057e-016 1.71372022e-015 2.32665915e-011
 6.84000000e+002 2.60943951e-016 1.71510614e-015 2.22195956e-011
 6.85800000e+002 2.59565187e-016 1.71648471e-015 2.12197145e-011
 6.87600000e+002 2.58193726e-016 1.71785598e-015 2.02648280e-011
 6.89400000e+002 2.56829530e-016 1.71921998e-015 1.93529114e-011
 6.91200000e+002 2.55472559e-016 1.72057676e-015 1.84820311e-011
 6.93000000e+002 2.54122776e-016 1.72192635e-015 1.76503404e-011
 6.94800000e+002 2.52780142e-016 1.72326879e-015 1.68560757e-011
 6.96600000e+002 2.51444620e-016 1.72460412e-015 1.60975530e-011
 6.98400000e+002 2.50116170e-016 1.72593237e-015 1.53731637e-011
 7.00200000e+002 2.48794756e-016 1.72725359e-015 1.46813720e-011
 7.02000000e+002 2.47480340e-016 1.72856781e-015 1.40207110e-011
 7.03800000e+002 2.46172885e-016 1.72987507e-015 1.33897796e-011
 7.05600000e+002 2.44872354e-016 1.73117541e-015 1.27872402e-011
 7.07400000e+002 2.43578710e-016 1.73246885e-015 1.22118150e-011
 7.09200000e+002 2.42291917e-016 1.73375545e-015 1.16622840e-011
 7.11000000e+002 2.41011937e-016 1.73503523e-015 1.11374818e-011
 7.12800000e+002 2.39738735e-016 1.73630824e-015 1.06362958e-011
 7.14600000e+002 2.38472275e-016 1.73757450e-015 1.01576631e-011
 7.16400000e+002 2.37212521e-016 1.73883406e-015 9.70056890e-012
 7.18200000e+002 2.35959436e-016 1.74008695e-015 9.26404393e-012
 7.20000000e+002 2.34712987e-016 1.74133320e-015 8.84716257e-012
 7.21800000e+002 2.33473137e-016 1.74257285e-015 8.44904087e-012
 7.23600000e+002 2.32239851e-016 1.74380594e-015 8.06883465e-012
 7.25400000e+002 2.31013095e-016 1.74503249e-015 7.70573770e-012
 7.27200000e+002 2.29792833e-016 1.74625256e-015 7.35898012e-012
 7.29000000e+002 2.28579031e-016 1.74746616e-015 7.02782662e-012
 7.30800000e+002 2.27371656e-016 1.74867334e-015 6.71157502e-012
 7.32600000e+002 2.26170671e-016 1.74987412e-015 6.40955474e-012
 7.34400000e+002 2.24976045e-016 1.75106855e-015 6.12112538e-012
 7.36200000e+002 2.23787742e-016 1.75225665e-015 5.84567533e-012
 7.38000000e+002 2.22605730e-016 1.75343846e-015 5.58262053e-012
 7.39800000e+002 2.21429975e-016 1.75461401e-015 5.33140319e-012
 7.41600000e+002 2.20260443e-016 1.75578335e-015 5.09149063e-012
 7.43400000e+002 2.19097102e-016 1.75694649e-015 4.86237413e-012
 7.45200000e+002 2.17939918e-016 1.75810347e-015 4.64356787e-012
 7.47000000e+002 2.16788859e-016 1.75925432e-015 4.43460789e-012
 7.48800000e+002 2.15643893e-016 1.76039909e-015 4.23505111e-012
 7.50600000e+002 2.14504986e-016 1.76153779e-015 4.04447438e-012
 7.52400000e+002 2.13372107e-016 1.76267047e-015 3.86247360e-012
 7.54200000e+002 2.12245224e-016 1.76379715e-015 3.68866285e-012
 7.56000000e+002 2.11124305e-016 1.76491786e-015 3.52267358e-012
 7.57800000e+002 2.10009318e-016 1.76603265e-015 3.36415382e-012
 7.59600000e+002 2.08900232e-016 1.76714153e-015 3.21276745e-012
 7.61400000e+002 2.07797015e-016 1.76824454e-015 3.06819347e-012
 7.63200000e+002 2.06699637e-016 1.76934172e-015 2.93012531e-012
 7.65000000e+002 2.05608065e-016 1.77043308e-015 2.79827022e-012
 7.66800000e+002 2.04522270e-016 1.77151867e-015 2.67234860e-012
 7.68600000e+002 2.03442221e-016 1.77259852e-015 2.55209345e-012
 7.70400000e+002 2.02367887e-016 1.77367265e-015 2.43724978e-012
 7.72200000e+002 2.01299237e-016 1.77474109e-015 2.32757407e-012
 7.74000000e+002 2.00236243e-016 1.77580388e-015 2.22283377e-012
 7.75800000e+002 1.99178873e-016 1.77686104e-015 2.12280678e-012
 7.77600000e+002 1.98127097e-016 1.77791261e-015 2.02728100e-012
 7.79400000e+002 1.97080887e-016 1.77895862e-015 1.93605388e-012
 7.81200000e+002 1.96040212e-016 1.77999908e-015 1.84893197e-012
 7.83000000e+002 1.95005044e-016 1.78103405e-015 1.76573055e-012
 7.84800000e+002 1.93975352e-016 1.78206353e-015 1.68627319e-012
 7.86600000e+002 1.92951108e-016 1.78308757e-015 1.61039141e-012
 7.88400000e+002 1.91932283e-016 1.78410618e-015 1.53792430e-012
 7.90200000e+002 1.90918848e-016 1.78511941e-015 1.46871821e-012
 7.92000000e+002 1.89910775e-016 1.78612728e-015 1.40262640e-012
 7.93800000e+002 1.88908035e-016 1.78712981e-015 1.33950871e-012
 7.95600000e+002 1.87910600e-016 1.78812703e-015 1.27923132e-012
 7.97400000e+002 1.86918441e-016 1.78911898e-015 1.22166640e-012
 7.99200000e+002 1.85931531e-016 1.79010568e-015 1.16669191e-012
 8.01000000e+002 1.84949842e-016 1.79108716e-015 1.11419126e-012
 8.02800000e+002 1.83973347e-016 1.79206345e-015 1.06405314e-012
 8.04600000e+002 1.83002016e-016 1.79303457e-015 1.01617123e-012
 8.06400000e+002 1.82035825e-016 1.79400055e-015 9.70444011e-013
 8.08200000e+002 1.81074744e-016 1.79496142e-015 9.26774510e-013
 8.10000000e+002 1.80118747e-016 1.79591721e-015 8.85070135e-013
 8.11800000e+002 1.79167806e-016 1.79686794e-015 8.45242453e-013
 8.13600000e+002 1.78221896e-016 1.79781364e-015 8.07207015e-013
 8.15400000e+002 1.77280990e-016 1.79875433e-015 7.70883169e-013
 8.17200000e+002 1.76345060e-016 1.79969005e-015 7.36193893e-013
 8.19000000e+002 1.75414081e-016 1.80062082e-015 7.03065633e-013
 8.20800000e+002 1.74488027e-016 1.80154666e-015 6.71428142e-013
 8.22600000e+002 1.73566870e-016 1.80246761e-015 6.41214335e-013
 8.24400000e+002 1.72650586e-016 1.80338368e-015 6.12360147e-013
 8.26200000e+002 1.71739148e-016 1.80429490e-015 5.84804396e-013
 8.28000000e+002 1.70832531e-016 1.80520131e-015 5.58488650e-013
 8.29800000e+002 1.69930710e-016 1.80610292e-015 5.33357111e-013
 8.31600000e+002 1.69033658e-016 1.80699975e-015 5.09356489e-013
 8.33400000e+002 1.68141350e-016 1.80789185e-015 4.86435893e-013
 8.35200000e+002 1.67253763e-016 1.80877922e-015 4.64546720e-013
 8.37000000e+002 1.66370869e-016 1.80966190e-015 4.43642559e-013
 8.38800000e+002 1.65492645e-016 1.81053991e-015 4.23679082e-013
 8.40600000e+002 1.64619067e-016 1.81141328e-015 4.04613959e-013
 8.42400000e+002 1.63750108e-016 1.81228202e-015 3.86406765e-013
 8.44200000e+002 1.62885745e-016 1.81314617e-015 3.69018892e-013
 8.46000000e+002 1.62025954e-016 1.81400575e-015 3.52413471e-013
 8.47800000e+002 1.61170710e-016 1.81486077e-015 3.36555292e-013
 8.49600000e+002 1.60319990e-016 1.81571128e-015 3.21410729e-013
 8.51400000e+002 1.59473768e-016 1.81655729e-015 3.06947668e-013
 8.53200000e+002 1.58632023e-016 1.81739882e-015 2.93135443e-013
 8.55000000e+002 1.57794729e-016 1.81823589e-015 2.79944766e-013
 8.56800000e+002 1.56961864e-016 1.81906854e-015 2.67347668e-013
 8.58600000e+002 1.56133403e-016 1.81989679e-015 2.55317436e-013
 8.60400000e+002 1.55309324e-016 1.82072065e-015 2.43828563e-013
 8.62200000e+002 1.54489604e-016 1.82154015e-015 2.32856687e-013
 8.64000000e+002 1.53674219e-016 1.82235532e-015 2.22378543e-013
 8.65800000e+002 1.52863147e-016 1.82316618e-015 2.12371914e-013
 8.67600000e+002 1.52056364e-016 1.82397274e-015 2.02815580e-013
 8.69400000e+002 1.51253848e-016 1.82477504e-015 1.93689280e-013
 8.71200000e+002 1.50455577e-016 1.82557310e-015 1.84973661e-013
 8.73000000e+002 1.49661529e-016 1.82636693e-015 1.76650243e-013
 8.74800000e+002 1.48871680e-016 1.82715656e-015 1.68701376e-013
 8.76600000e+002 1.48086009e-016 1.82794201e-015 1.61110206e-013
 8.78400000e+002 1.47304493e-016 1.82872331e-015 1.53860637e-013
 8.80200000e+002 1.46527111e-016 1.82950047e-015 1.46937297e-013
 8.82000000e+002 1.45753842e-016 1.83027352e-015 1.40325504e-013
 8.83800000e+002 1.44984662e-016 1.83104248e-015 1.34011241e-013
 8.85600000e+002 1.44219551e-016 1.83180737e-015 1.27981117e-013
 8.87400000e+002 1.43458488e-016 1.83256822e-015 1.22222347e-013
 8.89200000e+002 1.42701450e-016 1.83332504e-015 1.16722719e-013
 8.91000000e+002 1.41948417e-016 1.83407785e-015 1.11470573e-013
 8.92800000e+002 1.41199368e-016 1.83482668e-015 1.06454771e-013
 8.94600000e+002 1.40454281e-016 1.83557155e-015 1.01664678e-013
 8.96400000e+002 1.39713136e-016 1.83631247e-015 9.70901379e-014
 8.98200000e+002 1.38975913e-016 1.83704948e-015 9.27214498e-014
 9.00000000e+002 1.38242589e-016 1.83778258e-015 8.85493507e-014
 9.01800000e+002 1.37513146e-016 1.83851180e-015 8.45649942e-014
 9.03600000e+002 1.36787562e-016 1.83923716e-015 8.07599318e-014
 9.05400000e+002 1.36065818e-016 1.83995869e-015 7.71260952e-014
 9.07200000e+002 1.35347893e-016 1.84067639e-015 7.36557794e-014
 9.09000000e+002 1.34633766e-016 1.84139030e-015 7.03416260e-014
 9.10800000e+002 1.33923419e-016 1.84210042e-015 6.71766075e-014
 9.12600000e+002 1.33216831e-016 1.84280679e-015 6.41540130e-014
 9.14400000e+002 1.32513983e-016 1.84350942e-015 6.12674334e-014
 9.16200000e+002 1.31814855e-016 1.84420832e-015 5.85107480e-014
 9.18000000e+002 1.31119427e-016 1.84490353e-015 5.58781116e-014
 9.19800000e+002 1.30427681e-016 1.84559505e-015 5.33639420e-014
 9.21600000e+002 1.29739596e-016 1.84628291e-015 5.09629083e-014
 9.23400000e+002 1.29055155e-016 1.84696713e-015 4.86699192e-014
 9.25200000e+002 1.28374336e-016 1.84764773e-015 4.64801128e-014
 9.27000000e+002 1.27697123e-016 1.84832472e-015 4.43888459e-014
 9.28800000e+002 1.27023496e-016 1.84899812e-015 4.23916842e-014
 9.30600000e+002 1.26353436e-016 1.84966796e-015 4.04843931e-014
 9.32400000e+002 1.25686924e-016 1.85033425e-015 3.86629282e-014
 9.34200000e+002 1.25023943e-016 1.85099701e-015 3.69234276e-014
 9.36000000e+002 1.24364473e-016 1.85165625e-015 3.52622027e-014
 9.37800000e+002 1.23708497e-016 1.85231200e-015 3.36757311e-014
 9.39600000e+002 1.23055997e-016 1.85296428e-015 3.21606491e-014
 9.41400000e+002 1.22406953e-016 1.85361310e-015 3.07137440e-014
 9.43200000e+002 1.21761349e-016 1.85425848e-015 2.93319480e-014
 9.45000000e+002 1.21119167e-016 1.85490044e-015 2.80123310e-014
 9.46800000e+002 1.20480388e-016 1.85553899e-015 2.67520951e-014
 9.48600000e+002 1.19844996e-016 1.85617416e-015 2.55485682e-014
 9.50400000e+002 1.19212972e-016 1.85680596e-015 2.43991983e-014
 9.52200000e+002 1.18584299e-016 1.85743440e-015 2.33015483e-014
 9.54000000e+002 1.17958961e-016 1.85805952e-015 2.22532910e-014
 9.55800000e+002 1.17336939e-016 1.85868131e-015 2.12522035e-014
 9.57600000e+002 1.16718217e-016 1.85929981e-015 2.02961634e-014
 9.59400000e+002 1.16102778e-016 1.85991502e-015 1.93831434e-014
 9.61200000e+002 1.15490604e-016 1.86052697e-015 1.85112077e-014
 9.63000000e+002 1.14881680e-016 1.86113567e-015 1.76785075e-014
 9.64800000e+002 1.14275988e-016 1.86174114e-015 1.68832771e-014
 9.66600000e+002 1.13673512e-016 1.86234339e-015 1.61238306e-014
 9.68400000e+002 1.13074236e-016 1.86294244e-015 1.53985575e-014
 9.70200000e+002 1.12478143e-016 1.86353830e-015 1.47059202e-014
 9.72000000e+002 1.11885217e-016 1.86413100e-015 1.40444499e-014
 9.73800000e+002 1.11295441e-016 1.86472055e-015 1.34127442e-014
 9.75600000e+002 1.10708801e-016 1.86530696e-015 1.28094637e-014
 9.77400000e+002 1.10125280e-016 1.86589026e-015 1.22333293e-014
 9.79200000e+002 1.09544862e-016 1.86647045e-015 1.16831194e-014
 9.81000000e+002 1.08967531e-016 1.86704755e-015 1.11576674e-014
 9.82800000e+002 1.08393273e-016 1.86762158e-015 1.06558592e-014
 9.84600000e+002 1.07822071e-016 1.86819256e-015 1.01766308e-014
 9.86400000e+002 1.07253911e-016 1.86876049e-015 9.71896622e-015
 9.88200000e+002 1.06688776e-016 1.86932539e-015 9.28189502e-015
 9.90000000e+002 1.06126653e-016 1.86988729e-015 8.86449051e-015
 9.91800000e+002 1.05567526e-016 1.87044619e-015 8.46586772e-015
 9.93600000e+002 1.05011379e-016 1.87100211e-015 8.08518146e-015
 9.95400000e+002 1.04458199e-016 1.87155506e-015 7.72162461e-015
 9.97200000e+002 1.03907971e-016 1.87210506e-015 7.37442634e-015
 9.99000000e+002 1.03360680e-016 1.87265212e-015 7.04285053e-015
 1.00080000e+003 1.02816312e-016 1.87319626e-015 6.72619417e-015
 1.00260000e+003 1.02274852e-016 1.87373749e-015 6.42378589e-015
 1.00440000e+003 1.01736286e-016 1.87427583e-015 6.13498454e-015
 1.00620000e+003 1.01200600e-016 1.87481128e-015 5.85917782e-015
 1.00800000e+003 1.00667781e-016 1.87534387e-015 5.59578097e-015
 1.00980000e+003 1.00137815e-016 1.87587361e-015 5.34423555e-015
 1.01160000e+003 9.96106865e-017 1.87640051e-015 5.10400826e-015
 1.01340000e+003 9.90863837e-017 1.87692458e-015 4.87458979e-015
 1.01520000e+003 9.85648925e-017 1.87744584e-015 4.65549375e-015
 1.01700000e+003 9.80461997e-017 1.87796430e-015 4.44625563e-015
 1.01880000e+003 9.75302921e-017 1.87847998e-015 4.24643184e-015
 1.02060000e+003 9.70171565e-017 1.87899289e-015 4.05559873e-015
 1.02240000e+003 9.65067801e-017 1.87950303e-015 3.87335174e-015
 1.02420000e+003 9.59991499e-017 1.88001043e-015 3.69930449e-015
 1.02600000e+003 9.54942534e-017 1.88051510e-015 3.53308800e-015
 1.02780000e+003 9.49920779e-017 1.88101704e-015 3.37434990e-015
 1.02960000e+003 9.44926111e-017 1.88151628e-015 3.22275366e-015
 1.03140000e+003 9.39958406e-017 1.88201282e-015 3.07797791e-015
 1.03320000e+003 9.35017543e-017 1.88250667e-015 2.93971572e-015
 1.03500000e+003 9.30103401e-017 1.88299786e-015 2.80767400e-015
 1.03680000e+003 9.25215863e-017 1.88348638e-015 2.68157283e-015
 1.03860000e+003 9.20354810e-017 1.88397225e-015 2.56114489e-015
 1.04040000e+003 9.15520127e-017 1.88445549e-015 2.44613489e-015
 1.04220000e+003 9.10711700e-017 1.88493610e-015 2.33629903e-015
 1.04400000e+003 9.05929415e-017 1.88541410e-015 2.23140448e-015
 1.04580000e+003 9.01173161e-017 1.88588949e-015 2.13122888e-015
 1.04760000e+003 8.96442828e-017 1.88636229e-015 2.03555989e-015
 1.04940000e+003 8.91738308e-017 1.88683251e-015 1.94419472e-015
 1.05120000e+003 8.87059494e-017 1.88730016e-015 1.85693970e-015
 1.05300000e+003 8.82406282e-017 1.88776525e-015 1.77360987e-015
 1.05480000e+003 8.77778566e-017 1.88822779e-015 1.69402862e-015
 1.05660000e+003 8.73176247e-017 1.88868779e-015 1.61802725e-015
 1.05840000e+003 8.68599223e-017 1.88914526e-015 1.54544468e-015
 1.06020000e+003 8.64047396e-017 1.88960021e-015 1.47612707e-015
 1.06200000e+003 8.59520669e-017 1.89005265e-015 1.40992750e-015
 1.06380000e+003 8.55018947e-017 1.89050258e-015 1.34670567e-015
 1.06560000e+003 8.50542137e-017 1.89095003e-015 1.28632757e-015
 1.06740000e+003 8.46090149e-017 1.89139500e-015 1.22866524e-015
 1.06920000e+003 8.41662891e-017 1.89183749e-015 1.17359649e-015
 1.07100000e+003 8.37260278e-017 1.89227752e-015 1.12100460e-015
 1.07280000e+003 8.32882222e-017 1.89271509e-015 1.07077812e-015
 1.07460000e+003 8.28528641e-017 1.89315021e-015 1.02281061e-015
 1.07640000e+003 8.24199453e-017 1.89358290e-015 9.77000418e-016
 1.07820000e+003 8.19894578e-017 1.89401315e-015 9.33250471e-016
 1.08000000e+003 8.15613939e-017 1.89444098e-015 8.91468063e-016
 1.08180000e+003 8.11357460e-017 1.89486640e-015 8.51564656e-016
 1.08360000e+003 8.07125068e-017 1.89528940e-015 8.13455701e-016
 1.08540000e+003 8.02916693e-017 1.89571000e-015 7.77060449e-016
 1.08720000e+003 7.98732264e-017 1.89612821e-015 7.42301788e-016
 1.08900000e+003 7.94571717e-017 1.89654403e-015 7.09106074e-016
 1.09080000e+003 7.90434986e-017 1.89695747e-015 6.77402978e-016
 1.09260000e+003 7.86322010e-017 1.89736853e-015 6.47125336e-016
 1.09440000e+003 7.82232730e-017 1.89777723e-015 6.18209004e-016
 1.09620000e+003 7.78167088e-017 1.89818356e-015 5.90592727e-016
 1.09800000e+003 7.74125031e-017 1.89858753e-015 5.64218005e-016
 1.09980000e+003 7.70106506e-017 1.89898914e-015 5.39028970e-016
 1.10160000e+003 7.66111465e-017 1.89938841e-015 5.14972269e-016
 1.10340000e+003 7.62139861e-017 1.89978534e-015 4.91996950e-016
 1.10520000e+003 7.58191650e-017 1.90017992e-015 4.70054352e-016
 1.10700000e+003 7.54266791e-017 1.90057217e-015 4.49098004e-016
 1.10880000e+003 7.50365246e-017 1.90096209e-015 4.29083528e-016
 1.11060000e+003 7.46486980e-017 1.90134968e-015 4.09968541e-016
 1.11240000e+003 7.42631960e-017 1.90173495e-015 3.91712568e-016
 1.11420000e+003 7.38800157e-017 1.90211789e-015 3.74276954e-016
 1.11600000e+003 7.34991544e-017 1.90249852e-015 3.57624784e-016
 1.11780000e+003 7.31206099e-017 1.90287683e-015 3.41720806e-016
 1.11960000e+003 7.27443800e-017 1.90325282e-015 3.26531350e-016
 1.12140000e+003 7.23704631e-017 1.90362650e-015 3.12024265e-016
 1.12320000e+003 7.19988578e-017 1.90399787e-015 2.98168844e-016
 1.12500000e+003 7.16295631e-017 1.90436693e-015 2.84935763e-016
 1.12680000e+003 7.12625782e-017 1.90473368e-015 2.72297017e-016
 1.12860000e+003 7.08979027e-017 1.90509812e-015 2.60225862e-016
 1.13040000e+003 7.05355366e-017 1.90546024e-015 2.48696755e-016
 1.13220000e+003 7.01754801e-017 1.90582006e-015 2.37685304e-016
 1.13400000e+003 6.98177340e-017 1.90617757e-015 2.27168215e-016
 1.13580000e+003 6.94622992e-017 1.90653277e-015 2.17123241e-016
 1.13760000e+003 6.91091771e-017 1.90688566e-015 2.07529135e-016
 1.13940000e+003 6.87583694e-017 1.90723623e-015 1.98365608e-016
 1.14120000e+003 6.84098781e-017 1.90758448e-015 1.89613283e-016
 1.14300000e+003 6.80637058e-017 1.90793042e-015 1.81253654e-016
 1.14480000e+003 6.77198551e-017 1.90827403e-015 1.73269048e-016
 1.14660000e+003 6.73783293e-017 1.90861532e-015 1.65642589e-016
 1.14840000e+003 6.70391319e-017 1.90895428e-015 1.58358158e-016
 1.15020000e+003 6.67022669e-017 1.90929090e-015 1.51400360e-016
 1.15200000e+003 6.63677385e-017 1.90962520e-015 1.44754497e-016
 1.15380000e+003 6.60355513e-017 1.90995714e-015 1.38406528e-016
 1.15560000e+003 6.57057105e-017 1.91028675e-015 1.32343045e-016
 1.15740000e+003 6.53782214e-017 1.91061400e-015 1.26551245e-016
 1.15920000e+003 6.50530897e-017 1.91093889e-015 1.21018897e-016
 1.16100000e+003 6.47303216e-017 1.91126142e-015 1.15734325e-016
 1.16280000e+003 6.44099236e-017 1.91158158e-015 1.10686375e-016
 1.16460000e+003 6.40919024e-017 1.91189937e-015 1.05864394e-016
 1.16640000e+003 6.37762654e-017 1.91221476e-015 1.01258212e-016
 1.16820000e+003 6.34630200e-017 1.91252777e-015 9.68581138e-017
 1.17000000e+003 6.31521740e-017 1.91283838e-015 9.26548208e-017
 1.17180000e+003 6.28437357e-017 1.91314658e-015 8.86394733e-017
 1.17360000e+003 6.25377136e-017 1.91345236e-015 8.48036093e-017
 1.17540000e+003 6.22341164e-017 1.91375572e-015 8.11391476e-017
 1.17720000e+003 6.19329533e-017 1.91405665e-015 7.76383707e-017
 1.17900000e+003 6.16342336e-017 1.91435513e-015 7.42939079e-017
 1.18080000e+003 6.13379670e-017 1.91465115e-015 7.10987204e-017
 1.18260000e+003 6.10441634e-017 1.91494472e-015 6.80460857e-017
 1.18440000e+003 6.07528329e-017 1.91523581e-015 6.51295839e-017
 1.18620000e+003 6.04639858e-017 1.91552442e-015 6.23430839e-017
 1.18800000e+003 6.01776327e-017 1.91581053e-015 5.96807303e-017
 1.18980000e+003 5.98937843e-017 1.91609414e-015 5.71369312e-017
 1.19160000e+003 5.96124515e-017 1.91637524e-015 5.47063461e-017
 1.19340000e+003 5.93336451e-017 1.91665380e-015 5.23838749e-017
 1.19520000e+003 5.90573764e-017 1.91692983e-015 5.01646470e-017
 1.19700000e+003 5.87836564e-017 1.91720331e-015 4.80440107e-017
 1.19880000e+003 5.85124963e-017 1.91747423e-015 4.60175240e-017
 1.20060000e+003 5.82439075e-017 1.91774258e-015 4.40809443e-017
 1.20240000e+003 5.79779010e-017 1.91800835e-015 4.22302204e-017
 1.20420000e+003 5.77144880e-017 1.91827152e-015 4.04614830e-017
 1.20600000e+003 5.74536797e-017 1.91853209e-015 3.87710372e-017
 1.20780000e+003 5.71954870e-017 1.91879004e-015 3.71553545e-017
 1.20960000e+003 5.69399207e-017 1.91904537e-015 3.56110650e-017
 1.21140000e+003 5.66869915e-017 1.91929806e-015 3.41349508e-017
 1.21320000e+003 5.64367097e-017 1.91954810e-015 3.27239387e-017
 1.21500000e+003 5.61890856e-017 1.91979549e-015 3.13750940e-017
 1.21680000e+003 5.59441289e-017 1.92004020e-015 3.00856143e-017
 1.21860000e+003 5.57018493e-017 1.92028224e-015 2.88528234e-017
 1.22040000e+003 5.54622558e-017 1.92052160e-015 2.76741657e-017
 1.22220000e+003 5.52253572e-017 1.92075826e-015 2.65472007e-017
 1.22400000e+003 5.49911618e-017 1.92099221e-015 2.54695983e-017
 1.22580000e+003 5.47596774e-017 1.92122346e-015 2.44391331e-017
 1.22760000e+003 5.45309113e-017 1.92145198e-015 2.34536804e-017
 1.22940000e+003 5.43048701e-017 1.92167778e-015 2.25112112e-017
 1.23120000e+003 5.40815599e-017 1.92190085e-015 2.16097882e-017
 1.23300000e+003 5.38609862e-017 1.92212119e-015 2.07475616e-017
 1.23480000e+003 5.36431537e-017 1.92233878e-015 1.99227651e-017
 1.23660000e+003 5.34280665e-017 1.92255363e-015 1.91337125e-017
 1.23840000e+003 5.32157279e-017 1.92276572e-015 1.83787935e-017
 1.24020000e+003 5.30061404e-017 1.92297507e-015 1.76564709e-017
 1.24200000e+003 5.27993057e-017 1.92318167e-015 1.69652770e-017
 1.24380000e+003 5.25952247e-017 1.92338551e-015 1.63038104e-017
 1.24560000e+003 5.23938973e-017 1.92358659e-015 1.56707336e-017
 1.24740000e+003 5.21953228e-017 1.92378493e-015 1.50647694e-017
 1.24920000e+003 5.19994992e-017 1.92398051e-015 1.44846985e-017
 1.25100000e+003 5.18064239e-017 1.92417335e-015 1.39293573e-017
 1.25280000e+003 5.16160932e-017 1.92436344e-015 1.33976346e-017
 1.25460000e+003 5.14285023e-017 1.92455079e-015 1.28884699e-017
 1.25640000e+003 5.12436458e-017 1.92473540e-015 1.24008510e-017
 1.25820000e+003 5.10615170e-017 1.92491729e-015 1.19338116e-017
 1.26000000e+003 5.08821082e-017 1.92509646e-015 1.14864293e-017
 1.26180000e+003 5.07054109e-017 1.92527292e-015 1.10578240e-017
 1.26360000e+003 5.05314155e-017 1.92544667e-015 1.06471554e-017
 1.26540000e+003 5.03601113e-017 1.92561774e-015 1.02536218e-017
 1.26720000e+003 5.01914869e-017 1.92578612e-015 9.87645766e-018
 1.26900000e+003 5.00255295e-017 1.92595184e-015 9.51493281e-018
 1.27080000e+003 4.98622257e-017 1.92611490e-015 9.16835022e-018
 1.27260000e+003 4.97015609e-017 1.92627532e-015 8.83604471e-018
 1.27440000e+003 4.95435197e-017 1.92643312e-015 8.51738156e-018
 1.27620000e+003 4.93880857e-017 1.92658832e-015 8.21175504e-018
 1.27800000e+003 4.92352416e-017 1.92674092e-015 7.91858715e-018
 1.27980000e+003 4.90849691e-017 1.92689095e-015 7.63732634e-018
 1.28160000e+003 4.89372493e-017 1.92703843e-015 7.36744631e-018
 1.28340000e+003 4.87920623e-017 1.92718338e-015 7.10844487e-018
 1.28520000e+003 4.86493872e-017 1.92732581e-015 6.85984282e-018
 1.28700000e+003 4.85092027e-017 1.92746576e-015 6.62118294e-018
 1.28880000e+003 4.83714865e-017 1.92760323e-015 6.39202893e-018
 1.29060000e+003 4.82362156e-017 1.92773826e-015 6.17196452e-018
 1.29240000e+003 4.81033664e-017 1.92787087e-015 5.96059247e-018
 1.29420000e+003 4.79729146e-017 1.92800108e-015 5.75753379e-018
 1.29600000e+003 4.78448353e-017 1.92812892e-015 5.56242681e-018
 1.29780000e+003 4.77191029e-017 1.92825441e-015 5.37492645e-018
 1.29960000e+003 4.75956915e-017 1.92837759e-015 5.19470343e-018
 1.30140000e+003 4.74745745e-017 1.92849846e-015 5.02144354e-018
 1.30320000e+003 4.73557248e-017 1.92861707e-015 4.85484693e-018
 1.30500000e+003 4.72391151e-017 1.92873344e-015 4.69462748e-018
 1.30680000e+003 4.71247174e-017 1.92884760e-015 4.54051214e-018
 1.30860000e+003 4.70125036e-017 1.92895957e-015 4.39224032e-018
 1.31040000e+003 4.69024451e-017 1.92906939e-015 4.24956333e-018
 1.31220000e+003 4.67945131e-017 1.92917708e-015 4.11224380e-018
 1.31400000e+003 4.66886785e-017 1.92928267e-015 3.98005518e-018
 1.31580000e+003 4.65849120e-017 1.92938620e-015 3.85278122e-018
 1.31760000e+003 4.64831842e-017 1.92948769e-015 3.73021550e-018
 1.31940000e+003 4.63834655e-017 1.92958717e-015 3.61216095e-018
 1.32120000e+003 4.62857260e-017 1.92968466e-015 3.49842944e-018
 1.32300000e+003 4.61899359e-017 1.92978021e-015 3.38884134e-018
 1.32480000e+003 4.60960654e-017 1.92987384e-015 3.28322515e-018
 1.32660000e+003 4.60040845e-017 1.92996558e-015 3.18141708e-018
 1.32840000e+003 4.59139633e-017 1.93005546e-015 3.08326072e-018
 1.33020000e+003 4.58256719e-017 1.93014352e-015 2.98860668e-018
 1.33200000e+003 4.57391806e-017 1.93022977e-015 2.89731227e-018
 1.33380000e+003 4.56544594e-017 1.93031425e-015 2.80924119e-018
 1.33560000e+003 4.55714788e-017 1.93039699e-015 2.72426320e-018
 1.33740000e+003 4.54902093e-017 1.93047802e-015 2.64225388e-018
 1.33920000e+003 4.54106215e-017 1.93055736e-015 2.56309432e-018
 1.34100000e+003 4.53326861e-017 1.93063506e-015 2.48667088e-018
 1.34280000e+003 4.52563741e-017 1.93071113e-015 2.41287495e-018
 1.34460000e+003 4.51816567e-017 1.93078561e-015 2.34160270e-018
 1.34640000e+003 4.51085053e-017 1.93085852e-015 2.27275487e-018
 1.34820000e+003 4.50368916e-017 1.93092989e-015 2.20623652e-018
 1.35000000e+003 4.49667874e-017 1.93099975e-015 2.14195689e-018
 1.35180000e+003 4.48981649e-017 1.93106814e-015 2.07982915e-018
 1.35360000e+003 4.48309964e-017 1.93113507e-015 2.01977025e-018
 1.35540000e+003 4.47652548e-017 1.93120057e-015 1.96170074e-018
 1.35720000e+003 4.47009130e-017 1.93126467e-015 1.90554458e-018
 1.35900000e+003 4.46379444e-017 1.93132740e-015 1.85122899e-018
 1.36080000e+003 4.45763226e-017 1.93138878e-015 1.79868434e-018
 1.36260000e+003 4.45160216e-017 1.93144884e-015 1.74784393e-018
 1.36440000e+003 4.44570157e-017 1.93150760e-015 1.69864393e-018
 1.36620000e+003 4.43992795e-017 1.93156510e-015 1.65102319e-018
 1.36800000e+003 4.43427880e-017 1.93162135e-015 1.60492315e-018
 1.36980000e+003 4.42875165e-017 1.93167638e-015 1.56028770e-018
 1.37160000e+003 4.42334408e-017 1.93173022e-015 1.51706310e-018
 1.37340000e+003 4.41805368e-017 1.93178288e-015 1.47519783e-018
 1.37520000e+003 4.41287811e-017 1.93183440e-015 1.43464252e-018
 1.37700000e+003 4.40781502e-017 1.93188479e-015 1.39534983e-018
 1.37880000e+003 4.40286215e-017 1.93193407e-015 1.35727438e-018
 1.38060000e+003 4.39801723e-017 1.93198228e-015 1.32037264e-018
 1.38240000e+003 4.39327806e-017 1.93202943e-015 1.28460287e-018
 1.38420000e+003 4.38864244e-017 1.93207555e-015 1.24992502e-018
 1.38600000e+003 4.38410825e-017 1.93212065e-015 1.21630065e-018
 1.38780000e+003 4.37967338e-017 1.93216476e-015 1.18369289e-018
 1.38960000e+003 4.37533576e-017 1.93220790e-015 1.15206632e-018
 1.39140000e+003 4.37109335e-017 1.93225008e-015 1.12138697e-018
 1.39320000e+003 4.36694416e-017 1.93229133e-015 1.09162217e-018
 1.39500000e+003 4.36288623e-017 1.93233167e-015 1.06274059e-018
 1.39680000e+003 4.35891763e-017 1.93237112e-015 1.03471211e-018
 1.39860000e+003 4.35503647e-017 1.93240969e-015 1.00750779e-018
 1.40040000e+003 4.35124089e-017 1.93244740e-015 9.81099822e-019
 1.40220000e+003 4.34752908e-017 1.93248428e-015 9.55461473e-019
 1.40400000e+003 4.34389924e-017 1.93252034e-015 9.30567044e-019
 1.40580000e+003 4.34034963e-017 1.93255560e-015 9.06391825e-019
 1.40760000e+003 4.33687851e-017 1.93259007e-015 8.82912047e-019
 1.40940000e+003 4.33348422e-017 1.93262377e-015 8.60104847e-019
 1.41120000e+003 4.33016509e-017 1.93265672e-015 8.37948228e-019
 1.41300000e+003 4.32691950e-017 1.93268894e-015 8.16421019e-019
 1.41480000e+003 4.32374585e-017 1.93272043e-015 7.95502844e-019
 1.41660000e+003 4.32064261e-017 1.93275122e-015 7.75174086e-019
 1.41840000e+003 4.31760823e-017 1.93278133e-015 7.55415856e-019
 1.42020000e+003 4.31464121e-017 1.93281076e-015 7.36209962e-019
 1.42200000e+003 4.31174010e-017 1.93283953e-015 7.17538880e-019
 1.42380000e+003 4.30890346e-017 1.93286765e-015 6.99385725e-019
 1.42560000e+003 4.30612987e-017 1.93289515e-015 6.81734228e-019
 1.42740000e+003 4.30341797e-017 1.93292203e-015 6.64568705e-019
 1.42920000e+003 4.30076639e-017 1.93294830e-015 6.47874040e-019
 1.43100000e+003 4.29817382e-017 1.93297399e-015 6.31635654e-019
 1.43280000e+003 4.29563896e-017 1.93299910e-015 6.15839492e-019
 1.43460000e+003 4.29316054e-017 1.93302364e-015 6.00471991e-019
 1.43640000e+003 4.29073733e-017 1.93304763e-015 5.85520072e-019
 1.43820000e+003 4.28836810e-017 1.93307109e-015 5.70971109e-019
 1.44000000e+003 4.28605166e-017 1.93309401e-015 5.56812920e-019
 1.44180000e+003 4.28378686e-017 1.93311642e-015 5.43033745e-019
 1.44360000e+003 4.28157255e-017 1.93313832e-015 5.29622230e-019
 1.44540000e+003 4.27940760e-017 1.93315973e-015 5.16567410e-019
 1.44720000e+003 4.27729094e-017 1.93318066e-015 5.03858696e-019
 1.44900000e+003 4.27522150e-017 1.93320111e-015 4.91485858e-019
 1.45080000e+003 4.27319821e-017 1.93322110e-015 4.79439013e-019
 1.45260000e+003 4.27122007e-017 1.93324065e-015 4.67708609e-019
 1.45440000e+003 4.26928607e-017 1.93325975e-015 4.56285417e-019
 1.45620000e+003 4.26739522e-017 1.93327841e-015 4.45160512e-019
 1.45800000e+003 4.26554658e-017 1.93329666e-015 4.34325267e-019
 1.45980000e+003 4.26373920e-017 1.93331449e-015 4.23771338e-019
 1.46160000e+003 4.26197216e-017 1.93333192e-015 4.13490656e-019
 1.46340000e+003 4.26024456e-017 1.93334896e-015 4.03475416e-019
 1.46520000e+003 4.25855553e-017 1.93336561e-015 3.93718065e-019
 1.46700000e+003 4.25690421e-017 1.93338188e-015 3.84211296e-019
 1.46880000e+003 4.25528975e-017 1.93339779e-015 3.74948035e-019
 1.47060000e+003 4.25371134e-017 1.93341333e-015 3.65921435e-019
 1.47240000e+003 4.25216817e-017 1.93342852e-015 3.57124870e-019
 1.47420000e+003 4.25065944e-017 1.93344337e-015 3.48551920e-019
 1.47600000e+003 4.24918440e-017 1.93345788e-015 3.40196370e-019
 1.47780000e+003 4.24774229e-017 1.93347206e-015 3.32052200e-019
 1.47960000e+003 4.24633238e-017 1.93348592e-015 3.24113577e-019
 1.48140000e+003 4.24495393e-017 1.93349946e-015 3.16374852e-019
 1.48320000e+003 4.24360626e-017 1.93351270e-015 3.08830547e-019
 1.48500000e+003 4.24228867e-017 1.93352564e-015 3.01475357e-019
 1.48680000e+003 4.24100048e-017 1.93353828e-015 2.94304137e-019
 1.48860000e+003 4.23974105e-017 1.93355063e-015 2.87311899e-019
 1.49040000e+003 4.23850972e-017 1.93356271e-015 2.80493809e-019
 1.49220000e+003 4.23730587e-017 1.93357450e-015 2.73845177e-019
 1.49400000e+003 4.23612888e-017 1.93358603e-015 2.67361455e-019
 1.49580000e+003 4.23497814e-017 1.93359730e-015 2.61038232e-019
 1.49760000e+003 4.23385308e-017 1.93360831e-015 2.54871228e-019
 1.49940000e+003 4.23275311e-017 1.93361907e-015 2.48856290e-019
 1.50120000e+003 4.23167767e-017 1.93362959e-015 2.42989389e-019
 1.50300000e+003 4.23062621e-017 1.93363986e-015 2.37266614e-019
 1.50480000e+003 4.22959820e-017 1.93364990e-015 2.31684169e-019
 1.50660000e+003 4.22859310e-017 1.93365971e-015 2.26238369e-019
 1.50840000e+003 4.22761040e-017 1.93366930e-015 2.20925636e-019
 1.51020000e+003 4.22664961e-017 1.93367867e-015 2.15742495e-019
 1.51200000e+003 4.22571022e-017 1.93368782e-015 2.10685573e-019
 1.51380000e+003 4.22479176e-017 1.93369676e-015 2.05751593e-019
 1.51560000e+003 4.22389376e-017 1.93370550e-015 2.00937372e-019
 1.51740000e+003 4.22301576e-017 1.93371404e-015 1.96239817e-019
 1.51920000e+003 4.22215731e-017 1.93372239e-015 1.91655924e-019
 1.52100000e+003 4.22131796e-017 1.93373054e-015 1.87182774e-019
 1.52280000e+003 4.22049730e-017 1.93373851e-015 1.82817529e-019
 1.52460000e+003 4.21969489e-017 1.93374629e-015 1.78557432e-019
 1.52640000e+003 4.21891034e-017 1.93375390e-015 1.74399802e-019
 1.52820000e+003 4.21814324e-017 1.93376133e-015 1.70342034e-019
 1.53000000e+003 4.21739319e-017 1.93376859e-015 1.66381595e-019
 1.53180000e+003 4.21665982e-017 1.93377568e-015 1.62516021e-019
 1.53360000e+003 4.21594275e-017 1.93378261e-015 1.58742917e-019
 1.53540000e+003 4.21524161e-017 1.93378938e-015 1.55059954e-019
 1.53720000e+003 4.21455604e-017 1.93379600e-015 1.51464866e-019
 1.53900000e+003 4.21388570e-017 1.93380246e-015 1.47955449e-019
 1.54080000e+003 4.21323024e-017 1.93380878e-015 1.44529559e-019
 1.54260000e+003 4.21258933e-017 1.93381495e-015 1.41185110e-019
 1.54440000e+003 4.21196264e-017 1.93382097e-015 1.37920073e-019
 1.54620000e+003 4.21134984e-017 1.93382686e-015 1.34732473e-019
 1.54800000e+003 4.21075064e-017 1.93383261e-015 1.31620388e-019
 1.54980000e+003 4.21016472e-017 1.93383823e-015 1.28581948e-019
 1.55160000e+003 4.20959178e-017 1.93384372e-015 1.25615332e-019
 1.55340000e+003 4.20903153e-017 1.93384908e-015 1.22718767e-019
 1.55520000e+003 4.20848369e-017 1.93385432e-015 1.19890530e-019
 1.55700000e+003 4.20794798e-017 1.93385944e-015 1.17128939e-019
 1.55880000e+003 4.20742412e-017 1.93386444e-015 1.14432360e-019
 1.56060000e+003 4.20691184e-017 1.93386932e-015 1.11799200e-019
 1.56240000e+003 4.20641090e-017 1.93387409e-015 1.09227908e-019
 1.56420000e+003 4.20592102e-017 1.93387875e-015 1.06716975e-019
 1.56600000e+003 4.20544197e-017 1.93388330e-015 1.04264929e-019
 1.56780000e+003 4.20497350e-017 1.93388774e-015 1.01870338e-019
 1.56960000e+003 4.20451537e-017 1.93389209e-015 9.95318059e-020
 1.57140000e+003 4.20406735e-017 1.93389633e-015 9.72479737e-020
 1.57320000e+003 4.20362921e-017 1.93390047e-015 9.50175167e-020
 1.57500000e+003 4.20320072e-017 1.93390451e-015 9.28391446e-020
 1.57680000e+003 4.20278168e-017 1.93390846e-015 9.07115998e-020
 1.57860000e+003 4.20237187e-017 1.93391232e-015 8.86336573e-020
 1.58040000e+003 4.20197108e-017 1.93391609e-015 8.66041232e-020
 1.58220000e+003 4.20157911e-017 1.93391977e-015 8.46218338e-020
 1.58400000e+003 4.20119576e-017 1.93392336e-015 8.26856551e-020
 1.58580000e+003 4.20082083e-017 1.93392687e-015 8.07944819e-020
 1.58760000e+003 4.20045414e-017 1.93393030e-015 7.89472367e-020
 1.58940000e+003 4.20009551e-017 1.93393364e-015 7.71428694e-020
 1.59120000e+003 4.19974474e-017 1.93393691e-015 7.53803562e-020
 1.59300000e+003 4.19940166e-017 1.93394010e-015 7.36586989e-020
 1.59480000e+003 4.19906611e-017 1.93394322e-015 7.19769246e-020
 1.59660000e+003 4.19873790e-017 1.93394626e-015 7.03340844e-020
 1.59840000e+003 4.19841688e-017 1.93394923e-015 6.87292531e-020
 1.60020000e+003 4.19810288e-017 1.93395213e-015 6.71615288e-020
 1.60200000e+003 4.19779575e-017 1.93395496e-015 6.56300318e-020
 1.60380000e+003 4.19749533e-017 1.93395773e-015 6.41339041e-020
 1.60560000e+003 4.19720147e-017 1.93396042e-015 6.26723092e-020
 1.60740000e+003 4.19691402e-017 1.93396306e-015 6.12444310e-020
 1.60920000e+003 4.19663284e-017 1.93396563e-015 5.98494737e-020
 1.61100000e+003 4.19635779e-017 1.93396814e-015 5.84866610e-020
 1.61280000e+003 4.19608872e-017 1.93397059e-015 5.71552358e-020
 1.61460000e+003 4.19582551e-017 1.93397298e-015 5.58544592e-020
 1.61640000e+003 4.19556802e-017 1.93397532e-015 5.45836108e-020
 1.61820000e+003 4.19531612e-017 1.93397760e-015 5.33419877e-020
 1.62000000e+003 4.19506970e-017 1.93397982e-015 5.21289038e-020
 1.62180000e+003 4.19482861e-017 1.93398199e-015 5.09436902e-020
 1.62360000e+003 4.19459275e-017 1.93398411e-015 4.97856940e-020
 1.62540000e+003 4.19436200e-017 1.93398618e-015 4.86542782e-020
 1.62720000e+003 4.19413624e-017 1.93398820e-015 4.75488211e-020
 1.62900000e+003 4.19391536e-017 1.93399016e-015 4.64687163e-020
 1.63080000e+003 4.19369925e-017 1.93399209e-015 4.54133719e-020
 1.63260000e+003 4.19348780e-017 1.93399396e-015 4.43822103e-020
 1.63440000e+003 4.19328091e-017 1.93399579e-015 4.33746677e-020
 1.63620000e+003 4.19307848e-017 1.93399757e-015 4.23901941e-020
 1.63800000e+003 4.19288039e-017 1.93399931e-015 4.14282526e-020
 1.63980000e+003 4.19268657e-017 1.93400101e-015 4.04883192e-020
 1.64160000e+003 4.19249691e-017 1.93400267e-015 3.95698823e-020
 1.64340000e+003 4.19231131e-017 1.93400428e-015 3.86724427e-020
 1.64520000e+003 4.19212969e-017 1.93400586e-015 3.77955132e-020
 1.64700000e+003 4.19195195e-017 1.93400740e-015 3.69386181e-020
 1.64880000e+003 4.19177802e-017 1.93400890e-015 3.61012929e-020
 1.65060000e+003 4.19160779e-017 1.93401036e-015 3.52830845e-020
 1.65240000e+003 4.19144120e-017 1.93401179e-015 3.44835504e-020
 1.65420000e+003 4.19127816e-017 1.93401318e-015 3.37022585e-020
 1.65600000e+003 4.19111858e-017 1.93401453e-015 3.29387871e-020
 1.65780000e+003 4.19096239e-017 1.93401585e-015 3.21927245e-020
 1.65960000e+003 4.19080952e-017 1.93401714e-015 3.14636686e-020
 1.66140000e+003 4.19065989e-017 1.93401840e-015 3.07512270e-020
 1.66320000e+003 4.19051342e-017 1.93401962e-015 3.00550165e-020
 1.66500000e+003 4.19037005e-017 1.93402082e-015 2.93746628e-020
 1.66680000e+003 4.19022970e-017 1.93402198e-015 2.87098007e-020
 1.66860000e+003 4.19009231e-017 1.93402311e-015 2.80600733e-020
 1.67040000e+003 4.18995781e-017 1.93402422e-015 2.74251323e-020
 1.67220000e+003 4.18982614e-017 1.93402530e-015 2.68046375e-020
 1.67400000e+003 4.18969723e-017 1.93402634e-015 2.61982568e-020
 1.67580000e+003 4.18957102e-017 1.93402737e-015 2.56056657e-020
 1.67760000e+003 4.18944744e-017 1.93402836e-015 2.50265474e-020
 1.67940000e+003 4.18932645e-017 1.93402933e-015 2.44605927e-020
 1.68120000e+003 4.18920798e-017 1.93403028e-015 2.39074993e-020
 1.68300000e+003 4.18909198e-017 1.93403120e-015 2.33669723e-020
 1.68480000e+003 4.18897838e-017 1.93403209e-015 2.28387233e-020
 1.68660000e+003 4.18886714e-017 1.93403297e-015 2.23224710e-020
 1.68840000e+003 4.18875820e-017 1.93403381e-015 2.18179406e-020
 1.69020000e+003 4.18865152e-017 1.93403464e-015 2.13248635e-020
 1.69200000e+003 4.18854703e-017 1.93403545e-015 2.08429774e-020
 1.69380000e+003 4.18844469e-017 1.93403623e-015 2.03720264e-020
 1.69560000e+003 4.18834446e-017 1.93403699e-015 1.99117602e-020
 1.69740000e+003 4.18824628e-017 1.93403773e-015 1.94619344e-020
 1.69920000e+003 4.18815011e-017 1.93403846e-015 1.90223104e-020
 1.70100000e+003 4.18805590e-017 1.93403916e-015 1.85926551e-020
 1.70280000e+003 4.18796361e-017 1.93403984e-015 1.81727407e-020
 1.70460000e+003 4.18787319e-017 1.93404050e-015 1.77623447e-020
 1.70640000e+003 4.18778462e-017 1.93404115e-015 1.73612500e-020
 1.70820000e+003 4.18769783e-017 1.93404178e-015 1.69692440e-020
 1.71000000e+003 4.18761279e-017 1.93404239e-015 1.65861197e-020
 1.71180000e+003 4.18752947e-017 1.93404298e-015 1.62116742e-020
 1.71360000e+003 4.18744782e-017 1.93404356e-015 1.58457098e-020
 1.71540000e+003 4.18736781e-017 1.93404412e-015 1.54880332e-020
 1.71720000e+003 4.18728940e-017 1.93404466e-015 1.51384554e-020
 1.71900000e+003 4.18721255e-017 1.93404519e-015 1.47967920e-020
 1.72080000e+003 4.18713723e-017 1.93404570e-015 1.44628627e-020
 1.72260000e+003 4.18706340e-017 1.93404620e-015 1.41364914e-020
 1.72440000e+003 4.18699104e-017 1.93404669e-015 1.38175061e-020
 1.72620000e+003 4.18692010e-017 1.93404716e-015 1.35057387e-020
 1.72800000e+003 4.18685055e-017 1.93404761e-015 1.32010250e-020
 1.72980000e+003 4.18678238e-017 1.93404805e-015 1.29032045e-020
 1.73160000e+003 4.18671553e-017 1.93404848e-015 1.26121204e-020
 1.73340000e+003 4.18664999e-017 1.93404890e-015 1.23276197e-020
 1.73520000e+003 4.18658572e-017 1.93404930e-015 1.20495527e-020
 1.73700000e+003 4.18652270e-017 1.93404969e-015 1.17777732e-020
 1.73880000e+003 4.18646089e-017 1.93405007e-015 1.15121383e-020
 1.74060000e+003 4.18640028e-017 1.93405043e-015 1.12525085e-020
 1.74240000e+003 4.18634082e-017 1.93405079e-015 1.09987473e-020
 1.74420000e+003 4.18628251e-017 1.93405113e-015 1.07507216e-020
 1.74600000e+003 4.18622530e-017 1.93405146e-015 1.05083012e-020
 1.74780000e+003 4.18616919e-017 1.93405178e-015 1.02713588e-020
 1.74960000e+003 4.18611413e-017 1.93405209e-015 1.00397701e-020
 1.75140000e+003 4.18606011e-017 1.93405239e-015 9.81341361e-021
 1.75320000e+003 4.18600711e-017 1.93405268e-015 9.59217073e-021
 1.75500000e+003 4.18595510e-017 1.93405296e-015 9.37592546e-021
 1.75680000e+003 4.18590406e-017 1.93405323e-015 9.16456448e-021
 1.75860000e+003 4.18585397e-017 1.93405350e-015 8.95797704e-021
 1.76040000e+003 4.18580480e-017 1.93405375e-015 8.75605495e-021
 1.76220000e+003 4.18575654e-017 1.93405399e-015 8.55869248e-021
 1.76400000e+003 4.18570916e-017 1.93405422e-015 8.36578630e-021
 1.76580000e+003 4.18566265e-017 1.93405445e-015 8.17723545e-021
 1.76760000e+003 4.18561698e-017 1.93405467e-015 7.99294127e-021
 1.76940000e+003 4.18557215e-017 1.93405487e-015 7.81280735e-021
 1.77120000e+003 4.18552812e-017 1.93405507e-015 7.63673948e-021
 1.77300000e+003 4.18548487e-017 1.93405527e-015 7.46464558e-021
 1.77480000e+003 4.18544241e-017 1.93405545e-015 7.29643570e-021
 1.77660000e+003 4.18540069e-017 1.93405563e-015 7.13202190e-021
 1.77840000e+003 4.18535972e-017 1.93405580e-015 6.97131828e-021
 1.78020000e+003 4.18531946e-017 1.93405596e-015 6.81424087e-021
 1.78200000e+003 4.18527991e-017 1.93405612e-015 6.66070762e-021
 1.78380000e+003 4.18524105e-017 1.93405626e-015 6.51063834e-021
 1.78560000e+003 4.18520287e-017 1.93405641e-015 6.36395467e-021
 1.78740000e+003 4.18516534e-017 1.93405654e-015 6.22058003e-021
 1.78920000e+003 4.18512846e-017 1.93405667e-015 6.08043959e-021
 1.79100000e+003 4.18509220e-017 1.93405679e-015 5.94346020e-021
 1.79280000e+003 4.18505656e-017 1.93405691e-015 5.80957039e-021
 1.79460000e+003 4.18502152e-017 1.93405702e-015 5.67870031e-021
 1.79640000e+003 4.18498707e-017 1.93405712e-015 5.55078170e-021
 1.79820000e+003 4.18495319e-017 1.93405722e-015 5.42574784e-021
 1.80000000e+003 4.18491988e-017 1.93405732e-015 5.30353353e-021
