 1.32581821e+002 7.07406177e-015 0.00000000e+000 7.25597515e-004
 1.39649239e+002 7.07141266e-015 2.64911181e-018 7.25474619e-004
 1.46716658e+002 7.06876409e-015 5.29241950e-018 7.25351724e-004
 1.53784076e+002 7.06611607e-015 7.92993283e-018 7.25228829e-004
 1.60851494e+002 7.06346859e-015 1.05616616e-017 7.25105934e-004
 1.67918912e+002 7.06082165e-015 1.31876154e-017 7.24983038e-004
 1.74986330e+002 7.05817526e-015 1.58078041e-017 7.24860143e-004
 1.82053749e+002 7.05552941e-015 1.84222374e-017 7.24737248e-004
 1.89121167e+002 7.05288411e-015 2.10309249e-017 7.24614353e-004
 1.96188585e+002 7.05023935e-015 2.36338763e-017 7.24491458e-004
 2.03256003e+002 7.04759513e-015 2.62311014e-017 7.24368563e-004
 2.10323421e+002 7.04495145e-015 2.88226097e-017 7.24245668e-004
 2.17390839e+002 7.04230832e-015 3.14084109e-017 7.24122773e-004
 2.24458258e+002 7.03966574e-015 3.39885146e-017 7.23999878e-004
 2.31525676e+002 7.03702369e-015 3.65629304e-017 7.23876983e-004
 2.38593094e+002 7.03438220e-015 3.91316679e-017 7.23754088e-004
 2.45660512e+002 7.03174124e-015 4.16947367e-017 7.23631193e-004
 2.52727930e+002 7.02910083e-015 4.42521463e-017 7.23508298e-004
 2.59795348e+002 7.02646096e-015 4.68039064e-017 7.23385403e-004
 2.66862767e+002 7.02382163e-015 4.93500264e-017 7.23262508e-004
 2.73930185e+002 7.02118285e-015 5.18905159e-017 7.23139613e-004
 2.80997603e+002 7.01854461e-015 5.44253843e-017 7.23016718e-004
 2.88065021e+002 7.01590692e-015 5.69546412e-017 7.22893823e-004
 2.95132439e+002 7.01326977e-015 5.94782961e-017 7.22770928e-004
 3.02199858e+002 7.01063316e-015 6.19963583e-017 7.22648034e-004
 3.09267276e+002 7.00799710e-015 6.45088375e-017 7.22525139e-004
 3.16334694e+002 7.00536158e-015 6.70157429e-017 7.22402244e-004
 3.23402112e+002 7.00272660e-015 6.95170841e-017 7.22279349e-004
 3.30469530e+002 7.00009217e-015 7.20128704e-017 7.22156455e-004
 3.37536948e+002 6.99745828e-015 7.45031112e-017 7.22033560e-004
 3.44604367e+002 6.99482493e-015 7.69878160e-017 7.21910665e-004
 3.51671785e+002 6.99219213e-015 7.94669941e-017 7.21787770e-004
 3.58739203e+002 6.98955986e-015 8.19406547e-017 7.21664876e-004
 3.65806621e+002 6.98692815e-015 8.44088074e-017 7.21541981e-004
 3.72874039e+002 6.98429697e-015 8.68714614e-017 7.21419087e-004
 3.79941458e+002 6.98166634e-015 8.93286260e-017 7.21296192e-004
 3.87008876e+002 6.97903626e-015 9.17803105e-017 7.21173297e-004
 3.94076294e+002 6.97640671e-015 9.42265242e-017 7.21050403e-004
 4.01143712e+002 6.97377771e-015 9.66672764e-017 7.20927508e-004
 4.08211130e+002 6.97114925e-015 9.91025764e-017 7.20804614e-004
 4.15278548e+002 6.96852134e-015 1.01532433e-016 7.20681719e-004
 4.22345967e+002 6.96589397e-015 1.03956856e-016 7.20558825e-004
 4.29413385e+002 6.96326714e-015 1.06375855e-016 7.20435930e-004
 4.36480803e+002 6.96064085e-015 1.08789438e-016 7.20313036e-004
 4.43548221e+002 6.95801511e-015 1.11197615e-016 7.20190142e-004
 4.50615639e+002 6.95538991e-015 1.13600395e-016 7.20067247e-004
 4.57683057e+002 6.95276525e-015 1.15997787e-016 7.19944353e-004
 4.64750476e+002 6.95014114e-015 1.18389801e-016 7.19821459e-004
 4.71817894e+002 6.94751757e-015 1.20776444e-016 7.19698564e-004
 4.78885312e+002 6.94489454e-015 1.23157728e-016 7.19575670e-004
 4.85952730e+002 6.94227206e-015 1.25533660e-016 7.19452776e-004
 4.93020148e+002 6.93965011e-015 1.27904250e-016 7.19329881e-004
 5.00087567e+002 6.93702872e-015 1.30269506e-016 7.19206987e-004
 5.07154985e+002 6.93440786e-015 1.32629439e-016 7.19084093e-004
 5.14222403e+002 6.93178755e-015 1.34984057e-016 7.18961199e-004
 5.21289821e+002 6.92916778e-015 1.37333368e-016 7.18838304e-004
 5.28357239e+002 6.92654855e-015 1.39677383e-016 7.18715410e-004
 5.35424657e+002 6.92392987e-015 1.42016109e-016 7.18592516e-004
 5.42492076e+002 6.92131172e-015 1.44349557e-016 7.18469622e-004
 5.49559494e+002 6.91869412e-015 1.46677734e-016 7.18346728e-004
 5.56626912e+002 6.91607707e-015 1.49000651e-016 7.18223834e-004
 5.63694330e+002 6.91346056e-015 1.51318315e-016 7.18100940e-004
 5.70761748e+002 6.91084458e-015 1.53630737e-016 7.17978046e-004
 5.77829167e+002 6.90822916e-015 1.55937924e-016 7.17855152e-004
 5.84896585e+002 6.90561427e-015 1.58239886e-016 7.17732258e-004
 5.91964003e+002 6.90299993e-015 1.60536632e-016 7.17609364e-004
 5.99031421e+002 6.90038613e-015 1.62828170e-016 7.17486470e-004
 6.06098839e+002 6.89777287e-015 1.65114509e-016 7.17363576e-004
 6.13166257e+002 6.89516016e-015 1.67395659e-016 7.17240682e-004
 6.20233676e+002 6.89254798e-015 1.69671628e-016 7.17117788e-004
 6.27301094e+002 6.88993635e-015 1.71942425e-016 7.16994894e-004
 6.34368512e+002 6.88732527e-015 1.74208059e-016 7.16872000e-004
 6.41435930e+002 6.88471472e-015 1.76468538e-016 7.16749106e-004
 6.48503348e+002 6.88210472e-015 1.78723872e-016 7.16626213e-004
 6.55570766e+002 6.87949526e-015 1.80974069e-016 7.16503319e-004
 6.62638185e+002 6.87688634e-015 1.83219138e-016 7.16380425e-004
 6.69705603e+002 6.87427797e-015 1.85459088e-016 7.16257531e-004
 6.76773021e+002 6.87167013e-015 1.87693927e-016 7.16134638e-004
 6.83840439e+002 6.86906284e-015 1.89923664e-016 7.16011744e-004
 6.90907857e+002 6.86645610e-015 1.92148309e-016 7.15888850e-004
 6.97975276e+002 6.86384989e-015 1.94367869e-016 7.15765956e-004
 7.05042694e+002 6.86124423e-015 1.96582353e-016 7.15643063e-004
 7.12110112e+002 6.85863911e-015 1.98791770e-016 7.15520169e-004
 7.19177530e+002 6.85603453e-015 2.00996129e-016 7.15397276e-004
 7.26244948e+002 6.85343049e-015 2.03195438e-016 7.15274382e-004
 7.33312366e+002 6.85082700e-015 2.05389707e-016 7.15151488e-004
 7.40379785e+002 6.84822405e-015 2.07578942e-016 7.15028595e-004
 7.47447203e+002 6.84562164e-015 2.09763154e-016 7.14905701e-004
 7.54514621e+002 6.84301977e-015 2.11942351e-016 7.14782808e-004
 7.61582039e+002 6.84041844e-015 2.14116542e-016 7.14659914e-004
 7.68649457e+002 6.83781766e-015 2.16285734e-016 7.14537021e-004
 7.75716876e+002 6.83521742e-015 2.18449937e-016 7.14414127e-004
 7.82784294e+002 6.83261772e-015 2.20609159e-016 7.14291234e-004
 7.89851712e+002 6.83001856e-015 2.22763408e-016 7.14168341e-004
 7.96919130e+002 6.82741995e-015 2.24912694e-016 7.14045447e-004
 8.03986548e+002 6.82482188e-015 2.27057025e-016 7.13922554e-004
 8.11053966e+002 6.82222435e-015 2.29196408e-016 7.13799660e-004
 8.18121385e+002 6.81962736e-015 2.31330854e-016 7.13676767e-004
 8.25188803e+002 6.81703091e-015 2.33460369e-016 7.13553874e-004
 8.32256221e+002 6.81443501e-015 2.35584963e-016 7.13430981e-004
 8.39323639e+002 6.81183964e-015 2.37704644e-016 7.13308087e-004
 8.46391057e+002 6.80924482e-015 2.39819421e-016 7.13185194e-004
 8.53458475e+002 6.80665055e-015 2.41929302e-016 7.13062301e-004
 8.60525894e+002 6.80405681e-015 2.44034295e-016 7.12939408e-004
 8.67593312e+002 6.80146361e-015 2.46134408e-016 7.12816514e-004
 8.74660730e+002 6.79887096e-015 2.48229651e-016 7.12693621e-004
 8.81728148e+002 6.79627885e-015 2.50320031e-016 7.12570728e-004
 8.88795566e+002 6.79368728e-015 2.52405558e-016 7.12447835e-004
 8.95862985e+002 6.79109625e-015 2.54486238e-016 7.12324942e-004
 9.02930403e+002 6.78850577e-015 2.56562081e-016 7.12202049e-004
 9.09997821e+002 6.78591582e-015 2.58633094e-016 7.12079156e-004
 9.17065239e+002 6.78332642e-015 2.60699287e-016 7.11956263e-004
 9.24132657e+002 6.78073756e-015 2.62760668e-016 7.11833370e-004
 9.31200075e+002 6.77814924e-015 2.64817244e-016 7.11710477e-004
 9.38267494e+002 6.77556146e-015 2.66869024e-016 7.11587584e-004
 9.45334912e+002 6.77297423e-015 2.68916017e-016 7.11464691e-004
 9.52402330e+002 6.77038753e-015 2.70958230e-016 7.11341798e-004
 9.59469748e+002 6.76780138e-015 2.72995671e-016 7.11218905e-004
 9.66537166e+002 6.76521577e-015 2.75028350e-016 7.11096012e-004
 9.73604585e+002 6.76263070e-015 2.77056274e-016 7.10973119e-004
 9.80672003e+002 6.76004617e-015 2.79079451e-016 7.10850226e-004
 9.87739421e+002 6.75746219e-015 2.81097890e-016 7.10727333e-004
 9.94806839e+002 6.75487874e-015 2.83111599e-016 7.10604441e-004
 1.00187426e+003 6.75229584e-015 2.85120586e-016 7.10481548e-004
 1.00894168e+003 6.74971348e-015 2.87124859e-016 7.10358655e-004
 1.01600909e+003 6.74713166e-015 2.89124426e-016 7.10235762e-004
 1.02307651e+003 6.74455038e-015 2.91119295e-016 7.10112870e-004
 1.03014393e+003 6.74196964e-015 2.93109475e-016 7.09989977e-004
 1.03721135e+003 6.73938945e-015 2.95094973e-016 7.09867084e-004
 1.04427877e+003 6.73680979e-015 2.97075798e-016 7.09744192e-004
 1.05134618e+003 6.73423068e-015 2.99051958e-016 7.09621299e-004
 1.05841360e+003 6.73165211e-015 3.01023460e-016 7.09498406e-004
 1.06548102e+003 6.72907408e-015 3.02990313e-016 7.09375514e-004
 1.07254844e+003 6.72649659e-015 3.04952525e-016 7.09252621e-004
 1.07961586e+003 6.72391964e-015 3.06910104e-016 7.09129729e-004
 1.08668328e+003 6.72134323e-015 3.08863058e-016 7.09006836e-004
 1.09375069e+003 6.71876737e-015 3.10811395e-016 7.08883944e-004
 1.10081811e+003 6.71619204e-015 3.12755123e-016 7.08761051e-004
 1.10788553e+003 6.71361726e-015 3.14694250e-016 7.08638159e-004
 1.11495295e+003 6.71104302e-015 3.16628783e-016 7.08515266e-004
 1.12202037e+003 6.70846932e-015 3.18558732e-016 7.08392374e-004
 1.12908778e+003 6.70589616e-015 3.20484103e-016 7.08269481e-004
 1.13615520e+003 6.70332354e-015 3.22404904e-016 7.08146589e-004
 1.14322262e+003 6.70075146e-015 3.24321145e-016 7.08023696e-004
 1.15029004e+003 6.69817993e-015 3.26232831e-016 7.07900804e-004
 1.15735746e+003 6.69560893e-015 3.28139973e-016 7.07777912e-004
 1.16442488e+003 6.69303848e-015 3.30042576e-016 7.07655019e-004
 1.17149229e+003 6.69046856e-015 3.31940650e-016 7.07532127e-004
 1.17855971e+003 6.68789919e-015 3.33834201e-016 7.07409235e-004
 1.18562713e+003 6.68533036e-015 3.35723239e-016 7.07286343e-004
 1.19269455e+003 6.68276207e-015 3.37607770e-016 7.07163450e-004
 1.19976197e+003 6.68019432e-015 3.39487803e-016 7.07040558e-004
 1.20682938e+003 6.67762711e-015 3.41363345e-016 7.06917666e-004
 1.21389680e+003 6.67506045e-015 3.43234404e-016 7.06794774e-004
 1.22096422e+003 6.67249432e-015 3.45100988e-016 7.06671882e-004
 1.22803164e+003 6.66992873e-015 3.46963104e-016 7.06548990e-004
 1.23509906e+003 6.66736369e-015 3.48820762e-016 7.06426098e-004
 1.24216648e+003 6.66479919e-015 3.50673967e-016 7.06303205e-004
 1.24923389e+003 6.66223522e-015 3.52522728e-016 7.06180313e-004
 1.25630131e+003 6.65967180e-015 3.54367053e-016 7.06057421e-004
 1.26336873e+003 6.65710892e-015 3.56206949e-016 7.05934529e-004
 1.27043615e+003 6.65454658e-015 3.58042425e-016 7.05811637e-004
 1.27750357e+003 6.65198478e-015 3.59873487e-016 7.05688745e-004
 1.28457098e+003 6.64942352e-015 3.61700143e-016 7.05565853e-004
 1.29163840e+003 6.64686280e-015 3.63522402e-016 7.05442961e-004
 1.29870582e+003 6.64430262e-015 3.65340271e-016 7.05320070e-004
 1.30577324e+003 6.64174298e-015 3.67153757e-016 7.05197178e-004
 1.31284066e+003 6.63918389e-015 3.68962868e-016 7.05074286e-004
 1.31990808e+003 6.63662533e-015 3.70767611e-016 7.04951394e-004
 1.32697549e+003 6.63406731e-015 3.72567995e-016 7.04828502e-004
 1.33404291e+003 6.63150984e-015 3.74364027e-016 7.04705610e-004
 1.34111033e+003 6.62895290e-015 3.76155715e-016 7.04582719e-004
 1.34817775e+003 6.62639651e-015 3.77943065e-016 7.04459827e-004
 1.35524517e+003 6.62384066e-015 3.79726086e-016 7.04336935e-004
 1.36231258e+003 6.62128534e-015 3.81504785e-016 7.04214043e-004
 1.36938000e+003 6.61873057e-015 3.83279170e-016 7.04091152e-004
 1.37644742e+003 6.61617634e-015 3.85049249e-016 7.03968260e-004
 1.38351484e+003 6.61362265e-015 3.86815028e-016 7.03845368e-004
 1.39058226e+003 6.61106950e-015 3.88576515e-016 7.03722477e-004
 1.39764968e+003 6.60851689e-015 3.90333718e-016 7.03599585e-004
 1.40471709e+003 6.60596482e-015 3.92086644e-016 7.03476693e-004
 1.41178451e+003 6.60341328e-015 3.93835302e-016 7.03353802e-004
 1.41885193e+003 6.60086229e-015 3.95579697e-016 7.03230910e-004
 1.42591935e+003 6.59831185e-015 3.97319838e-016 7.03108019e-004
 1.43298677e+003 6.59576194e-015 3.99055732e-016 7.02985127e-004
 1.44005418e+003 6.59321257e-015 4.00787386e-016 7.02862236e-004
 1.44712160e+003 6.59066374e-015 4.02514809e-016 7.02739344e-004
 1.45418902e+003 6.58811545e-015 4.04238007e-016 7.02616453e-004
 1.46125644e+003 6.58556770e-015 4.05956987e-016 7.02493561e-004
 1.46832386e+003 6.58302049e-015 4.07671758e-016 7.02370670e-004
 1.47539128e+003 6.58047382e-015 4.09382326e-016 7.02247779e-004
 1.48245869e+003 6.57792770e-015 4.11088699e-016 7.02124887e-004
 1.48952611e+003 6.57538211e-015 4.12790884e-016 7.02001996e-004
 1.49659353e+003 6.57283706e-015 4.14488889e-016 7.01879105e-004
 1.50366095e+003 6.57029255e-015 4.16182720e-016 7.01756213e-004
 1.51072837e+003 6.56774859e-015 4.17872386e-016 7.01633322e-004
 1.51779578e+003 6.56520516e-015 4.19557893e-016 7.01510431e-004
 1.52486320e+003 6.56266227e-015 4.21239249e-016 7.01387540e-004
 1.53193062e+003 6.56011992e-015 4.22916461e-016 7.01264648e-004
 1.53899804e+003 6.55757812e-015 4.24589537e-016 7.01141757e-004
 1.54606546e+003 6.55503685e-015 4.26258483e-016 7.01018866e-004
 1.55313288e+003 6.55249612e-015 4.27923306e-016 7.00895975e-004
 1.56020029e+003 6.54995593e-015 4.29584015e-016 7.00773084e-004
 1.56726771e+003 6.54741629e-015 4.31240616e-016 7.00650193e-004
 1.57433513e+003 6.54487718e-015 4.32893117e-016 7.00527301e-004
 1.58140255e+003 6.54233861e-015 4.34541524e-016 7.00404410e-004
 1.58846997e+003 6.53980058e-015 4.36185846e-016 7.00281519e-004
 1.59553738e+003 6.53726309e-015 4.37826088e-016 7.00158628e-004
 1.60260480e+003 6.53472614e-015 4.39462259e-016 7.00035737e-004
 1.60967222e+003 6.53218974e-015 4.41094365e-016 6.99912846e-004
 1.61673964e+003 6.52965387e-015 4.42722413e-016 6.99789955e-004
 1.62380706e+003 6.52711854e-015 4.44346411e-016 6.99667064e-004
 1.63087448e+003 6.52458375e-015 4.45966367e-016 6.99544174e-004
 1.63794189e+003 6.52204950e-015 4.47582286e-016 6.99421283e-004
 1.64500931e+003 6.51951579e-015 4.49194176e-016 6.99298392e-004
 1.65207673e+003 6.51698262e-015 4.50802044e-016 6.99175501e-004
 1.65914415e+003 6.51444999e-015 4.52405898e-016 6.99052610e-004
 1.66621157e+003 6.51191790e-015 4.54005743e-016 6.98929719e-004
 1.67327898e+003 6.50938634e-015 4.55601589e-016 6.98806829e-004
 1.68034640e+003 6.50685533e-015 4.57193440e-016 6.98683938e-004
 1.68741382e+003 6.50432486e-015 4.58781305e-016 6.98561047e-004
 1.69448124e+003 6.50179493e-015 4.60365191e-016 6.98438156e-004
 1.70154866e+003 6.49926553e-015 4.61945104e-016 6.98315266e-004
 1.70861608e+003 6.49673668e-015 4.63521051e-016 6.98192375e-004
 1.71568349e+003 6.49420836e-015 4.65093040e-016 6.98069484e-004
 1.72275091e+003 6.49168059e-015 4.66661078e-016 6.97946594e-004
 1.72981833e+003 6.48915335e-015 4.68225171e-016 6.97823703e-004
 1.73688575e+003 6.48662666e-015 4.69785326e-016 6.97700812e-004
 1.74395317e+003 6.48410050e-015 4.71341551e-016 6.97577922e-004
 1.75102058e+003 6.48157488e-015 4.72893852e-016 6.97455031e-004
 1.75808800e+003 6.47904980e-015 4.74442237e-016 6.97332141e-004
 1.76515542e+003 6.47652527e-015 4.75986711e-016 6.97209250e-004
 1.77222284e+003 6.47400127e-015 4.77527283e-016 6.97086360e-004
 1.77929026e+003 6.47147781e-015 4.79063959e-016 6.96963469e-004
 1.78635768e+003 6.46895489e-015 4.80596745e-016 6.96840579e-004
 1.79342509e+003 6.46643250e-015 4.82125650e-016 6.96717688e-004
 1.80049251e+003 6.46391066e-015 4.83650679e-016 6.96594798e-004
 1.80755993e+003 6.46138936e-015 4.85171839e-016 6.96471908e-004
 1.81462735e+003 6.45886859e-015 4.86689138e-016 6.96349017e-004
 1.82169477e+003 6.45634837e-015 4.88202582e-016 6.96226127e-004
 1.82876218e+003 6.45382868e-015 4.89712178e-016 6.96103237e-004
 1.83582960e+003 6.45130954e-015 4.91217933e-016 6.95980346e-004
 1.84289702e+003 6.44879093e-015 4.92719854e-016 6.95857456e-004
 1.84996444e+003 6.44627286e-015 4.94217946e-016 6.95734566e-004
 1.85703186e+003 6.44375533e-015 4.95712219e-016 6.95611676e-004
 1.86409928e+003 6.44123834e-015 4.97202677e-016 6.95488785e-004
 1.87116669e+003 6.43872189e-015 4.98689327e-016 6.95365895e-004
 1.87823411e+003 6.43620598e-015 5.00172178e-016 6.95243005e-004
 1.88530153e+003 6.43369061e-015 5.01651234e-016 6.95120115e-004
 1.89236895e+003 6.43117577e-015 5.03126504e-016 6.94997225e-004
 1.89943637e+003 6.42866148e-015 5.04597993e-016 6.94874335e-004
 1.90650378e+003 6.42614772e-015 5.06065709e-016 6.94751445e-004
 1.91357120e+003 6.42363450e-015 5.07529657e-016 6.94628555e-004
 1.92063862e+003 6.42112183e-015 5.08989846e-016 6.94505665e-004
 1.92770604e+003 6.41860969e-015 5.10446281e-016 6.94382775e-004
 1.93477346e+003 6.41609809e-015 5.11898969e-016 6.94259885e-004
 1.94184088e+003 6.41358702e-015 5.13347917e-016 6.94136995e-004
 1.94890829e+003 6.41107650e-015 5.14793131e-016 6.94014105e-004
 1.95597571e+003 6.40856652e-015 5.16234619e-016 6.93891215e-004
 1.96304313e+003 6.40605707e-015 5.17672386e-016 6.93768325e-004
 1.97011055e+003 6.40354816e-015 5.19106440e-016 6.93645435e-004
 1.97717797e+003 6.40103980e-015 5.20536786e-016 6.93522545e-004
 1.98424538e+003 6.39853197e-015 5.21963432e-016 6.93399655e-004
 1.99131280e+003 6.39602468e-015 5.23386385e-016 6.93276765e-004
 1.99838022e+003 6.39351792e-015 5.24805650e-016 6.93153876e-004
 2.00544764e+003 6.39101171e-015 5.26221234e-016 6.93030986e-004
 2.01251506e+003 6.38850604e-015 5.27633144e-016 6.92908096e-004
 2.01958247e+003 6.38600090e-015 5.29041386e-016 6.92785206e-004
 2.02664989e+003 6.38349630e-015 5.30445968e-016 6.92662317e-004
 2.03371731e+003 6.38099224e-015 5.31846895e-016 6.92539427e-004
 2.04078473e+003 6.37848872e-015 5.33244174e-016 6.92416537e-004
 2.04785215e+003 6.37598574e-015 5.34637811e-016 6.92293648e-004
 2.05491957e+003 6.37348330e-015 5.36027813e-016 6.92170758e-004
 2.06198698e+003 6.37098139e-015 5.37414187e-016 6.92047868e-004
 2.06905440e+003 6.36848003e-015 5.38796939e-016 6.91924979e-004
 2.07612182e+003 6.36597920e-015 5.40176075e-016 6.91802089e-004
 2.08318924e+003 6.36347891e-015 5.41551602e-016 6.91679200e-004
 2.09025666e+003 6.36097916e-015 5.42923526e-016 6.91556310e-004
 2.09732407e+003 6.35847995e-015 5.44291854e-016 6.91433421e-004
 2.10439149e+003 6.35598127e-015 5.45656592e-016 6.91310531e-004
 2.11145891e+003 6.35348314e-015 5.47017747e-016 6.91187642e-004
 2.11852633e+003 6.35098554e-015 5.48375324e-016 6.91064753e-004
 2.12559375e+003 6.34848848e-015 5.49729332e-016 6.90941863e-004
 2.13266117e+003 6.34599196e-015 5.51079775e-016 6.90818974e-004
 2.13972858e+003 6.34349597e-015 5.52426660e-016 6.90696084e-004
 2.14679600e+003 6.34100053e-015 5.53769993e-016 6.90573195e-004
 2.15386342e+003 6.33850562e-015 5.55109782e-016 6.90450306e-004
 2.16093084e+003 6.33601126e-015 5.56446031e-016 6.90327416e-004
 2.16799826e+003 6.33351743e-015 5.57778749e-016 6.90204527e-004
 2.17506567e+003 6.33102413e-015 5.59107940e-016 6.90081638e-004
 2.18213309e+003 6.32853138e-015 5.60433611e-016 6.89958749e-004
 2.18920051e+003 6.32603916e-015 5.61755769e-016 6.89835860e-004
 2.19626793e+003 6.32354749e-015 5.63074420e-016 6.89712970e-004
 2.20333535e+003 6.32105635e-015 5.64389570e-016 6.89590081e-004
 2.21040277e+003 6.31856575e-015 5.65701225e-016 6.89467192e-004
 2.21747018e+003 6.31607568e-015 5.67009392e-016 6.89344303e-004
 2.22453760e+003 6.31358616e-015 5.68314076e-016 6.89221414e-004
 2.23160502e+003 6.31109717e-015 5.69615285e-016 6.89098525e-004
 2.23867244e+003 6.30860872e-015 5.70913025e-016 6.88975636e-004
 2.24573986e+003 6.30612081e-015 5.72207301e-016 6.88852747e-004
 2.25280727e+003 6.30363344e-015 5.73498119e-016 6.88729858e-004
 2.25987469e+003 6.30114660e-015 5.74785487e-016 6.88606969e-004
 2.26694211e+003 6.29866030e-015 5.76069410e-016 6.88484080e-004
 2.27400953e+003 6.29617454e-015 5.77349895e-016 6.88361191e-004
 2.28107695e+003 6.29368932e-015 5.78626947e-016 6.88238302e-004
 2.28814437e+003 6.29120464e-015 5.79900573e-016 6.88115413e-004
 2.29521178e+003 6.28872049e-015 5.81170779e-016 6.87992524e-004
 2.30227920e+003 6.28623688e-015 5.82437571e-016 6.87869635e-004
 2.30934662e+003 6.28375381e-015 5.83700956e-016 6.87746746e-004
 2.31641404e+003 6.28127128e-015 5.84960938e-016 6.87623858e-004
 2.32348146e+003 6.27878929e-015 5.86217526e-016 6.87500969e-004
 2.33054887e+003 6.27630783e-015 5.87470723e-016 6.87378080e-004
 2.33761629e+003 6.27382691e-015 5.88720538e-016 6.87255191e-004
 2.34468371e+003 6.27134653e-015 5.89966975e-016 6.87132303e-004
 2.35175113e+003 6.26886668e-015 5.91210042e-016 6.87009414e-004
 2.35881855e+003 6.26638738e-015 5.92449743e-016 6.86886525e-004
 2.36588597e+003 6.26390861e-015 5.93686086e-016 6.86763637e-004
 2.37295338e+003 6.26143037e-015 5.94919075e-016 6.86640748e-004
 2.38002080e+003 6.25895268e-015 5.96148718e-016 6.86517859e-004
 2.38708822e+003 6.25647552e-015 5.97375020e-016 6.86394971e-004
 2.39415564e+003 6.25399891e-015 5.98597987e-016 6.86272082e-004
 2.40122306e+003 6.25152282e-015 5.99817625e-016 6.86149194e-004
 2.40829047e+003 6.24904728e-015 6.01033941e-016 6.86026305e-004
 2.41535789e+003 6.24657227e-015 6.02246940e-016 6.85903417e-004
 2.42242531e+003 6.24409781e-015 6.03456628e-016 6.85780528e-004
 2.42949273e+003 6.24162387e-015 6.04663011e-016 6.85657640e-004
 2.43656015e+003 6.23915048e-015 6.05866096e-016 6.85534751e-004
 2.44362757e+003 6.23667762e-015 6.07065888e-016 6.85411863e-004
 2.45069498e+003 6.23420530e-015 6.08262393e-016 6.85288975e-004
 2.45776240e+003 6.23173352e-015 6.09455617e-016 6.85166086e-004
 2.46482982e+003 6.22926228e-015 6.10645565e-016 6.85043198e-004
 2.47189724e+003 6.22679157e-015 6.11832245e-016 6.84920310e-004
 2.47896466e+003 6.22432140e-015 6.13015662e-016 6.84797421e-004
 2.48603207e+003 6.22185177e-015 6.14195822e-016 6.84674533e-004
 2.49309949e+003 6.21938267e-015 6.15372730e-016 6.84551645e-004
 2.50016691e+003 6.21691411e-015 6.16546392e-016 6.84428757e-004
 2.50723433e+003 6.21444609e-015 6.17716815e-016 6.84305868e-004
 2.51430175e+003 6.21197861e-015 6.18884005e-016 6.84182980e-004
 2.52136917e+003 6.20951166e-015 6.20047966e-016 6.84060092e-004
 2.52843658e+003 6.20704525e-015 6.21208706e-016 6.83937204e-004
 2.53550400e+003 6.20457938e-015 6.22366229e-016 6.83814316e-004
 2.54257142e+003 6.20211404e-015 6.23520542e-016 6.83691428e-004
 2.54963884e+003 6.19964924e-015 6.24671651e-016 6.83568540e-004
 2.55670626e+003 6.19718498e-015 6.25819561e-016 6.83445652e-004
 2.56377367e+003 6.19472126e-015 6.26964278e-016 6.83322764e-004
 2.57084109e+003 6.19225807e-015 6.28105808e-016 6.83199876e-004
 2.57790851e+003 6.18979542e-015 6.29244156e-016 6.83076988e-004
 2.58497593e+003 6.18733331e-015 6.30379329e-016 6.82954100e-004
 2.59204335e+003 6.18487173e-015 6.31511333e-016 6.82831212e-004
 2.59911077e+003 6.18241069e-015 6.32640172e-016 6.82708324e-004
 2.60617818e+003 6.17995019e-015 6.33765853e-016 6.82585436e-004
 2.61324560e+003 6.17749022e-015 6.34888382e-016 6.82462548e-004
 2.62031302e+003 6.17503080e-015 6.36007764e-016 6.82339660e-004
 2.62738044e+003 6.17257190e-015 6.37124004e-016 6.82216772e-004
 2.63444786e+003 6.17011355e-015 6.38237110e-016 6.82093885e-004
 2.64151527e+003 6.16765573e-015 6.39347086e-016 6.81970997e-004
 2.64858269e+003 6.16519845e-015 6.40453938e-016 6.81848109e-004
 2.65565011e+003 6.16274170e-015 6.41557672e-016 6.81725221e-004
 2.66271753e+003 6.16028550e-015 6.42658293e-016 6.81602334e-004
 2.66978495e+003 6.15782983e-015 6.43755807e-016 6.81479446e-004
 2.67685237e+003 6.15537469e-015 6.44850220e-016 6.81356558e-004
 2.68391978e+003 6.15292009e-015 6.45941538e-016 6.81233671e-004
 2.69098720e+003 6.15046603e-015 6.47029766e-016 6.81110783e-004
 2.69805462e+003 6.14801251e-015 6.48114909e-016 6.80987895e-004
 2.70512204e+003 6.14555952e-015 6.49196974e-016 6.80865008e-004
 2.71218946e+003 6.14310707e-015 6.50275966e-016 6.80742120e-004
 2.71925687e+003 6.14065515e-015 6.51351890e-016 6.80619233e-004
 2.72632429e+003 6.13820378e-015 6.52424752e-016 6.80496345e-004
 2.73339171e+003 6.13575294e-015 6.53494559e-016 6.80373458e-004
 2.74045913e+003 6.13330263e-015 6.54561314e-016 6.80250570e-004
 2.74752655e+003 6.13085286e-015 6.55625025e-016 6.80127683e-004
 2.75459397e+003 6.12840363e-015 6.56685695e-016 6.80004795e-004
 2.76166138e+003 6.12595493e-015 6.57743332e-016 6.79881908e-004
 2.76872880e+003 6.12350678e-015 6.58797941e-016 6.79759021e-004
 2.77579622e+003 6.12105915e-015 6.59849527e-016 6.79636133e-004
 2.78286364e+003 6.11861207e-015 6.60898095e-016 6.79513246e-004
 2.78993106e+003 6.11616552e-015 6.61943652e-016 6.79390359e-004
 2.79699847e+003 6.11371950e-015 6.62986202e-016 6.79267471e-004
 2.80406589e+003 6.11127403e-015 6.64025751e-016 6.79144584e-004
 2.81113331e+003 6.10882909e-015 6.65062305e-016 6.79021697e-004
 2.81820073e+003 6.10638468e-015 6.66095869e-016 6.78898810e-004
 2.82526815e+003 6.10394081e-015 6.67126449e-016 6.78775923e-004
 2.83233557e+003 6.10149748e-015 6.68154050e-016 6.78653035e-004
 2.83940298e+003 6.09905468e-015 6.69178678e-016 6.78530148e-004
 2.84647040e+003 6.09661243e-015 6.70200337e-016 6.78407261e-004
 2.85353782e+003 6.09417070e-015 6.71219034e-016 6.78284374e-004
 2.86060524e+003 6.09172951e-015 6.72234774e-016 6.78161487e-004
 2.86767266e+003 6.08928886e-015 6.73247562e-016 6.78038600e-004
 2.87474007e+003 6.08684875e-015 6.74257404e-016 6.77915713e-004
 2.88180749e+003 6.08440917e-015 6.75264306e-016 6.77792826e-004
 2.88887491e+003 6.08197013e-015 6.76268271e-016 6.77669939e-004
 2.89594233e+003 6.07953162e-015 6.77269307e-016 6.77547052e-004
 2.90300975e+003 6.07709365e-015 6.78267418e-016 6.77424165e-004
 2.91007717e+003 6.07465622e-015 6.79262609e-016 6.77301278e-004
 2.91714458e+003 6.07221932e-015 6.80254887e-016 6.77178391e-004
 2.92421200e+003 6.06978296e-015 6.81244256e-016 6.77055504e-004
 2.93127942e+003 6.06734713e-015 6.82230722e-016 6.76932617e-004
 2.93834684e+003 6.06491184e-015 6.83214290e-016 6.76809731e-004
 2.94541426e+003 6.06247708e-015 6.84194965e-016 6.76686844e-004
 2.95248167e+003 6.06004286e-015 6.85172754e-016 6.76563957e-004
 2.95954909e+003 6.05760918e-015 6.86147660e-016 6.76441070e-004
 2.96661651e+003 6.05517603e-015 6.87119690e-016 6.76318184e-004
 2.97368393e+003 6.05274342e-015 6.88088848e-016 6.76195297e-004
 2.98075135e+003 6.05031135e-015 6.89055140e-016 6.76072410e-004
 2.98781877e+003 6.04787981e-015 6.90018572e-016 6.75949523e-004
 2.99488618e+003 6.04544881e-015 6.90979148e-016 6.75826637e-004
 3.00195360e+003 6.04301834e-015 6.91936873e-016 6.75703750e-004
 3.00902102e+003 6.04058841e-015 6.92891754e-016 6.75580864e-004
 3.01608844e+003 6.03815901e-015 6.93843795e-016 6.75457977e-004
 3.02315586e+003 6.03573015e-015 6.94793002e-016 6.75335091e-004
 3.03022327e+003 6.03330182e-015 6.95739380e-016 6.75212204e-004
 3.03729069e+003 6.03087403e-015 6.96682933e-016 6.75089317e-004
 3.04435811e+003 6.02844678e-015 6.97623668e-016 6.74966431e-004
 3.05142553e+003 6.02602006e-015 6.98561589e-016 6.74843545e-004
 3.05849295e+003 6.02359388e-015 6.99496701e-016 6.74720658e-004
 3.06556037e+003 6.02116823e-015 7.00429011e-016 6.74597772e-004
 3.07262778e+003 6.01874312e-015 7.01358522e-016 6.74474885e-004
 3.07969520e+003 6.01631854e-015 7.02285240e-016 6.74351999e-004
 3.08676262e+003 6.01389450e-015 7.03209171e-016 6.74229113e-004
 3.09383004e+003 6.01147100e-015 7.04130319e-016 6.74106226e-004
 3.10089746e+003 6.00904803e-015 7.05048690e-016 6.73983340e-004
 3.10796487e+003 6.00662560e-015 7.05964289e-016 6.73860454e-004
 3.11503229e+003 6.00420370e-015 7.06877120e-016 6.73737567e-004
 3.12209971e+003 6.00178233e-015 7.07787190e-016 6.73614681e-004
 3.12916713e+003 5.99936151e-015 7.08694503e-016 6.73491795e-004
 3.13623455e+003 5.99694121e-015 7.09599063e-016 6.73368909e-004
 3.14330197e+003 5.99452146e-015 7.10500878e-016 6.73246023e-004
 3.15036938e+003 5.99210223e-015 7.11399950e-016 6.73123137e-004
 3.15743680e+003 5.98968355e-015 7.12296286e-016 6.73000250e-004
 3.16450422e+003 5.98726540e-015 7.13189891e-016 6.72877364e-004
 3.17157164e+003 5.98484778e-015 7.14080769e-016 6.72754478e-004
 3.17863906e+003 5.98243070e-015 7.14968926e-016 6.72631592e-004
 3.18570647e+003 5.98001416e-015 7.15854367e-016 6.72508706e-004
 3.19277389e+003 5.97759815e-015 7.16737097e-016 6.72385820e-004
 3.19984131e+003 5.97518267e-015 7.17617120e-016 6.72262934e-004
 3.20690873e+003 5.97276773e-015 7.18494442e-016 6.72140048e-004
 3.21397615e+003 5.97035333e-015 7.19369068e-016 6.72017162e-004
 3.22104357e+003 5.96793946e-015 7.20241003e-016 6.71894277e-004
 3.22811098e+003 5.96552612e-015 7.21110252e-016 6.71771391e-004
 3.23517840e+003 5.96311332e-015 7.21976820e-016 6.71648505e-004
 3.24224582e+003 5.96070106e-015 7.22840712e-016 6.71525619e-004
 3.24931324e+003 5.95828933e-015 7.23701932e-016 6.71402733e-004
 3.25638066e+003 5.95587813e-015 7.24560486e-016 6.71279847e-004
 3.26344807e+003 5.95346748e-015 7.25416379e-016 6.71156962e-004
 3.27051549e+003 5.95105735e-015 7.26269616e-016 6.71034076e-004
 3.27758291e+003 5.94864776e-015 7.27120202e-016 6.70911190e-004
 3.28465033e+003 5.94623871e-015 7.27968141e-016 6.70788304e-004
 3.29171775e+003 5.94383019e-015 7.28813438e-016 6.70665419e-004
 3.29878517e+003 5.94142220e-015 7.29656100e-016 6.70542533e-004
 3.30585258e+003 5.93901475e-015 7.30496129e-016 6.70419647e-004
 3.31292000e+003 5.93660784e-015 7.31333532e-016 6.70296762e-004
 3.31998742e+003 5.93420146e-015 7.32168313e-016 6.70173876e-004
 3.32705484e+003 5.93179561e-015 7.33000477e-016 6.70050991e-004
 3.33412226e+003 5.92939030e-015 7.33830029e-016 6.69928105e-004
 3.34118967e+003 5.92698553e-015 7.34656974e-016 6.69805220e-004
 3.34825709e+003 5.92458129e-015 7.35481316e-016 6.69682334e-004
 3.35532451e+003 5.92217758e-015 7.36303061e-016 6.69559449e-004
 3.36239193e+003 5.91977441e-015 7.37122214e-016 6.69436563e-004
 3.36945935e+003 5.91737177e-015 7.37938779e-016 6.69313678e-004
 3.37652677e+003 5.91496967e-015 7.38752761e-016 6.69190793e-004
 3.38359418e+003 5.91256810e-015 7.39564165e-016 6.69067907e-004
 3.39066160e+003 5.91016707e-015 7.40372995e-016 6.68945022e-004
 3.39772902e+003 5.90776657e-015 7.41179258e-016 6.68822136e-004
 3.40479644e+003 5.90536661e-015 7.41982956e-016 6.68699251e-004
 3.41186386e+003 5.90296718e-015 7.42784096e-016 6.68576366e-004
 3.41893127e+003 5.90056828e-015 7.43582682e-016 6.68453481e-004
 3.42599869e+003 5.89816992e-015 7.44378718e-016 6.68330595e-004
 3.43306611e+003 5.89577210e-015 7.45172210e-016 6.68207710e-004
 3.44013353e+003 5.89337481e-015 7.45963162e-016 6.68084825e-004
 3.44720095e+003 5.89097805e-015 7.46751580e-016 6.67961940e-004
 3.45426837e+003 5.88858183e-015 7.47537467e-016 6.67839055e-004
 3.46133578e+003 5.88618614e-015 7.48320829e-016 6.67716170e-004
 3.46840320e+003 5.88379099e-015 7.49101670e-016 6.67593285e-004
 3.47547062e+003 5.88139637e-015 7.49879995e-016 6.67470400e-004
 3.48253804e+003 5.87900228e-015 7.50655808e-016 6.67347514e-004
 3.48960546e+003 5.87660873e-015 7.51429115e-016 6.67224629e-004
 3.49667287e+003 5.87421572e-015 7.52199921e-016 6.67101744e-004
 3.50374029e+003 5.87182323e-015 7.52968229e-016 6.66978860e-004
 3.51080771e+003 5.86943129e-015 7.53734045e-016 6.66855975e-004
 3.51787513e+003 5.86703987e-015 7.54497373e-016 6.66733090e-004
 3.52494255e+003 5.86464899e-015 7.55258217e-016 6.66610205e-004
 3.53200997e+003 5.86225865e-015 7.56016584e-016 6.66487320e-004
 3.53907738e+003 5.85986884e-015 7.56772477e-016 6.66364435e-004
 3.54614480e+003 5.85747956e-015 7.57525900e-016 6.66241550e-004
 3.55321222e+003 5.85509082e-015 7.58276859e-016 6.66118665e-004
 3.56027964e+003 5.85270261e-015 7.59025358e-016 6.65995781e-004
 3.56734706e+003 5.85031494e-015 7.59771402e-016 6.65872896e-004
 3.57441447e+003 5.84792780e-015 7.60514996e-016 6.65750011e-004
 3.58148189e+003 5.84554119e-015 7.61256143e-016 6.65627126e-004
 3.58854931e+003 5.84315512e-015 7.61994850e-016 6.65504242e-004
 3.59561673e+003 5.84076958e-015 7.62731119e-016 6.65381357e-004
 3.60268415e+003 5.83838458e-015 7.63464956e-016 6.65258472e-004
 3.60975157e+003 5.83600011e-015 7.64196366e-016 6.65135588e-004
 3.61681898e+003 5.83361617e-015 7.64925353e-016 6.65012703e-004
 3.62388640e+003 5.83123277e-015 7.65651921e-016 6.64889819e-004
 3.63095382e+003 5.82884990e-015 7.66376076e-016 6.64766934e-004
 3.63802124e+003 5.82646757e-015 7.67097821e-016 6.64644050e-004
 3.64508866e+003 5.82408577e-015 7.67817161e-016 6.64521165e-004
 3.65215607e+003 5.82170450e-015 7.68534101e-016 6.64398281e-004
 3.65922349e+003 5.81932377e-015 7.69248646e-016 6.64275396e-004
 3.66629091e+003 5.81694357e-015 7.69960799e-016 6.64152512e-004
 3.67335833e+003 5.81456390e-015 7.70670566e-016 6.64029627e-004
 3.68042575e+003 5.81218477e-015 7.71377951e-016 6.63906743e-004
 3.68749317e+003 5.80980617e-015 7.72082958e-016 6.63783859e-004
 3.69456058e+003 5.80742811e-015 7.72785592e-016 6.63660974e-004
 3.70162800e+003 5.80505058e-015 7.73485857e-016 6.63538090e-004
 3.70869542e+003 5.80267358e-015 7.74183759e-016 6.63415206e-004
 3.71576284e+003 5.80029712e-015 7.74879300e-016 6.63292321e-004
 3.72283026e+003 5.79792119e-015 7.75572487e-016 6.63169437e-004
 3.72989767e+003 5.79554580e-015 7.76263323e-016 6.63046553e-004
 3.73696509e+003 5.79317093e-015 7.76951812e-016 6.62923669e-004
 3.74403251e+003 5.79079660e-015 7.77637960e-016 6.62800785e-004
 3.75109993e+003 5.78842281e-015 7.78321770e-016 6.62677900e-004
 3.75816735e+003 5.78604955e-015 7.79003247e-016 6.62555016e-004
 3.76523477e+003 5.78367682e-015 7.79682396e-016 6.62432132e-004
 3.77230218e+003 5.78130463e-015 7.80359221e-016 6.62309248e-004
 3.77936960e+003 5.77893297e-015 7.81033726e-016 6.62186364e-004
 3.78643702e+003 5.77656184e-015 7.81705916e-016 6.62063480e-004
 3.79350444e+003 5.77419124e-015 7.82375795e-016 6.61940596e-004
 3.80057186e+003 5.77182118e-015 7.83043367e-016 6.61817712e-004
 3.80763927e+003 5.76945166e-015 7.83708637e-016 6.61694828e-004
 3.81470669e+003 5.76708266e-015 7.84371610e-016 6.61571944e-004
 3.82177411e+003 5.76471420e-015 7.85032289e-016 6.61449060e-004
 3.82884153e+003 5.76234627e-015 7.85690679e-016 6.61326177e-004
 3.83590895e+003 5.75997888e-015 7.86346785e-016 6.61203293e-004
 3.84297637e+003 5.75761202e-015 7.87000610e-016 6.61080409e-004
 3.85004378e+003 5.75524569e-015 7.87652159e-016 6.60957525e-004
 3.85711120e+003 5.75287990e-015 7.88301437e-016 6.60834641e-004
 3.86417862e+003 5.75051464e-015 7.88948447e-016 6.60711758e-004
 3.87124604e+003 5.74814991e-015 7.89593195e-016 6.60588874e-004
 3.87831346e+003 5.74578571e-015 7.90235683e-016 6.60465990e-004
 3.88538087e+003 5.74342205e-015 7.90875918e-016 6.60343106e-004
 3.89244829e+003 5.74105893e-015 7.91513902e-016 6.60220223e-004
 3.89951571e+003 5.73869633e-015 7.92149641e-016 6.60097339e-004
 3.90658313e+003 5.73633427e-015 7.92783138e-016 6.59974455e-004
 3.91365055e+003 5.73397274e-015 7.93414398e-016 6.59851572e-004
 3.92071797e+003 5.73161174e-015 7.94043425e-016 6.59728688e-004
 3.92778538e+003 5.72925128e-015 7.94670223e-016 6.59605805e-004
 3.93485280e+003 5.72689135e-015 7.95294797e-016 6.59482921e-004
 3.94192022e+003 5.72453195e-015 7.95917150e-016 6.59360038e-004
 3.94898764e+003 5.72217309e-015 7.96537288e-016 6.59237154e-004
 3.95605506e+003 5.71981476e-015 7.97155214e-016 6.59114271e-004
 3.96312247e+003 5.71745696e-015 7.97770933e-016 6.58991387e-004
 3.97018989e+003 5.71509970e-015 7.98384448e-016 6.58868504e-004
 3.97725731e+003 5.71274296e-015 7.98995765e-016 6.58745621e-004
 3.98432473e+003 5.71038676e-015 7.99604886e-016 6.58622737e-004
 3.99139215e+003 5.70803110e-015 8.00211817e-016 6.58499854e-004
 3.99845957e+003 5.70567596e-015 8.00816562e-016 6.58376971e-004
 4.00552698e+003 5.70332136e-015 8.01419124e-016 6.58254087e-004
 4.01259440e+003 5.70096729e-015 8.02019508e-016 6.58131204e-004
 4.01966182e+003 5.69861376e-015 8.02617719e-016 6.58008321e-004
 4.02672924e+003 5.69626076e-015 8.03213759e-016 6.57885438e-004
 4.03379666e+003 5.69390829e-015 8.03807635e-016 6.57762555e-004
 4.04086407e+003 5.69155635e-015 8.04399348e-016 6.57639671e-004
 4.04793149e+003 5.68920494e-015 8.04988905e-016 6.57516788e-004
 4.05499891e+003 5.68685407e-015 8.05576308e-016 6.57393905e-004
 4.06206633e+003 5.68450373e-015 8.06161563e-016 6.57271022e-004
 4.06913375e+003 5.68215393e-015 8.06744673e-016 6.57148139e-004
 4.07620116e+003 5.67980465e-015 8.07325641e-016 6.57025256e-004
 4.08326858e+003 5.67745591e-015 8.07904474e-016 6.56902373e-004
 4.09033600e+003 5.67510770e-015 8.08481174e-016 6.56779490e-004
 4.09740342e+003 5.67276002e-015 8.09055745e-016 6.56656607e-004
 4.10447084e+003 5.67041288e-015 8.09628192e-016 6.56533724e-004
 4.11153826e+003 5.66806627e-015 8.10198519e-016 6.56410841e-004
 4.11860567e+003 5.66572019e-015 8.10766730e-016 6.56287958e-004
 4.12567309e+003 5.66337464e-015 8.11332828e-016 6.56165075e-004
 4.13274051e+003 5.66102963e-015 8.11896819e-016 6.56042193e-004
 4.13980793e+003 5.65868515e-015 8.12458706e-016 6.55919310e-004
 4.14687535e+003 5.65634120e-015 8.13018493e-016 6.55796427e-004
 4.15394276e+003 5.65399778e-015 8.13576184e-016 6.55673544e-004
 4.16101018e+003 5.65165490e-015 8.14131783e-016 6.55550661e-004
 4.16807760e+003 5.64931254e-015 8.14685295e-016 6.55427779e-004
 4.17514502e+003 5.64697072e-015 8.15236722e-016 6.55304896e-004
 4.18221244e+003 5.64462944e-015 8.15786070e-016 6.55182013e-004
 4.18927986e+003 5.64228868e-015 8.16333343e-016 6.55059131e-004
 4.19634727e+003 5.63994846e-015 8.16878543e-016 6.54936248e-004
 4.20341469e+003 5.63760877e-015 8.17421676e-016 6.54813366e-004
 4.21048211e+003 5.63526961e-015 8.17962745e-016 6.54690483e-004
 4.21754953e+003 5.63293098e-015 8.18501755e-016 6.54567600e-004
 4.22461695e+003 5.63059288e-015 8.19038709e-016 6.54444718e-004
 4.23168436e+003 5.62825532e-015 8.19573610e-016 6.54321835e-004
 4.23875178e+003 5.62591829e-015 8.20106465e-016 6.54198953e-004
 4.24581920e+003 5.62358179e-015 8.20637275e-016 6.54076071e-004
 4.25288662e+003 5.62124583e-015 8.21166046e-016 6.53953188e-004
 4.25995404e+003 5.61891039e-015 8.21692780e-016 6.53830306e-004
 4.26702146e+003 5.61657549e-015 8.22217483e-016 6.53707423e-004
 4.27408887e+003 5.61424112e-015 8.22740157e-016 6.53584541e-004
 4.28115629e+003 5.61190728e-015 8.23260808e-016 6.53461659e-004
 4.28822371e+003 5.60957397e-015 8.23779438e-016 6.53338776e-004
 4.29529113e+003 5.60724120e-015 8.24296052e-016 6.53215894e-004
 4.30235855e+003 5.60490896e-015 8.24810653e-016 6.53093012e-004
 4.30942596e+003 5.60257725e-015 8.25323246e-016 6.52970130e-004
 4.31649338e+003 5.60024607e-015 8.25833835e-016 6.52847247e-004
 4.32356080e+003 5.59791542e-015 8.26342423e-016 6.52724365e-004
 4.33062822e+003 5.59558531e-015 8.26849014e-016 6.52601483e-004
 4.33769564e+003 5.59325572e-015 8.27353612e-016 6.52478601e-004
 4.34476306e+003 5.59092667e-015 8.27856221e-016 6.52355719e-004
 4.35183047e+003 5.58859815e-015 8.28356845e-016 6.52232837e-004
 4.35889789e+003 5.58627016e-015 8.28855487e-016 6.52109955e-004
 4.36596531e+003 5.58394271e-015 8.29352152e-016 6.51987073e-004
 4.37303273e+003 5.58161578e-015 8.29846844e-016 6.51864191e-004
 4.38010015e+003 5.57928939e-015 8.30339565e-016 6.51741309e-004
 4.38716756e+003 5.57696353e-015 8.30830321e-016 6.51618427e-004
 4.39423498e+003 5.57463820e-015 8.31319114e-016 6.51495545e-004
 4.40130240e+003 5.57231340e-015 8.31805949e-016 6.51372663e-004
 4.40836982e+003 5.56998913e-015 8.32290830e-016 6.51249781e-004
 4.41543724e+003 5.56766540e-015 8.32773760e-016 6.51126899e-004
 4.42250466e+003 5.56534219e-015 8.33254743e-016 6.51004017e-004
 4.42957207e+003 5.56301952e-015 8.33733783e-016 6.50881135e-004
 4.43663949e+003 5.56069738e-015 8.34210884e-016 6.50758254e-004
 4.44370691e+003 5.55837577e-015 8.34686049e-016 6.50635372e-004
 4.45077433e+003 5.55605470e-015 8.35159283e-016 6.50512490e-004
 4.45784175e+003 5.55373415e-015 8.35630588e-016 6.50389608e-004
 4.46490916e+003 5.55141414e-015 8.36099969e-016 6.50266727e-004
 4.47197658e+003 5.54909465e-015 8.36567430e-016 6.50143845e-004
 4.47904400e+003 5.54677570e-015 8.37032974e-016 6.50020963e-004
 4.48611142e+003 5.54445728e-015 8.37496606e-016 6.49898082e-004
 4.49317884e+003 5.54213939e-015 8.37958328e-016 6.49775200e-004
 4.50024626e+003 5.53982203e-015 8.38418144e-016 6.49652319e-004
 4.50731367e+003 5.53750521e-015 8.38876059e-016 6.49529437e-004
 4.51438109e+003 5.53518891e-015 8.39332075e-016 6.49406556e-004
 4.52144851e+003 5.53287315e-015 8.39786198e-016 6.49283674e-004
 4.52851593e+003 5.53055791e-015 8.40238429e-016 6.49160793e-004
 4.53558335e+003 5.52824321e-015 8.40688774e-016 6.49037911e-004
 4.54265076e+003 5.52592904e-015 8.41137236e-016 6.48915030e-004
 4.54971818e+003 5.52361540e-015 8.41583818e-016 6.48792148e-004
 4.55678560e+003 5.52130229e-015 8.42028524e-016 6.48669267e-004
 4.56385302e+003 5.51898972e-015 8.42471358e-016 6.48546386e-004
 4.57092044e+003 5.51667767e-015 8.42912324e-016 6.48423504e-004
 4.57798786e+003 5.51436616e-015 8.43351425e-016 6.48300623e-004
 4.58505527e+003 5.51205517e-015 8.43788664e-016 6.48177742e-004
 4.59212269e+003 5.50974472e-015 8.44224046e-016 6.48054861e-004
 4.59919011e+003 5.50743480e-015 8.44657574e-016 6.47931979e-004
 4.60625753e+003 5.50512541e-015 8.45089252e-016 6.47809098e-004
 4.61332495e+003 5.50281655e-015 8.45519084e-016 6.47686217e-004
 4.62039236e+003 5.50050822e-015 8.45947072e-016 6.47563336e-004
 4.62745978e+003 5.49820042e-015 8.46373221e-016 6.47440455e-004
 4.63452720e+003 5.49589315e-015 8.46797535e-016 6.47317574e-004
 4.64159462e+003 5.49358642e-015 8.47220016e-016 6.47194693e-004
 4.64866204e+003 5.49128021e-015 8.47640669e-016 6.47071812e-004
 4.65572946e+003 5.48897454e-015 8.48059497e-016 6.46948931e-004
 4.66279687e+003 5.48666940e-015 8.48476503e-016 6.46826050e-004
 4.66986429e+003 5.48436478e-015 8.48891692e-016 6.46703169e-004
 4.67693171e+003 5.48206070e-015 8.49305067e-016 6.46580288e-004
 4.68399913e+003 5.47975715e-015 8.49716631e-016 6.46457407e-004
 4.69106655e+003 5.47745413e-015 8.50126388e-016 6.46334526e-004
 4.69813396e+003 5.47515164e-015 8.50534342e-016 6.46211645e-004
 4.70520138e+003 5.47284968e-015 8.50940496e-016 6.46088764e-004
 4.71226880e+003 5.47054825e-015 8.51344853e-016 6.45965883e-004
 4.71933622e+003 5.46824735e-015 8.51747418e-016 6.45843003e-004
 4.72640364e+003 5.46594699e-015 8.52148193e-016 6.45720122e-004
 4.73347106e+003 5.46364715e-015 8.52547183e-016 6.45597241e-004
 4.74053847e+003 5.46134784e-015 8.52944391e-016 6.45474360e-004
 4.74760589e+003 5.45904907e-015 8.53339820e-016 6.45351480e-004
 4.75467331e+003 5.45675082e-015 8.53733474e-016 6.45228599e-004
 4.76174073e+003 5.45445311e-015 8.54125356e-016 6.45105718e-004
 4.76880815e+003 5.45215593e-015 8.54515470e-016 6.44982838e-004
 4.77587556e+003 5.44985927e-015 8.54903819e-016 6.44859957e-004
 4.78294298e+003 5.44756315e-015 8.55290408e-016 6.44737077e-004
 4.79001040e+003 5.44526756e-015 8.55675238e-016 6.44614196e-004
 4.79707782e+003 5.44297249e-015 8.56058315e-016 6.44491316e-004
 4.80414524e+003 5.44067796e-015 8.56439641e-016 6.44368435e-004
 4.81121266e+003 5.43838396e-015 8.56819220e-016 6.44245555e-004
 4.81828007e+003 5.43609049e-015 8.57197054e-016 6.44122674e-004
 4.82534749e+003 5.43379755e-015 8.57573149e-016 6.43999794e-004
 4.83241491e+003 5.43150514e-015 8.57947507e-016 6.43876913e-004
 4.83948233e+003 5.42921326e-015 8.58320131e-016 6.43754033e-004
 4.84654975e+003 5.42692191e-015 8.58691026e-016 6.43631153e-004
 4.85361716e+003 5.42463109e-015 8.59060194e-016 6.43508272e-004
 4.86068458e+003 5.42234080e-015 8.59427639e-016 6.43385392e-004
 4.86775200e+003 5.42005104e-015 8.59793364e-016 6.43262512e-004
 4.87481942e+003 5.41776181e-015 8.60157373e-016 6.43139632e-004
 4.88188684e+003 5.41547311e-015 8.60519669e-016 6.43016751e-004
 4.88895426e+003 5.41318495e-015 8.60880256e-016 6.42893871e-004
 4.89602167e+003 5.41089731e-015 8.61239136e-016 6.42770991e-004
 4.90308909e+003 5.40861020e-015 8.61596314e-016 6.42648111e-004
 4.91015651e+003 5.40632362e-015 8.61951793e-016 6.42525231e-004
 4.91722393e+003 5.40403757e-015 8.62305576e-016 6.42402351e-004
 4.92429135e+003 5.40175205e-015 8.62657667e-016 6.42279471e-004
 4.93135876e+003 5.39946706e-015 8.63008068e-016 6.42156591e-004
 4.93842618e+003 5.39718261e-015 8.63356784e-016 6.42033711e-004
 4.94549360e+003 5.39489868e-015 8.63703817e-016 6.41910831e-004
 4.95256102e+003 5.39261528e-015 8.64049171e-016 6.41787951e-004
 4.95962844e+003 5.39033241e-015 8.64392850e-016 6.41665071e-004
 4.96669586e+003 5.38805007e-015 8.64734856e-016 6.41542191e-004
 4.97376327e+003 5.38576826e-015 8.65075194e-016 6.41419311e-004
 4.98083069e+003 5.38348698e-015 8.65413865e-016 6.41296431e-004
 4.98789811e+003 5.38120624e-015 8.65750875e-016 6.41173551e-004
 4.99496553e+003 5.37892602e-015 8.66086225e-016 6.41050672e-004
 5.00203295e+003 5.37664633e-015 8.66419920e-016 6.40927792e-004
 5.00910036e+003 5.37436717e-015 8.66751962e-016 6.40804912e-004
 5.01616778e+003 5.37208854e-015 8.67082355e-016 6.40682032e-004
 5.02323520e+003 5.36981044e-015 8.67411103e-016 6.40559153e-004
 5.03030262e+003 5.36753287e-015 8.67738208e-016 6.40436273e-004
 5.03737004e+003 5.36525583e-015 8.68063674e-016 6.40313393e-004
 5.04443746e+003 5.36297931e-015 8.68387503e-016 6.40190514e-004
 5.05150487e+003 5.36070333e-015 8.68709701e-016 6.40067634e-004
 5.05857229e+003 5.35842788e-015 8.69030269e-016 6.39944754e-004
 5.06563971e+003 5.35615296e-015 8.69349211e-016 6.39821875e-004
 5.07270713e+003 5.35387857e-015 8.69666530e-016 6.39698995e-004
 5.07977455e+003 5.35160470e-015 8.69982229e-016 6.39576116e-004
 5.08684196e+003 5.34933137e-015 8.70296312e-016 6.39453236e-004
 5.09390938e+003 5.34705857e-015 8.70608783e-016 6.39330357e-004
 5.10097680e+003 5.34478629e-015 8.70919643e-016 6.39207478e-004
 5.10804422e+003 5.34251455e-015 8.71228897e-016 6.39084598e-004
 5.11511164e+003 5.34024333e-015 8.71536547e-016 6.38961719e-004
 5.12217906e+003 5.33797264e-015 8.71842597e-016 6.38838839e-004
 5.12924647e+003 5.33570249e-015 8.72147050e-016 6.38715960e-004
 5.13631389e+003 5.33343286e-015 8.72449910e-016 6.38593081e-004
 5.14338131e+003 5.33116376e-015 8.72751179e-016 6.38470202e-004
 5.15044873e+003 5.32889519e-015 8.73050861e-016 6.38347322e-004
 5.15751615e+003 5.32662715e-015 8.73348959e-016 6.38224443e-004
 5.16458356e+003 5.32435964e-015 8.73645475e-016 6.38101564e-004
 5.17165098e+003 5.32209266e-015 8.73940414e-016 6.37978685e-004
 5.17871840e+003 5.31982621e-015 8.74233779e-016 6.37855806e-004
 5.18578582e+003 5.31756029e-015 8.74525572e-016 6.37732927e-004
 5.19285324e+003 5.31529489e-015 8.74815797e-016 6.37610047e-004
 5.19992066e+003 5.31303003e-015 8.75104457e-016 6.37487168e-004
 5.20698807e+003 5.31076569e-015 8.75391555e-016 6.37364289e-004
 5.21405549e+003 5.30850189e-015 8.75677094e-016 6.37241410e-004
 5.22112291e+003 5.30623861e-015 8.75961078e-016 6.37118531e-004
 5.22819033e+003 5.30397586e-015 8.76243509e-016 6.36995652e-004
 5.23525775e+003 5.30171364e-015 8.76524391e-016 6.36872774e-004
 5.24232516e+003 5.29945196e-015 8.76803727e-016 6.36749895e-004
 5.24939258e+003 5.29719079e-015 8.77081520e-016 6.36627016e-004
 5.25646000e+003 5.29493016e-015 8.77357773e-016 6.36504137e-004
 5.26352742e+003 5.29267006e-015 8.77632489e-016 6.36381258e-004
 5.27059484e+003 5.29041049e-015 8.77905671e-016 6.36258379e-004
 5.27766226e+003 5.28815144e-015 8.78177323e-016 6.36135500e-004
 5.28472967e+003 5.28589293e-015 8.78447447e-016 6.36012622e-004
 5.29179709e+003 5.28363494e-015 8.78716047e-016 6.35889743e-004
 5.29886451e+003 5.28137748e-015 8.78983126e-016 6.35766864e-004
 5.30593193e+003 5.27912055e-015 8.79248686e-016 6.35643986e-004
 5.31299935e+003 5.27686415e-015 8.79512732e-016 6.35521107e-004
 5.32006676e+003 5.27460828e-015 8.79775265e-016 6.35398228e-004
 5.32713418e+003 5.27235294e-015 8.80036289e-016 6.35275350e-004
 5.33420160e+003 5.27009813e-015 8.80295808e-016 6.35152471e-004
 5.34126902e+003 5.26784384e-015 8.80553823e-016 6.35029593e-004
 5.34833644e+003 5.26559008e-015 8.80810339e-016 6.34906714e-004
 5.35540386e+003 5.26333686e-015 8.81065358e-016 6.34783836e-004
 5.36247127e+003 5.26108416e-015 8.81318883e-016 6.34660957e-004
 5.36953869e+003 5.25883199e-015 8.81570917e-016 6.34538079e-004
 5.37660611e+003 5.25658035e-015 8.81821464e-016 6.34415200e-004
 5.38367353e+003 5.25432923e-015 8.82070527e-016 6.34292322e-004
 5.39074095e+003 5.25207865e-015 8.82318107e-016 6.34169444e-004
 5.39780836e+003 5.24982859e-015 8.82564209e-016 6.34046565e-004
 5.40487578e+003 5.24757907e-015 8.82808836e-016 6.33923687e-004
 5.41194320e+003 5.24533007e-015 8.83051990e-016 6.33800809e-004
 5.41901062e+003 5.24308160e-015 8.83293674e-016 6.33677930e-004
 5.42607804e+003 5.24083366e-015 8.83533892e-016 6.33555052e-004
 5.43314546e+003 5.23858624e-015 8.83772647e-016 6.33432174e-004
 5.44021287e+003 5.23633936e-015 8.84009940e-016 6.33309296e-004
 5.44728029e+003 5.23409300e-015 8.84245777e-016 6.33186418e-004
 5.45434771e+003 5.23184717e-015 8.84480158e-016 6.33063540e-004
 5.46141513e+003 5.22960187e-015 8.84713088e-016 6.32940661e-004
 5.46848255e+003 5.22735710e-015 8.84944569e-016 6.32817783e-004
 5.47554996e+003 5.22511286e-015 8.85174605e-016 6.32694905e-004
 5.48261738e+003 5.22286914e-015 8.85403198e-016 6.32572027e-004
 5.48968480e+003 5.22062596e-015 8.85630351e-016 6.32449149e-004
 5.49675222e+003 5.21838330e-015 8.85856067e-016 6.32326271e-004
 5.50381964e+003 5.21614117e-015 8.86080349e-016 6.32203393e-004
 5.51088706e+003 5.21389957e-015 8.86303200e-016 6.32080515e-004
 5.51795447e+003 5.21165850e-015 8.86524623e-016 6.31957638e-004
 5.52502189e+003 5.20941795e-015 8.86744622e-016 6.31834760e-004
 5.53208931e+003 5.20717793e-015 8.86963197e-016 6.31711882e-004
 5.53915673e+003 5.20493844e-015 8.87180354e-016 6.31589004e-004
 5.54622415e+003 5.20269948e-015 8.87396094e-016 6.31466126e-004
 5.55329156e+003 5.20046105e-015 8.87610421e-016 6.31343248e-004
 5.56035898e+003 5.19822315e-015 8.87823337e-016 6.31220371e-004
 5.56742640e+003 5.19598577e-015 8.88034846e-016 6.31097493e-004
 5.57449382e+003 5.19374892e-015 8.88244950e-016 6.30974615e-004
 5.58156124e+003 5.19151260e-015 8.88453652e-016 6.30851738e-004
 5.58862866e+003 5.18927681e-015 8.88660955e-016 6.30728860e-004
 5.59569607e+003 5.18704154e-015 8.88866861e-016 6.30605982e-004
 5.60276349e+003 5.18480681e-015 8.89071375e-016 6.30483105e-004
 5.60983091e+003 5.18257260e-015 8.89274498e-016 6.30360227e-004
 5.61689833e+003 5.18033892e-015 8.89476234e-016 6.30237350e-004
 5.62396575e+003 5.17810576e-015 8.89676585e-016 6.30114472e-004
 5.63103316e+003 5.17587314e-015 8.89875554e-016 6.29991595e-004
 5.63810058e+003 5.17364104e-015 8.90073144e-016 6.29868717e-004
 5.64516800e+003 5.17140947e-015 8.90269358e-016 6.29745840e-004
 5.65223542e+003 5.16917843e-015 8.90464199e-016 6.29622963e-004
 5.65930284e+003 5.16694792e-015 8.90657670e-016 6.29500085e-004
 5.66637026e+003 5.16471793e-015 8.90849773e-016 6.29377208e-004
 5.67343767e+003 5.16248847e-015 8.91040511e-016 6.29254331e-004
 5.68050509e+003 5.16025954e-015 8.91229887e-016 6.29131453e-004
 5.68757251e+003 5.15803114e-015 8.91417904e-016 6.29008576e-004
 5.69463993e+003 5.15580326e-015 8.91604564e-016 6.28885699e-004
 5.70170735e+003 5.15357592e-015 8.91789871e-016 6.28762822e-004
 5.70877476e+003 5.15134910e-015 8.91973828e-016 6.28639944e-004
 5.71584218e+003 5.14912280e-015 8.92156436e-016 6.28517067e-004
 5.72290960e+003 5.14689704e-015 8.92337699e-016 6.28394190e-004
 5.72997702e+003 5.14467180e-015 8.92517620e-016 6.28271313e-004
 5.73704444e+003 5.14244709e-015 8.92696201e-016 6.28148436e-004
 5.74411186e+003 5.14022291e-015 8.92873446e-016 6.28025559e-004
 5.75117927e+003 5.13799926e-015 8.93049356e-016 6.27902682e-004
 5.75824669e+003 5.13577613e-015 8.93223935e-016 6.27779805e-004
 5.76531411e+003 5.13355353e-015 8.93397186e-016 6.27656928e-004
 5.77238153e+003 5.13133146e-015 8.93569111e-016 6.27534051e-004
 5.77944895e+003 5.12910991e-015 8.93739713e-016 6.27411174e-004
 5.78651636e+003 5.12688889e-015 8.93908994e-016 6.27288297e-004
 5.79358378e+003 5.12466840e-015 8.94076958e-016 6.27165420e-004
 5.80065120e+003 5.12244844e-015 8.94243608e-016 6.27042544e-004
 5.80771862e+003 5.12022900e-015 8.94408945e-016 6.26919667e-004
 5.81478604e+003 5.11801010e-015 8.94572973e-016 6.26796790e-004
 5.82185346e+003 5.11579171e-015 8.94735695e-016 6.26673913e-004
 5.82892087e+003 5.11357386e-015 8.94897112e-016 6.26551036e-004
 5.83598829e+003 5.11135653e-015 8.95057229e-016 6.26428160e-004
 5.84305571e+003 5.10913973e-015 8.95216047e-016 6.26305283e-004
 5.85012313e+003 5.10692346e-015 8.95373569e-016 6.26182406e-004
 5.85719055e+003 5.10470772e-015 8.95529798e-016 6.26059530e-004
 5.86425796e+003 5.10249250e-015 8.95684737e-016 6.25936653e-004
 5.87132538e+003 5.10027781e-015 8.95838388e-016 6.25813777e-004
 5.87839280e+003 5.09806364e-015 8.95990755e-016 6.25690900e-004
 5.88546022e+003 5.09585001e-015 8.96141839e-016 6.25568024e-004
 5.89252764e+003 5.09363690e-015 8.96291643e-016 6.25445147e-004
 5.89959506e+003 5.09142431e-015 8.96440171e-016 6.25322271e-004
 5.90666247e+003 5.08921226e-015 8.96587424e-016 6.25199394e-004
 5.91372989e+003 5.08700073e-015 8.96733406e-016 6.25076518e-004
 5.92079731e+003 5.08478973e-015 8.96878119e-016 6.24953641e-004
 5.92786473e+003 5.08257925e-015 8.97021565e-016 6.24830765e-004
 5.93493215e+003 5.08036931e-015 8.97163748e-016 6.24707889e-004
 5.94199956e+003 5.07815988e-015 8.97304670e-016 6.24585012e-004
 5.94906698e+003 5.07595099e-015 8.97444334e-016 6.24462136e-004
 5.95613440e+003 5.07374262e-015 8.97582742e-016 6.24339260e-004
 5.96320182e+003 5.07153478e-015 8.97719896e-016 6.24216384e-004
 5.97026924e+003 5.06932747e-015 8.97855801e-016 6.24093508e-004
 5.97733666e+003 5.06712068e-015 8.97990457e-016 6.23970631e-004
 5.98440407e+003 5.06491442e-015 8.98123869e-016 6.23847755e-004
 5.99147149e+003 5.06270869e-015 8.98256038e-016 6.23724879e-004
 5.99853891e+003 5.06050348e-015 8.98386966e-016 6.23602003e-004
 6.00560633e+003 5.05829880e-015 8.98516658e-016 6.23479127e-004
 6.01267375e+003 5.05609465e-015 8.98645115e-016 6.23356251e-004
 6.01974116e+003 5.05389102e-015 8.98772339e-016 6.23233375e-004
 6.02680858e+003 5.05168792e-015 8.98898334e-016 6.23110499e-004
 6.03387600e+003 5.04948535e-015 8.99023102e-016 6.22987623e-004
 6.04094342e+003 5.04728330e-015 8.99146646e-016 6.22864747e-004
 6.04801084e+003 5.04508178e-015 8.99268968e-016 6.22741871e-004
 6.05507826e+003 5.04288079e-015 8.99390070e-016 6.22618995e-004
 6.06214567e+003 5.04068032e-015 8.99509956e-016 6.22496119e-004
 6.06921309e+003 5.03848038e-015 8.99628628e-016 6.22373244e-004
 6.07628051e+003 5.03628096e-015 8.99746088e-016 6.22250368e-004
 6.08334793e+003 5.03408208e-015 8.99862339e-016 6.22127492e-004
 6.09041535e+003 5.03188372e-015 8.99977384e-016 6.22004616e-004
 6.09748276e+003 5.02968588e-015 9.00091224e-016 6.21881741e-004
 6.10455018e+003 5.02748857e-015 9.00203864e-016 6.21758865e-004
 6.11161760e+003 5.02529179e-015 9.00315304e-016 6.21635989e-004
 6.11868502e+003 5.02309553e-015 9.00425549e-016 6.21513114e-004
 6.12575244e+003 5.02089980e-015 9.00534599e-016 6.21390238e-004
 6.13281986e+003 5.01870460e-015 9.00642459e-016 6.21267363e-004
 6.13988727e+003 5.01650992e-015 9.00749129e-016 6.21144487e-004
 6.14695469e+003 5.01431577e-015 9.00854614e-016 6.21021611e-004
 6.15402211e+003 5.01212215e-015 9.00958915e-016 6.20898736e-004
 6.16108953e+003 5.00992905e-015 9.01062034e-016 6.20775861e-004
 6.16815695e+003 5.00773648e-015 9.01163975e-016 6.20652985e-004
 6.17522436e+003 5.00554443e-015 9.01264740e-016 6.20530110e-004
 6.18229178e+003 5.00335291e-015 9.01364331e-016 6.20407234e-004
 6.18935920e+003 5.00116192e-015 9.01462751e-016 6.20284359e-004
 6.19642662e+003 4.99897145e-015 9.01560002e-016 6.20161484e-004
 6.20349404e+003 4.99678151e-015 9.01656087e-016 6.20038608e-004
 6.21056145e+003 4.99459209e-015 9.01751008e-016 6.19915733e-004
 6.21762887e+003 4.99240320e-015 9.01844769e-016 6.19792858e-004
 6.22469629e+003 4.99021484e-015 9.01937370e-016 6.19669983e-004
 6.23176371e+003 4.98802700e-015 9.02028815e-016 6.19547107e-004
 6.23883113e+003 4.98583969e-015 9.02119106e-016 6.19424232e-004
 6.24589855e+003 4.98365291e-015 9.02208245e-016 6.19301357e-004
 6.25296596e+003 4.98146665e-015 9.02296236e-016 6.19178482e-004
 6.26003338e+003 4.97928091e-015 9.02383080e-016 6.19055607e-004
 6.26710080e+003 4.97709571e-015 9.02468780e-016 6.18932732e-004
 6.27416822e+003 4.97491102e-015 9.02553339e-016 6.18809857e-004
 6.28123564e+003 4.97272687e-015 9.02636758e-016 6.18686982e-004
 6.28830305e+003 4.97054324e-015 9.02719040e-016 6.18564107e-004
 6.29537047e+003 4.96836013e-015 9.02800188e-016 6.18441232e-004
 6.30243789e+003 4.96617755e-015 9.02880205e-016 6.18318357e-004
 6.30950531e+003 4.96399550e-015 9.02959091e-016 6.18195482e-004
 6.31657273e+003 4.96181397e-015 9.03036851e-016 6.18072607e-004
 6.32364015e+003 4.95963297e-015 9.03113486e-016 6.17949732e-004
 6.33070756e+003 4.95745250e-015 9.03188999e-016 6.17826858e-004
 6.33777498e+003 4.95527255e-015 9.03263392e-016 6.17703983e-004
 6.34484240e+003 4.95309312e-015 9.03336667e-016 6.17581108e-004
 6.35190982e+003 4.95091422e-015 9.03408828e-016 6.17458233e-004
 6.35897724e+003 4.94873585e-015 9.03479875e-016 6.17335359e-004
 6.36604465e+003 4.94655800e-015 9.03549813e-016 6.17212484e-004
 6.37311207e+003 4.94438068e-015 9.03618642e-016 6.17089609e-004
 6.38017949e+003 4.94220388e-015 9.03686366e-016 6.16966735e-004
 6.38724691e+003 4.94002761e-015 9.03752987e-016 6.16843860e-004
 6.39431433e+003 4.93785186e-015 9.03818507e-016 6.16720986e-004
 6.40138175e+003 4.93567664e-015 9.03882928e-016 6.16598111e-004
 6.40844916e+003 4.93350195e-015 9.03946253e-016 6.16475237e-004
 6.41551658e+003 4.93132778e-015 9.04008485e-016 6.16352362e-004
 6.42258400e+003 4.92915413e-015 9.04069625e-016 6.16229488e-004
 6.42965142e+003 4.92698102e-015 9.04129677e-016 6.16106613e-004
 6.43671884e+003 4.92480842e-015 9.04188641e-016 6.15983739e-004
 6.44378625e+003 4.92263635e-015 9.04246522e-016 6.15860864e-004
 6.45085367e+003 4.92046481e-015 9.04303320e-016 6.15737990e-004
 6.45792109e+003 4.91829379e-015 9.04359039e-016 6.15615116e-004
 6.46498851e+003 4.91612330e-015 9.04413680e-016 6.15492241e-004
 6.47205593e+003 4.91395333e-015 9.04467246e-016 6.15369367e-004
 6.47912335e+003 4.91178389e-015 9.04519740e-016 6.15246493e-004
 6.48619076e+003 4.90961497e-015 9.04571163e-016 6.15123619e-004
 6.49325818e+003 4.90744658e-015 9.04621518e-016 6.15000745e-004
 6.50032560e+003 4.90527872e-015 9.04670807e-016 6.14877870e-004
 6.50739302e+003 4.90311138e-015 9.04719033e-016 6.14754996e-004
 6.51446044e+003 4.90094456e-015 9.04766198e-016 6.14632122e-004
 6.52152785e+003 4.89877827e-015 9.04812304e-016 6.14509248e-004
 6.52859527e+003 4.89661250e-015 9.04857353e-016 6.14386374e-004
 6.53566269e+003 4.89444726e-015 9.04901348e-016 6.14263500e-004
 6.54273011e+003 4.89228255e-015 9.04944291e-016 6.14140626e-004
 6.54979753e+003 4.89011835e-015 9.04986184e-016 6.14017752e-004
 6.55686495e+003 4.88795469e-015 9.05027030e-016 6.13894878e-004
 6.56393236e+003 4.88579155e-015 9.05066830e-016 6.13772004e-004
 6.57099978e+003 4.88362893e-015 9.05105588e-016 6.13649131e-004
 6.57806720e+003 4.88146684e-015 9.05143305e-016 6.13526257e-004
 6.58513462e+003 4.87930527e-015 9.05179984e-016 6.13403383e-004
 6.59220204e+003 4.87714423e-015 9.05215626e-016 6.13280509e-004
 6.59926945e+003 4.87498371e-015 9.05250235e-016 6.13157635e-004
 6.60633687e+003 4.87282372e-015 9.05283812e-016 6.13034762e-004
 6.61340429e+003 4.87066426e-015 9.05316359e-016 6.12911888e-004
 6.62047171e+003 4.86850531e-015 9.05347880e-016 6.12789014e-004
 6.62753913e+003 4.86634690e-015 9.05378375e-016 6.12666141e-004
 6.63460655e+003 4.86418900e-015 9.05407848e-016 6.12543267e-004
 6.64167396e+003 4.86203163e-015 9.05436300e-016 6.12420393e-004
 6.64874138e+003 4.85987479e-015 9.05463734e-016 6.12297520e-004
 6.65580880e+003 4.85771847e-015 9.05490152e-016 6.12174646e-004
 6.66287622e+003 4.85556268e-015 9.05515557e-016 6.12051773e-004
 6.66994364e+003 4.85340741e-015 9.05539949e-016 6.11928899e-004
 6.67701105e+003 4.85125266e-015 9.05563332e-016 6.11806026e-004
 6.68407847e+003 4.84909844e-015 9.05585708e-016 6.11683152e-004
 6.69114589e+003 4.84694475e-015 9.05607080e-016 6.11560279e-004
 6.69821331e+003 4.84479157e-015 9.05627448e-016 6.11437406e-004
 6.70528073e+003 4.84263893e-015 9.05646816e-016 6.11314532e-004
 6.71234815e+003 4.84048680e-015 9.05665185e-016 6.11191659e-004
 6.71941556e+003 4.83833521e-015 9.05682558e-016 6.11068786e-004
 6.72648298e+003 4.83618413e-015 9.05698937e-016 6.10945912e-004
 6.73355040e+003 4.83403358e-015 9.05714324e-016 6.10823039e-004
 6.74061782e+003 4.83188356e-015 9.05728722e-016 6.10700166e-004
 6.74768524e+003 4.82973406e-015 9.05742132e-016 6.10577293e-004
 6.75475265e+003 4.82758508e-015 9.05754556e-016 6.10454420e-004
 6.76182007e+003 4.82543663e-015 9.05765998e-016 6.10331547e-004
 6.76888749e+003 4.82328870e-015 9.05776458e-016 6.10208674e-004
 6.77595491e+003 4.82114130e-015 9.05785940e-016 6.10085800e-004
 6.78302233e+003 4.81899442e-015 9.05794445e-016 6.09962927e-004
 6.79008975e+003 4.81684807e-015 9.05801975e-016 6.09840054e-004
 6.79715716e+003 4.81470223e-015 9.05808533e-016 6.09717181e-004
 6.80422458e+003 4.81255693e-015 9.05814120e-016 6.09594309e-004
 6.81129200e+003 4.81041215e-015 9.05818739e-016 6.09471436e-004
 6.81835942e+003 4.80826789e-015 9.05822393e-016 6.09348563e-004
 6.82542684e+003 4.80612415e-015 9.05825082e-016 6.09225690e-004
 6.83249425e+003 4.80398094e-015 9.05826810e-016 6.09102817e-004
 6.83956167e+003 4.80183826e-015 9.05827578e-016 6.08979944e-004
 6.84662909e+003 4.79969610e-015 9.05827388e-016 6.08857071e-004
 6.85369651e+003 4.79755446e-015 9.05826243e-016 6.08734199e-004
 6.86076393e+003 4.79541334e-015 9.05824145e-016 6.08611326e-004
 6.86783135e+003 4.79327275e-015 9.05821095e-016 6.08488453e-004
 6.87489876e+003 4.79113269e-015 9.05817097e-016 6.08365581e-004
 6.88196618e+003 4.78899315e-015 9.05812151e-016 6.08242708e-004
 6.88903360e+003 4.78685413e-015 9.05806260e-016 6.08119835e-004
 6.89610102e+003 4.78471563e-015 9.05799427e-016 6.07996963e-004
 6.90316844e+003 4.78257766e-015 9.05791653e-016 6.07874090e-004
 6.91023585e+003 4.78044022e-015 9.05782940e-016 6.07751218e-004
 6.91730327e+003 4.77830330e-015 9.05773291e-016 6.07628345e-004
 6.92437069e+003 4.77616690e-015 9.05762707e-016 6.07505473e-004
 6.93143811e+003 4.77403102e-015 9.05751191e-016 6.07382600e-004
 6.93850553e+003 4.77189567e-015 9.05738744e-016 6.07259728e-004
 6.94557295e+003 4.76976084e-015 9.05725369e-016 6.07136856e-004
 6.95264036e+003 4.76762654e-015 9.05711068e-016 6.07013983e-004
 6.95970778e+003 4.76549276e-015 9.05695842e-016 6.06891111e-004
 6.96677520e+003 4.76335950e-015 9.05679695e-016 6.06768239e-004
 6.97384262e+003 4.76122677e-015 9.05662627e-016 6.06645366e-004
 6.98091004e+003 4.75909456e-015 9.05644641e-016 6.06522494e-004
 6.98797745e+003 4.75696287e-015 9.05625740e-016 6.06399622e-004
 6.99504487e+003 4.75483171e-015 9.05605924e-016 6.06276750e-004
 7.00211229e+003 4.75270107e-015 9.05585197e-016 6.06153878e-004
 7.00917971e+003 4.75057096e-015 9.05563559e-016 6.06031005e-004
 7.01624713e+003 4.74844137e-015 9.05541014e-016 6.05908133e-004
 7.02331455e+003 4.74631230e-015 9.05517563e-016 6.05785261e-004
 7.03038196e+003 4.74418376e-015 9.05493208e-016 6.05662389e-004
 7.03744938e+003 4.74205573e-015 9.05467952e-016 6.05539517e-004
 7.04451680e+003 4.73992824e-015 9.05441795e-016 6.05416645e-004
 7.05158422e+003 4.73780126e-015 9.05414741e-016 6.05293773e-004
 7.05865164e+003 4.73567481e-015 9.05386791e-016 6.05170901e-004
 7.06571905e+003 4.73354888e-015 9.05357948e-016 6.05048029e-004
 7.07278647e+003 4.73142348e-015 9.05328212e-016 6.04925158e-004
 7.07985389e+003 4.72929860e-015 9.05297587e-016 6.04802286e-004
 7.08692131e+003 4.72717424e-015 9.05266074e-016 6.04679414e-004
 7.09398873e+003 4.72505041e-015 9.05233676e-016 6.04556542e-004
 7.10105615e+003 4.72292710e-015 9.05200393e-016 6.04433670e-004
 7.10812356e+003 4.72080431e-015 9.05166229e-016 6.04310799e-004
 7.11519098e+003 4.71868204e-015 9.05131185e-016 6.04187927e-004
 7.12225840e+003 4.71656030e-015 9.05095263e-016 6.04065055e-004
 7.12932582e+003 4.71443908e-015 9.05058465e-016 6.03942184e-004
 7.13639324e+003 4.71231839e-015 9.05020793e-016 6.03819312e-004
 7.14346065e+003 4.71019822e-015 9.04982250e-016 6.03696440e-004
 7.15052807e+003 4.70807857e-015 9.04942836e-016 6.03573569e-004
 7.15759549e+003 4.70595944e-015 9.04902554e-016 6.03450697e-004
 7.16466291e+003 4.70384084e-015 9.04861406e-016 6.03327826e-004
 7.17173033e+003 4.70172276e-015 9.04819395e-016 6.03204954e-004
 7.17879775e+003 4.69960520e-015 9.04776520e-016 6.03082083e-004
 7.18586516e+003 4.69748817e-015 9.04732786e-016 6.02959212e-004
 7.19293258e+003 4.69537165e-015 9.04688194e-016 6.02836340e-004
 7.20000000e+003 4.69325567e-015 9.04642745e-016 6.02713469e-004
