 1.06904891e+002 7.07406177e-015 0.00000000e+000 7.03633884e-004
 1.13997986e+002 7.06253297e-015 1.15288040e-017 7.03115239e-004
 1.21091081e+002 7.05101450e-015 2.29475916e-017 7.02596596e-004
 1.28184177e+002 7.03950636e-015 3.42571700e-017 7.02077954e-004
 1.35277272e+002 7.02800855e-015 4.54583409e-017 7.01559314e-004
 1.42370367e+002 7.01652108e-015 5.65519010e-017 7.01040676e-004
 1.49463462e+002 7.00504392e-015 6.75386417e-017 7.00522039e-004
 1.56556557e+002 6.99357710e-015 7.84193495e-017 7.00003403e-004
 1.63649652e+002 6.98212060e-015 8.91948056e-017 6.99484770e-004
 1.70742747e+002 6.97067442e-015 9.98657863e-017 6.98966138e-004
 1.77835842e+002 6.95923856e-015 1.10433063e-016 6.98447507e-004
 1.84928937e+002 6.94781302e-015 1.20897401e-016 6.97928878e-004
 1.92022033e+002 6.93639779e-015 1.31259562e-016 6.97410251e-004
 1.99115128e+002 6.92499289e-015 1.41520303e-016 6.96891625e-004
 2.06208223e+002 6.91359829e-015 1.51680375e-016 6.96373001e-004
 2.13301318e+002 6.90221401e-015 1.61740524e-016 6.95854379e-004
 2.20394413e+002 6.89084004e-015 1.71701492e-016 6.95335758e-004
 2.27487508e+002 6.87947638e-015 1.81564015e-016 6.94817139e-004
 2.34580603e+002 6.86812303e-015 1.91328826e-016 6.94298521e-004
 2.41673698e+002 6.85677998e-015 2.00996651e-016 6.93779905e-004
 2.48766793e+002 6.84544724e-015 2.10568214e-016 6.93261291e-004
 2.55859889e+002 6.83412479e-015 2.20044231e-016 6.92742678e-004
 2.62952984e+002 6.82281265e-015 2.29425417e-016 6.92224067e-004
 2.70046079e+002 6.81151081e-015 2.38712478e-016 6.91705457e-004
 2.77139174e+002 6.80021927e-015 2.47906120e-016 6.91186850e-004
 2.84232269e+002 6.78893802e-015 2.57007040e-016 6.90668243e-004
 2.91325364e+002 6.77766706e-015 2.66015934e-016 6.90149639e-004
 2.98418459e+002 6.76640640e-015 2.74933492e-016 6.89631036e-004
 3.05511554e+002 6.75515603e-015 2.83760398e-016 6.89112435e-004
 3.12604649e+002 6.74391594e-015 2.92497334e-016 6.88593835e-004
 3.19697745e+002 6.73268615e-015 3.01144976e-016 6.88075237e-004
 3.26790840e+002 6.72146664e-015 3.09703997e-016 6.87556641e-004
 3.33883935e+002 6.71025741e-015 3.18175063e-016 6.87038046e-004
 3.40977030e+002 6.69905847e-015 3.26558838e-016 6.86519454e-004
 3.48070125e+002 6.68786981e-015 3.34855981e-016 6.86000862e-004
 3.55163220e+002 6.67669142e-015 3.43067145e-016 6.85482273e-004
 3.62256315e+002 6.66552331e-015 3.51192982e-016 6.84963685e-004
 3.69349410e+002 6.65436548e-015 3.59234136e-016 6.84445098e-004
 3.76442505e+002 6.64321793e-015 3.67191250e-016 6.83926514e-004
 3.83535600e+002 6.63208064e-015 3.75064960e-016 6.83407931e-004
 3.90628696e+002 6.62095363e-015 3.82855900e-016 6.82889350e-004
 3.97721791e+002 6.60983688e-015 3.90564699e-016 6.82370770e-004
 4.04814886e+002 6.59873040e-015 3.98191980e-016 6.81852192e-004
 4.11907981e+002 6.58763419e-015 4.05738365e-016 6.81333616e-004
 4.19001076e+002 6.57654824e-015 4.13204470e-016 6.80815041e-004
 4.26094171e+002 6.56547255e-015 4.20590907e-016 6.80296469e-004
 4.33187266e+002 6.55440712e-015 4.27898285e-016 6.79777897e-004
 4.40280361e+002 6.54335196e-015 4.35127207e-016 6.79259328e-004
 4.47373456e+002 6.53230704e-015 4.42278274e-016 6.78740760e-004
 4.54466552e+002 6.52127239e-015 4.49352081e-016 6.78222194e-004
 4.61559647e+002 6.51024799e-015 4.56349222e-016 6.77703630e-004
 4.68652742e+002 6.49923384e-015 4.63270283e-016 6.77185067e-004
 4.75745837e+002 6.48822994e-015 4.70115849e-016 6.76666506e-004
 4.82838932e+002 6.47723628e-015 4.76886501e-016 6.76147947e-004
 4.89932027e+002 6.46625288e-015 4.83582815e-016 6.75629390e-004
 4.97025122e+002 6.45527972e-015 4.90205363e-016 6.75110834e-004
 5.04118217e+002 6.44431680e-015 4.96754715e-016 6.74592280e-004
 5.11211312e+002 6.43336413e-015 5.03231434e-016 6.74073727e-004
 5.18304408e+002 6.42242169e-015 5.09636083e-016 6.73555177e-004
 5.25397503e+002 6.41148950e-015 5.15969218e-016 6.73036628e-004
 5.32490598e+002 6.40056754e-015 5.22231392e-016 6.72518081e-004
 5.39583693e+002 6.38965581e-015 5.28423157e-016 6.71999535e-004
 5.46676788e+002 6.37875432e-015 5.34545058e-016 6.71480992e-004
 5.53769883e+002 6.36786306e-015 5.40597637e-016 6.70962450e-004
 5.60862978e+002 6.35698203e-015 5.46581433e-016 6.70443909e-004
 5.67956073e+002 6.34611123e-015 5.52496981e-016 6.69925371e-004
 5.75049168e+002 6.33525066e-015 5.58344813e-016 6.69406834e-004
 5.82142264e+002 6.32440030e-015 5.64125456e-016 6.68888299e-004
 5.89235359e+002 6.31356018e-015 5.69839436e-016 6.68369766e-004
 5.96328454e+002 6.30273027e-015 5.75487272e-016 6.67851235e-004
 6.03421549e+002 6.29191058e-015 5.81069482e-016 6.67332705e-004
 6.10514644e+002 6.28110111e-015 5.86586580e-016 6.66814177e-004
 6.17607739e+002 6.27030186e-015 5.92039076e-016 6.66295651e-004
 6.24700834e+002 6.25951282e-015 5.97427477e-016 6.65777126e-004
 6.31793929e+002 6.24873399e-015 6.02752285e-016 6.65258604e-004
 6.38887024e+002 6.23796538e-015 6.08014001e-016 6.64740083e-004
 6.45980120e+002 6.22720697e-015 6.13213122e-016 6.64221564e-004
 6.53073215e+002 6.21645877e-015 6.18350140e-016 6.63703046e-004
 6.60166310e+002 6.20572078e-015 6.23425545e-016 6.63184531e-004
 6.67259405e+002 6.19499299e-015 6.28439824e-016 6.62666017e-004
 6.74352500e+002 6.18427541e-015 6.33393459e-016 6.62147505e-004
 6.81445595e+002 6.17356802e-015 6.38286931e-016 6.61628995e-004
 6.88538690e+002 6.16287083e-015 6.43120715e-016 6.61110486e-004
 6.95631785e+002 6.15218384e-015 6.47895286e-016 6.60591980e-004
 7.02724880e+002 6.14150705e-015 6.52611112e-016 6.60073475e-004
 7.09817975e+002 6.13084045e-015 6.57268661e-016 6.59554972e-004
 7.16911071e+002 6.12018404e-015 6.61868395e-016 6.59036471e-004
 7.24004166e+002 6.10953782e-015 6.66410777e-016 6.58517971e-004
 7.31097261e+002 6.09890179e-015 6.70896261e-016 6.57999473e-004
 7.38190356e+002 6.08827595e-015 6.75325304e-016 6.57480978e-004
 7.45283451e+002 6.07766029e-015 6.79698355e-016 6.56962484e-004
 7.52376546e+002 6.06705481e-015 6.84015861e-016 6.56443991e-004
 7.59469641e+002 6.05645952e-015 6.88278269e-016 6.55925501e-004
 7.66562736e+002 6.04587440e-015 6.92486019e-016 6.55407013e-004
 7.73655831e+002 6.03529947e-015 6.96639550e-016 6.54888526e-004
 7.80748927e+002 6.02473471e-015 7.00739298e-016 6.54370041e-004
 7.87842022e+002 6.01418012e-015 7.04785695e-016 6.53851558e-004
 7.94935117e+002 6.00363571e-015 7.08779170e-016 6.53333077e-004
 8.02028212e+002 5.99310147e-015 7.12720150e-016 6.52814597e-004
 8.09121307e+002 5.98257740e-015 7.16609058e-016 6.52296120e-004
 8.16214402e+002 5.97206349e-015 7.20446315e-016 6.51777644e-004
 8.23307497e+002 5.96155975e-015 7.24232340e-016 6.51259170e-004
 8.30400592e+002 5.95106618e-015 7.27967546e-016 6.50740698e-004
 8.37493687e+002 5.94058277e-015 7.31652345e-016 6.50222228e-004
 8.44586783e+002 5.93010951e-015 7.35287147e-016 6.49703759e-004
 8.51679878e+002 5.91964642e-015 7.38872357e-016 6.49185293e-004
 8.58772973e+002 5.90919348e-015 7.42408379e-016 6.48666828e-004
 8.65866068e+002 5.89875070e-015 7.45895614e-016 6.48148365e-004
 8.72959163e+002 5.88831808e-015 7.49334459e-016 6.47629905e-004
 8.80052258e+002 5.87789560e-015 7.52725308e-016 6.47111445e-004
 8.87145353e+002 5.86748328e-015 7.56068555e-016 6.46592988e-004
 8.94238448e+002 5.85708110e-015 7.59364589e-016 6.46074533e-004
 9.01331543e+002 5.84668907e-015 7.62613796e-016 6.45556080e-004
 9.08424639e+002 5.83630718e-015 7.65816560e-016 6.45037628e-004
 9.15517734e+002 5.82593544e-015 7.68973262e-016 6.44519178e-004
 9.22610829e+002 5.81557384e-015 7.72084282e-016 6.44000731e-004
 9.29703924e+002 5.80522237e-015 7.75149994e-016 6.43482285e-004
 9.36797019e+002 5.79488105e-015 7.78170773e-016 6.42963841e-004
 9.43890114e+002 5.78454986e-015 7.81146988e-016 6.42445399e-004
 9.50983209e+002 5.77422880e-015 7.84079008e-016 6.41926958e-004
 9.58076304e+002 5.76391788e-015 7.86967199e-016 6.41408520e-004
 9.65169399e+002 5.75361709e-015 7.89811922e-016 6.40890084e-004
 9.72262495e+002 5.74332643e-015 7.92613539e-016 6.40371649e-004
 9.79355590e+002 5.73304589e-015 7.95372407e-016 6.39853217e-004
 9.86448685e+002 5.72277548e-015 7.98088881e-016 6.39334786e-004
 9.93541780e+002 5.71251519e-015 8.00763315e-016 6.38816357e-004
 1.00063487e+003 5.70226503e-015 8.03396057e-016 6.38297930e-004
 1.00772797e+003 5.69202498e-015 8.05987455e-016 6.37779505e-004
 1.01482107e+003 5.68179505e-015 8.08537856e-016 6.37261082e-004
 1.02191416e+003 5.67157524e-015 8.11047602e-016 6.36742661e-004
 1.02900726e+003 5.66136555e-015 8.13517032e-016 6.36224242e-004
 1.03610035e+003 5.65116596e-015 8.15946485e-016 6.35705825e-004
 1.04319345e+003 5.64097649e-015 8.18336296e-016 6.35187410e-004
 1.05028654e+003 5.63079713e-015 8.20686799e-016 6.34668996e-004
 1.05737964e+003 5.62062787e-015 8.22998324e-016 6.34150585e-004
 1.06447273e+003 5.61046872e-015 8.25271199e-016 6.33632176e-004
 1.07156583e+003 5.60031967e-015 8.27505751e-016 6.33113768e-004
 1.07865892e+003 5.59018073e-015 8.29702302e-016 6.32595363e-004
 1.08575202e+003 5.58005188e-015 8.31861175e-016 6.32076959e-004
 1.09284511e+003 5.56993314e-015 8.33982689e-016 6.31558557e-004
 1.09993821e+003 5.55982449e-015 8.36067159e-016 6.31040158e-004
 1.10703130e+003 5.54972593e-015 8.38114901e-016 6.30521760e-004
 1.11412440e+003 5.53963747e-015 8.40126227e-016 6.30003364e-004
 1.12121749e+003 5.52955910e-015 8.42101446e-016 6.29484971e-004
 1.12831059e+003 5.51949082e-015 8.44040867e-016 6.28966579e-004
 1.13540368e+003 5.50943263e-015 8.45944794e-016 6.28448189e-004
 1.14249678e+003 5.49938452e-015 8.47813532e-016 6.27929801e-004
 1.14958987e+003 5.48934650e-015 8.49647381e-016 6.27411415e-004
 1.15668297e+003 5.47931856e-015 8.51446640e-016 6.26893032e-004
 1.16377606e+003 5.46930070e-015 8.53211606e-016 6.26374650e-004
 1.17086916e+003 5.45929292e-015 8.54942573e-016 6.25856270e-004
 1.17796225e+003 5.44929521e-015 8.56639835e-016 6.25337892e-004
 1.18505535e+003 5.43930758e-015 8.58303681e-016 6.24819516e-004
 1.19214844e+003 5.42933003e-015 8.59934400e-016 6.24301142e-004
 1.19924154e+003 5.41936254e-015 8.61532277e-016 6.23782771e-004
 1.20633463e+003 5.40940513e-015 8.63097598e-016 6.23264401e-004
 1.21342773e+003 5.39945778e-015 8.64630643e-016 6.22746033e-004
 1.22052082e+003 5.38952050e-015 8.66131693e-016 6.22227667e-004
 1.22761392e+003 5.37959328e-015 8.67601026e-016 6.21709303e-004
 1.23470701e+003 5.36967613e-015 8.69038917e-016 6.21190942e-004
 1.24180011e+003 5.35976903e-015 8.70445641e-016 6.20672582e-004
 1.24889320e+003 5.34987200e-015 8.71821469e-016 6.20154224e-004
 1.25598630e+003 5.33998502e-015 8.73166672e-016 6.19635869e-004
 1.26307939e+003 5.33010810e-015 8.74481516e-016 6.19117515e-004
 1.27017249e+003 5.32024123e-015 8.75766269e-016 6.18599163e-004
 1.27726558e+003 5.31038441e-015 8.77021194e-016 6.18080814e-004
 1.28435868e+003 5.30053764e-015 8.78246553e-016 6.17562466e-004
 1.29145177e+003 5.29070092e-015 8.79442606e-016 6.17044121e-004
 1.29854487e+003 5.28087424e-015 8.80609612e-016 6.16525777e-004
 1.30563796e+003 5.27105761e-015 8.81747827e-016 6.16007436e-004
 1.31273106e+003 5.26125102e-015 8.82857505e-016 6.15489097e-004
 1.31982415e+003 5.25145447e-015 8.83938898e-016 6.14970760e-004
 1.32691725e+003 5.24166796e-015 8.84992259e-016 6.14452425e-004
 1.33401035e+003 5.23189149e-015 8.86017834e-016 6.13934092e-004
 1.34110344e+003 5.22212505e-015 8.87015872e-016 6.13415761e-004
 1.34819654e+003 5.21236865e-015 8.87986618e-016 6.12897432e-004
 1.35528963e+003 5.20262227e-015 8.88930314e-016 6.12379105e-004
 1.36238273e+003 5.19288593e-015 8.89847203e-016 6.11860780e-004
 1.36947582e+003 5.18315961e-015 8.90737525e-016 6.11342458e-004
 1.37656892e+003 5.17344332e-015 8.91601516e-016 6.10824137e-004
 1.38366201e+003 5.16373705e-015 8.92439414e-016 6.10305819e-004
 1.39075511e+003 5.15404081e-015 8.93251453e-016 6.09787502e-004
 1.39784820e+003 5.14435458e-015 8.94037866e-016 6.09269188e-004
 1.40494130e+003 5.13467838e-015 8.94798883e-016 6.08750876e-004
 1.41203439e+003 5.12501219e-015 8.95534734e-016 6.08232566e-004
 1.41912749e+003 5.11535601e-015 8.96245647e-016 6.07714258e-004
 1.42622058e+003 5.10570985e-015 8.96931847e-016 6.07195952e-004
 1.43331368e+003 5.09607370e-015 8.97593558e-016 6.06677648e-004
 1.44040677e+003 5.08644756e-015 8.98231004e-016 6.06159347e-004
 1.44749987e+003 5.07683142e-015 8.98844405e-016 6.05641048e-004
 1.45459296e+003 5.06722529e-015 8.99433979e-016 6.05122750e-004
 1.46168606e+003 5.05762917e-015 8.99999945e-016 6.04604455e-004
 1.46877915e+003 5.04804304e-015 9.00542519e-016 6.04086162e-004
 1.47587225e+003 5.03846692e-015 9.01061914e-016 6.03567871e-004
 1.48296534e+003 5.02890079e-015 9.01558344e-016 6.03049583e-004
 1.49005844e+003 5.01934466e-015 9.02032020e-016 6.02531296e-004
 1.49715153e+003 5.00979853e-015 9.02483150e-016 6.02013012e-004
 1.50424463e+003 5.00026238e-015 9.02911943e-016 6.01494729e-004
 1.51133772e+003 4.99073623e-015 9.03318606e-016 6.00976449e-004
 1.51843082e+003 4.98122007e-015 9.03703342e-016 6.00458171e-004
 1.52552391e+003 4.97171389e-015 9.04066356e-016 5.99939896e-004
 1.53261701e+003 4.96221770e-015 9.04407849e-016 5.99421622e-004
 1.53971010e+003 4.95273149e-015 9.04728020e-016 5.98903351e-004
 1.54680320e+003 4.94325526e-015 9.05027070e-016 5.98385081e-004
 1.55389629e+003 4.93378901e-015 9.05305194e-016 5.97866814e-004
 1.56098939e+003 4.92433274e-015 9.05562589e-016 5.97348549e-004
 1.56808248e+003 4.91488644e-015 9.05799449e-016 5.96830287e-004
 1.57517558e+003 4.90545012e-015 9.06015966e-016 5.96312026e-004
 1.58226867e+003 4.89602377e-015 9.06212331e-016 5.95793768e-004
 1.58936177e+003 4.88660739e-015 9.06388735e-016 5.95275512e-004
 1.59645486e+003 4.87720097e-015 9.06545366e-016 5.94757258e-004
 1.60354796e+003 4.86780453e-015 9.06682410e-016 5.94239007e-004
 1.61064105e+003 4.85841804e-015 9.06800053e-016 5.93720757e-004
 1.61773415e+003 4.84904152e-015 9.06898479e-016 5.93202510e-004
 1.62482724e+003 4.83967496e-015 9.06977871e-016 5.92684265e-004
 1.63192034e+003 4.83031836e-015 9.07038410e-016 5.92166022e-004
 1.63901343e+003 4.82097172e-015 9.07080275e-016 5.91647782e-004
 1.64610653e+003 4.81163503e-015 9.07103646e-016 5.91129543e-004
 1.65319962e+003 4.80230829e-015 9.07108699e-016 5.90611307e-004
 1.66029272e+003 4.79299151e-015 9.07095609e-016 5.90093074e-004
 1.66738582e+003 4.78368467e-015 9.07064553e-016 5.89574842e-004
 1.67447891e+003 4.77438778e-015 9.07015701e-016 5.89056613e-004
 1.68157201e+003 4.76510084e-015 9.06949227e-016 5.88538386e-004
 1.68866510e+003 4.75582384e-015 9.06865300e-016 5.88020161e-004
 1.69575820e+003 4.74655678e-015 9.06764089e-016 5.87501938e-004
 1.70285129e+003 4.73729966e-015 9.06645763e-016 5.86983718e-004
 1.70994439e+003 4.72805248e-015 9.06510488e-016 5.86465500e-004
 1.71703748e+003 4.71881523e-015 9.06358428e-016 5.85947284e-004
 1.72413058e+003 4.70958792e-015 9.06189748e-016 5.85429071e-004
 1.73122367e+003 4.70037054e-015 9.06004611e-016 5.84910860e-004
 1.73831677e+003 4.69116309e-015 9.05803177e-016 5.84392651e-004
 1.74540986e+003 4.68196557e-015 9.05585607e-016 5.83874444e-004
 1.75250296e+003 4.67277798e-015 9.05352060e-016 5.83356240e-004
 1.75959605e+003 4.66360031e-015 9.05102693e-016 5.82838038e-004
 1.76668915e+003 4.65443256e-015 9.04837663e-016 5.82319838e-004
 1.77378224e+003 4.64527473e-015 9.04557125e-016 5.81801641e-004
 1.78087534e+003 4.63612682e-015 9.04261232e-016 5.81283445e-004
 1.78796843e+003 4.62698883e-015 9.03950138e-016 5.80765253e-004
 1.79506153e+003 4.61786075e-015 9.03623995e-016 5.80247062e-004
 1.80215462e+003 4.60874259e-015 9.03282951e-016 5.79728874e-004
 1.80924772e+003 4.59963434e-015 9.02927158e-016 5.79210688e-004
 1.81634081e+003 4.59053599e-015 9.02556762e-016 5.78692505e-004
 1.82343391e+003 4.58144755e-015 9.02171911e-016 5.78174324e-004
 1.83052700e+003 4.57236902e-015 9.01772750e-016 5.77656145e-004
 1.83762010e+003 4.56330039e-015 9.01359424e-016 5.77137968e-004
 1.84471319e+003 4.55424167e-015 9.00932076e-016 5.76619794e-004
 1.85180629e+003 4.54519284e-015 9.00490849e-016 5.76101622e-004
 1.85889938e+003 4.53615391e-015 9.00035884e-016 5.75583453e-004
 1.86599248e+003 4.52712487e-015 8.99567321e-016 5.75065286e-004
 1.87308557e+003 4.51810573e-015 8.99085298e-016 5.74547121e-004
 1.88017867e+003 4.50909648e-015 8.98589954e-016 5.74028959e-004
 1.88727176e+003 4.50009712e-015 8.98081426e-016 5.73510799e-004
 1.89436486e+003 4.49110765e-015 8.97559848e-016 5.72992641e-004
 1.90145795e+003 4.48212806e-015 8.97025357e-016 5.72474486e-004
 1.90855105e+003 4.47315836e-015 8.96478085e-016 5.71956333e-004
 1.91564414e+003 4.46419854e-015 8.95918164e-016 5.71438183e-004
 1.92273724e+003 4.45524860e-015 8.95345727e-016 5.70920035e-004
 1.92983033e+003 4.44630853e-015 8.94760903e-016 5.70401889e-004
 1.93692343e+003 4.43737835e-015 8.94163822e-016 5.69883746e-004
 1.94401652e+003 4.42845803e-015 8.93554612e-016 5.69365605e-004
 1.95110962e+003 4.41954759e-015 8.92933401e-016 5.68847467e-004
 1.95820271e+003 4.41064702e-015 8.92300315e-016 5.68329331e-004
 1.96529581e+003 4.40175632e-015 8.91655479e-016 5.67811197e-004
 1.97238890e+003 4.39287549e-015 8.90999017e-016 5.67293066e-004
 1.97948200e+003 4.38400452e-015 8.90331052e-016 5.66774937e-004
 1.98657510e+003 4.37514341e-015 8.89651708e-016 5.66256811e-004
 1.99366819e+003 4.36629216e-015 8.88961104e-016 5.65738687e-004
 2.00076129e+003 4.35745077e-015 8.88259362e-016 5.65220566e-004
 2.00785438e+003 4.34861924e-015 8.87546601e-016 5.64702447e-004
 2.01494748e+003 4.33979756e-015 8.86822939e-016 5.64184330e-004
 2.02204057e+003 4.33098573e-015 8.86088493e-016 5.63666216e-004
 2.02913367e+003 4.32218376e-015 8.85343381e-016 5.63148105e-004
 2.03622676e+003 4.31339163e-015 8.84587717e-016 5.62629995e-004
 2.04331986e+003 4.30460935e-015 8.83821617e-016 5.62111889e-004
 2.05041295e+003 4.29583692e-015 8.83045193e-016 5.61593785e-004
 2.05750605e+003 4.28707432e-015 8.82258560e-016 5.61075683e-004
 2.06459914e+003 4.27832157e-015 8.81461828e-016 5.60557584e-004
 2.07169224e+003 4.26957866e-015 8.80655108e-016 5.60039487e-004
 2.07878533e+003 4.26084558e-015 8.79838511e-016 5.59521393e-004
 2.08587843e+003 4.25212234e-015 8.79012146e-016 5.59003301e-004
 2.09297152e+003 4.24340894e-015 8.78176121e-016 5.58485212e-004
 2.10006462e+003 4.23470536e-015 8.77330543e-016 5.57967125e-004
 2.10715771e+003 4.22601161e-015 8.76475519e-016 5.57449041e-004
 2.11425081e+003 4.21732769e-015 8.75611155e-016 5.56930959e-004
 2.12134390e+003 4.20865359e-015 8.74737555e-016 5.56412880e-004
 2.12843700e+003 4.19998932e-015 8.73854823e-016 5.55894803e-004
 2.13553009e+003 4.19133487e-015 8.72963063e-016 5.55376729e-004
 2.14262319e+003 4.18269024e-015 8.72062376e-016 5.54858657e-004
 2.14971628e+003 4.17405542e-015 8.71152864e-016 5.54340588e-004
 2.15680938e+003 4.16543042e-015 8.70234627e-016 5.53822521e-004
 2.16390247e+003 4.15681523e-015 8.69307766e-016 5.53304457e-004
 2.17099557e+003 4.14820985e-015 8.68372379e-016 5.52786396e-004
 2.17808866e+003 4.13961429e-015 8.67428564e-016 5.52268337e-004
 2.18518176e+003 4.13102852e-015 8.66476419e-016 5.51750281e-004
 2.19227485e+003 4.12245257e-015 8.65516039e-016 5.51232227e-004
 2.19936795e+003 4.11388642e-015 8.64547521e-016 5.50714176e-004
 2.20646104e+003 4.10533006e-015 8.63570960e-016 5.50196127e-004
 2.21355414e+003 4.09678351e-015 8.62586450e-016 5.49678081e-004
 2.22064723e+003 4.08824676e-015 8.61594083e-016 5.49160038e-004
 2.22774033e+003 4.07971979e-015 8.60593954e-016 5.48641997e-004
 2.23483342e+003 4.07120263e-015 8.59586152e-016 5.48123958e-004
 2.24192652e+003 4.06269525e-015 8.58570770e-016 5.47605923e-004
 2.24901961e+003 4.05419766e-015 8.57547898e-016 5.47087890e-004
 2.25611271e+003 4.04570986e-015 8.56517625e-016 5.46569859e-004
 2.26320580e+003 4.03723184e-015 8.55480040e-016 5.46051831e-004
 2.27029890e+003 4.02876361e-015 8.54435231e-016 5.45533806e-004
 2.27739199e+003 4.02030516e-015 8.53383286e-016 5.45015783e-004
 2.28448509e+003 4.01185649e-015 8.52324290e-016 5.44497763e-004
 2.29157818e+003 4.00341759e-015 8.51258330e-016 5.43979746e-004
 2.29867128e+003 3.99498847e-015 8.50185491e-016 5.43461731e-004
 2.30576437e+003 3.98656912e-015 8.49105858e-016 5.42943719e-004
 2.31285747e+003 3.97815954e-015 8.48019513e-016 5.42425710e-004
 2.31995057e+003 3.96975973e-015 8.46926541e-016 5.41907703e-004
 2.32704366e+003 3.96136969e-015 8.45827023e-016 5.41389699e-004
 2.33413676e+003 3.95298941e-015 8.44721041e-016 5.40871698e-004
 2.34122985e+003 3.94461890e-015 8.43608676e-016 5.40353699e-004
 2.34832295e+003 3.93625814e-015 8.42490008e-016 5.39835703e-004
 2.35541604e+003 3.92790715e-015 8.41365116e-016 5.39317709e-004
 2.36250914e+003 3.91956591e-015 8.40234081e-016 5.38799719e-004
 2.36960223e+003 3.91123442e-015 8.39096979e-016 5.38281731e-004
 2.37669533e+003 3.90291269e-015 8.37953889e-016 5.37763745e-004
 2.38378842e+003 3.89460071e-015 8.36804887e-016 5.37245763e-004
 2.39088152e+003 3.88629847e-015 8.35650050e-016 5.36727783e-004
 2.39797461e+003 3.87800599e-015 8.34489453e-016 5.36209805e-004
 2.40506771e+003 3.86972324e-015 8.33323172e-016 5.35691831e-004
 2.41216080e+003 3.86145024e-015 8.32151279e-016 5.35173859e-004
 2.41925390e+003 3.85318698e-015 8.30973851e-016 5.34655890e-004
 2.42634699e+003 3.84493346e-015 8.29790958e-016 5.34137924e-004
 2.43344009e+003 3.83668967e-015 8.28602674e-016 5.33619960e-004
 2.44053318e+003 3.82845562e-015 8.27409071e-016 5.33101999e-004
 2.44762628e+003 3.82023130e-015 8.26210220e-016 5.32584041e-004
 2.45471937e+003 3.81201671e-015 8.25006191e-016 5.32066086e-004
 2.46181247e+003 3.80381185e-015 8.23797055e-016 5.31548133e-004
 2.46890556e+003 3.79561671e-015 8.22582881e-016 5.31030183e-004
 2.47599866e+003 3.78743130e-015 8.21363737e-016 5.30512236e-004
 2.48309175e+003 3.77925561e-015 8.20139692e-016 5.29994292e-004
 2.49018485e+003 3.77108964e-015 8.18910814e-016 5.29476350e-004
 2.49727794e+003 3.76293338e-015 8.17677169e-016 5.28958412e-004
 2.50437104e+003 3.75478684e-015 8.16438824e-016 5.28440476e-004
 2.51146413e+003 3.74665002e-015 8.15195845e-016 5.27922543e-004
 2.51855723e+003 3.73852290e-015 8.13948297e-016 5.27404612e-004
 2.52565032e+003 3.73040550e-015 8.12696246e-016 5.26886685e-004
 2.53274342e+003 3.72229780e-015 8.11439754e-016 5.26368760e-004
 2.53983651e+003 3.71419981e-015 8.10178887e-016 5.25850838e-004
 2.54692961e+003 3.70611152e-015 8.08913706e-016 5.25332919e-004
 2.55402270e+003 3.69803293e-015 8.07644275e-016 5.24815003e-004
 2.56111580e+003 3.68996404e-015 8.06370655e-016 5.24297089e-004
 2.56820889e+003 3.68190485e-015 8.05092908e-016 5.23779179e-004
 2.57530199e+003 3.67385535e-015 8.03811096e-016 5.23261271e-004
 2.58239508e+003 3.66581555e-015 8.02525277e-016 5.22743366e-004
 2.58948818e+003 3.65778543e-015 8.01235512e-016 5.22225464e-004
 2.59658127e+003 3.64976500e-015 7.99941861e-016 5.21707565e-004
 2.60367437e+003 3.64175426e-015 7.98644383e-016 5.21189668e-004
 2.61076746e+003 3.63375321e-015 7.97343135e-016 5.20671775e-004
 2.61786056e+003 3.62576183e-015 7.96038175e-016 5.20153884e-004
 2.62495365e+003 3.61778014e-015 7.94729561e-016 5.19635997e-004
 2.63204675e+003 3.60980812e-015 7.93417349e-016 5.19118112e-004
 2.63913985e+003 3.60184578e-015 7.92101596e-016 5.18600230e-004
 2.64623294e+003 3.59389312e-015 7.90782358e-016 5.18082351e-004
 2.65332604e+003 3.58595012e-015 7.89459689e-016 5.17564475e-004
 2.66041913e+003 3.57801680e-015 7.88133646e-016 5.17046602e-004
 2.66751223e+003 3.57009314e-015 7.86804281e-016 5.16528732e-004
 2.67460532e+003 3.56217915e-015 7.85471649e-016 5.16010864e-004
 2.68169842e+003 3.55427482e-015 7.84135803e-016 5.15493000e-004
 2.68879151e+003 3.54638015e-015 7.82796796e-016 5.14975138e-004
 2.69588461e+003 3.53849514e-015 7.81454681e-016 5.14457280e-004
 2.70297770e+003 3.53061979e-015 7.80109509e-016 5.13939424e-004
 2.71007080e+003 3.52275409e-015 7.78761332e-016 5.13421572e-004
 2.71716389e+003 3.51489804e-015 7.77410201e-016 5.12903722e-004
 2.72425699e+003 3.50705165e-015 7.76056167e-016 5.12385875e-004
 2.73135008e+003 3.49921490e-015 7.74699280e-016 5.11868032e-004
 2.73844318e+003 3.49138780e-015 7.73339588e-016 5.11350191e-004
 2.74553627e+003 3.48357034e-015 7.71977143e-016 5.10832353e-004
 2.75262937e+003 3.47576253e-015 7.70611992e-016 5.10314518e-004
 2.75972246e+003 3.46796436e-015 7.69244184e-016 5.09796687e-004
 2.76681556e+003 3.46017582e-015 7.67873766e-016 5.09278858e-004
 2.77390865e+003 3.45239692e-015 7.66500787e-016 5.08761032e-004
 2.78100175e+003 3.44462765e-015 7.65125293e-016 5.08243209e-004
 2.78809484e+003 3.43686801e-015 7.63747331e-016 5.07725389e-004
 2.79518794e+003 3.42911801e-015 7.62366947e-016 5.07207573e-004
 2.80228103e+003 3.42137763e-015 7.60984188e-016 5.06689759e-004
 2.80937413e+003 3.41364687e-015 7.59599097e-016 5.06171948e-004
 2.81646722e+003 3.40592574e-015 7.58211721e-016 5.05654141e-004
 2.82356032e+003 3.39821423e-015 7.56822104e-016 5.05136336e-004
 2.83065341e+003 3.39051233e-015 7.55430290e-016 5.04618535e-004
 2.83774651e+003 3.38282006e-015 7.54036323e-016 5.04100736e-004
 2.84483960e+003 3.37513739e-015 7.52640246e-016 5.03582941e-004
 2.85193270e+003 3.36746434e-015 7.51242102e-016 5.03065149e-004
 2.85902579e+003 3.35980090e-015 7.49841934e-016 5.02547360e-004
 2.86611889e+003 3.35214707e-015 7.48439784e-016 5.02029573e-004
 2.87321198e+003 3.34450284e-015 7.47035695e-016 5.01511790e-004
 2.88030508e+003 3.33686822e-015 7.45629706e-016 5.00994010e-004
 2.88739817e+003 3.32924319e-015 7.44221859e-016 5.00476234e-004
 2.89449127e+003 3.32162777e-015 7.42812196e-016 4.99958460e-004
 2.90158436e+003 3.31402194e-015 7.41400756e-016 4.99440689e-004
 2.90867746e+003 3.30642571e-015 7.39987579e-016 4.98922922e-004
 2.91577055e+003 3.29883907e-015 7.38572705e-016 4.98405158e-004
 2.92286365e+003 3.29126202e-015 7.37156173e-016 4.97887396e-004
 2.92995674e+003 3.28369455e-015 7.35738022e-016 4.97369638e-004
 2.93704984e+003 3.27613668e-015 7.34318290e-016 4.96851883e-004
 2.94414293e+003 3.26858839e-015 7.32897016e-016 4.96334132e-004
 2.95123603e+003 3.26104968e-015 7.31474237e-016 4.95816383e-004
 2.95832912e+003 3.25352055e-015 7.30049990e-016 4.95298638e-004
 2.96542222e+003 3.24600099e-015 7.28624314e-016 4.94780896e-004
 2.97251532e+003 3.23849101e-015 7.27197243e-016 4.94263157e-004
 2.97960841e+003 3.23099061e-015 7.25768816e-016 4.93745421e-004
 2.98670151e+003 3.22349977e-015 7.24339068e-016 4.93227688e-004
 2.99379460e+003 3.21601851e-015 7.22908034e-016 4.92709959e-004
 3.00088770e+003 3.20854681e-015 7.21475750e-016 4.92192232e-004
 3.00798079e+003 3.20108467e-015 7.20042252e-016 4.91674509e-004
 3.01507389e+003 3.19363210e-015 7.18607573e-016 4.91156790e-004
 3.02216698e+003 3.18618908e-015 7.17171748e-016 4.90639073e-004
 3.02926008e+003 3.17875562e-015 7.15734812e-016 4.90121360e-004
 3.03635317e+003 3.17133172e-015 7.14296797e-016 4.89603650e-004
 3.04344627e+003 3.16391738e-015 7.12857739e-016 4.89085943e-004
 3.05053936e+003 3.15651258e-015 7.11417668e-016 4.88568239e-004
 3.05763246e+003 3.14911733e-015 7.09976620e-016 4.88050539e-004
 3.06472555e+003 3.14173163e-015 7.08534625e-016 4.87532842e-004
 3.07181865e+003 3.13435547e-015 7.07091716e-016 4.87015148e-004
 3.07891174e+003 3.12698885e-015 7.05647926e-016 4.86497458e-004
 3.08600484e+003 3.11963178e-015 7.04203285e-016 4.85979771e-004
 3.09309793e+003 3.11228424e-015 7.02757825e-016 4.85462087e-004
 3.10019103e+003 3.10494624e-015 7.01311577e-016 4.84944406e-004
 3.10728412e+003 3.09761777e-015 6.99864572e-016 4.84426729e-004
 3.11437722e+003 3.09029883e-015 6.98416839e-016 4.83909055e-004
 3.12147031e+003 3.08298942e-015 6.96968410e-016 4.83391384e-004
 3.12856341e+003 3.07568954e-015 6.95519314e-016 4.82873717e-004
 3.13565650e+003 3.06839918e-015 6.94069581e-016 4.82356053e-004
 3.14274960e+003 3.06111834e-015 6.92619239e-016 4.81838393e-004
 3.14984269e+003 3.05384703e-015 6.91168318e-016 4.81320735e-004
 3.15693579e+003 3.04658523e-015 6.89716847e-016 4.80803082e-004
 3.16402888e+003 3.03933294e-015 6.88264854e-016 4.80285431e-004
 3.17112198e+003 3.03209017e-015 6.86812366e-016 4.79767784e-004
 3.17821507e+003 3.02485691e-015 6.85359413e-016 4.79250140e-004
 3.18530817e+003 3.01763316e-015 6.83906022e-016 4.78732500e-004
 3.19240126e+003 3.01041892e-015 6.82452219e-016 4.78214863e-004
 3.19949436e+003 3.00321418e-015 6.80998033e-016 4.77697230e-004
 3.20658745e+003 2.99601894e-015 6.79543489e-016 4.77179599e-004
 3.21368055e+003 2.98883320e-015 6.78088615e-016 4.76661973e-004
 3.22077364e+003 2.98165696e-015 6.76633437e-016 4.76144349e-004
 3.22786674e+003 2.97449022e-015 6.75177981e-016 4.75626730e-004
 3.23495983e+003 2.96733296e-015 6.73722272e-016 4.75109113e-004
 3.24205293e+003 2.96018520e-015 6.72266337e-016 4.74591500e-004
 3.24914602e+003 2.95304693e-015 6.70810200e-016 4.74073891e-004
 3.25623912e+003 2.94591814e-015 6.69353886e-016 4.73556285e-004
 3.26333221e+003 2.93879884e-015 6.67897421e-016 4.73038682e-004
 3.27042531e+003 2.93168901e-015 6.66440829e-016 4.72521083e-004
 3.27751840e+003 2.92458867e-015 6.64984135e-016 4.72003488e-004
 3.28461150e+003 2.91749781e-015 6.63527362e-016 4.71485896e-004
 3.29170460e+003 2.91041641e-015 6.62070534e-016 4.70968307e-004
 3.29879769e+003 2.90334450e-015 6.60613674e-016 4.70450722e-004
 3.30589079e+003 2.89628205e-015 6.59156807e-016 4.69933141e-004
 3.31298388e+003 2.88922907e-015 6.57699956e-016 4.69415563e-004
 3.32007698e+003 2.88218555e-015 6.56243143e-016 4.68897988e-004
 3.32717007e+003 2.87515150e-015 6.54786391e-016 4.68380417e-004
 3.33426317e+003 2.86812691e-015 6.53329722e-016 4.67862850e-004
 3.34135626e+003 2.86111178e-015 6.51873159e-016 4.67345286e-004
 3.34844936e+003 2.85410611e-015 6.50416724e-016 4.66827726e-004
 3.35554245e+003 2.84710989e-015 6.48960438e-016 4.66310169e-004
 3.36263555e+003 2.84012312e-015 6.47504324e-016 4.65792616e-004
 3.36972864e+003 2.83314580e-015 6.46048402e-016 4.65275067e-004
 3.37682174e+003 2.82617793e-015 6.44592695e-016 4.64757521e-004
 3.38391483e+003 2.81921951e-015 6.43137221e-016 4.64239978e-004
 3.39100793e+003 2.81227052e-015 6.41682003e-016 4.63722440e-004
 3.39810102e+003 2.80533098e-015 6.40227062e-016 4.63204905e-004
 3.40519412e+003 2.79840088e-015 6.38772416e-016 4.62687373e-004
 3.41228721e+003 2.79148021e-015 6.37318087e-016 4.62169845e-004
 3.41938031e+003 2.78456897e-015 6.35864094e-016 4.61652321e-004
 3.42647340e+003 2.77766717e-015 6.34410458e-016 4.61134801e-004
 3.43356650e+003 2.77077480e-015 6.32957197e-016 4.60617284e-004
 3.44065959e+003 2.76389185e-015 6.31504331e-016 4.60099771e-004
 3.44775269e+003 2.75701832e-015 6.30051879e-016 4.59582261e-004
 3.45484578e+003 2.75015422e-015 6.28599860e-016 4.59064755e-004
 3.46193888e+003 2.74329954e-015 6.27148292e-016 4.58547253e-004
 3.46903197e+003 2.73645428e-015 6.25697195e-016 4.58029755e-004
 3.47612507e+003 2.72961843e-015 6.24246587e-016 4.57512260e-004
 3.48321816e+003 2.72279199e-015 6.22796486e-016 4.56994769e-004
 3.49031126e+003 2.71597496e-015 6.21346909e-016 4.56477282e-004
 3.49740435e+003 2.70916735e-015 6.19897875e-016 4.55959798e-004
 3.50449745e+003 2.70236913e-015 6.18449401e-016 4.55442319e-004
 3.51159054e+003 2.69558033e-015 6.17001505e-016 4.54924842e-004
 3.51868364e+003 2.68880092e-015 6.15554204e-016 4.54407370e-004
 3.52577673e+003 2.68203091e-015 6.14107515e-016 4.53889902e-004
 3.53286983e+003 2.67527029e-015 6.12661455e-016 4.53372437e-004
 3.53996292e+003 2.66851908e-015 6.11216041e-016 4.52854976e-004
 3.54705602e+003 2.66177725e-015 6.09771289e-016 4.52337519e-004
 3.55414911e+003 2.65504481e-015 6.08327216e-016 4.51820066e-004
 3.56124221e+003 2.64832176e-015 6.06883837e-016 4.51302616e-004
 3.56833530e+003 2.64160809e-015 6.05441170e-016 4.50785170e-004
 3.57542840e+003 2.63490381e-015 6.03999229e-016 4.50267729e-004
 3.58252149e+003 2.62820891e-015 6.02558031e-016 4.49750290e-004
 3.58961459e+003 2.62152338e-015 6.01117591e-016 4.49232856e-004
 3.59670768e+003 2.61484723e-015 5.99677924e-016 4.48715426e-004
 3.60380078e+003 2.60818045e-015 5.98239046e-016 4.48198000e-004
 3.61089387e+003 2.60152304e-015 5.96800972e-016 4.47680577e-004
 3.61798697e+003 2.59487500e-015 5.95363717e-016 4.47163158e-004
 3.62508007e+003 2.58823633e-015 5.93927295e-016 4.46645743e-004
 3.63217316e+003 2.58160702e-015 5.92491721e-016 4.46128332e-004
 3.63926626e+003 2.57498707e-015 5.91057010e-016 4.45610925e-004
 3.64635935e+003 2.56837648e-015 5.89623175e-016 4.45093522e-004
 3.65345245e+003 2.56177524e-015 5.88190232e-016 4.44576123e-004
 3.66054554e+003 2.55518336e-015 5.86758193e-016 4.44058728e-004
 3.66763864e+003 2.54860083e-015 5.85327074e-016 4.43541337e-004
 3.67473173e+003 2.54202765e-015 5.83896886e-016 4.43023949e-004
 3.68182483e+003 2.53546381e-015 5.82467645e-016 4.42506566e-004
 3.68891792e+003 2.52890932e-015 5.81039363e-016 4.41989187e-004
 3.69601102e+003 2.52236418e-015 5.79612054e-016 4.41471811e-004
 3.70310411e+003 2.51582837e-015 5.78185731e-016 4.40954440e-004
 3.71019721e+003 2.50930190e-015 5.76760407e-016 4.40437072e-004
 3.71729030e+003 2.50278476e-015 5.75336094e-016 4.39919709e-004
 3.72438340e+003 2.49627696e-015 5.73912806e-016 4.39402350e-004
 3.73147649e+003 2.48977848e-015 5.72490554e-016 4.38884994e-004
 3.73856959e+003 2.48328933e-015 5.71069352e-016 4.38367643e-004
 3.74566268e+003 2.47680951e-015 5.69649212e-016 4.37850296e-004
 3.75275578e+003 2.47033901e-015 5.68230145e-016 4.37332952e-004
 3.75984887e+003 2.46387783e-015 5.66812165e-016 4.36815613e-004
 3.76694197e+003 2.45742597e-015 5.65395282e-016 4.36298278e-004
 3.77403506e+003 2.45098343e-015 5.63979508e-016 4.35780947e-004
 3.78112816e+003 2.44455020e-015 5.62564856e-016 4.35263620e-004
 3.78822125e+003 2.43812627e-015 5.61151336e-016 4.34746297e-004
 3.79531435e+003 2.43171166e-015 5.59738961e-016 4.34228979e-004
 3.80240744e+003 2.42530635e-015 5.58327740e-016 4.33711664e-004
 3.80950054e+003 2.41891035e-015 5.56917687e-016 4.33194354e-004
 3.81659363e+003 2.41252364e-015 5.55508810e-016 4.32677047e-004
 3.82368673e+003 2.40614624e-015 5.54101122e-016 4.32159745e-004
 3.83077982e+003 2.39977813e-015 5.52694634e-016 4.31642447e-004
 3.83787292e+003 2.39341931e-015 5.51289355e-016 4.31125154e-004
 3.84496601e+003 2.38706978e-015 5.49885296e-016 4.30607864e-004
 3.85205911e+003 2.38072955e-015 5.48482468e-016 4.30090579e-004
 3.85915220e+003 2.37439860e-015 5.47080881e-016 4.29573297e-004
 3.86624530e+003 2.36807693e-015 5.45680546e-016 4.29056020e-004
 3.87333839e+003 2.36176455e-015 5.44281472e-016 4.28538748e-004
 3.88043149e+003 2.35546144e-015 5.42883669e-016 4.28021479e-004
 3.88752458e+003 2.34916761e-015 5.41487147e-016 4.27504215e-004
 3.89461768e+003 2.34288305e-015 5.40091916e-016 4.26986955e-004
 3.90171077e+003 2.33660777e-015 5.38697986e-016 4.26469699e-004
 3.90880387e+003 2.33034175e-015 5.37305365e-016 4.25952447e-004
 3.91589696e+003 2.32408500e-015 5.35914064e-016 4.25435200e-004
 3.92299006e+003 2.31783752e-015 5.34524092e-016 4.24917957e-004
 3.93008315e+003 2.31159930e-015 5.33135458e-016 4.24400719e-004
 3.93717625e+003 2.30537033e-015 5.31748171e-016 4.23883484e-004
 3.94426935e+003 2.29915062e-015 5.30362240e-016 4.23366254e-004
 3.95136244e+003 2.29294017e-015 5.28977673e-016 4.22849029e-004
 3.95845554e+003 2.28673897e-015 5.27594481e-016 4.22331807e-004
 3.96554863e+003 2.28054702e-015 5.26212671e-016 4.21814590e-004
 3.97264173e+003 2.27436431e-015 5.24832252e-016 4.21297378e-004
 3.97973482e+003 2.26819085e-015 5.23453232e-016 4.20780170e-004
 3.98682792e+003 2.26202663e-015 5.22075620e-016 4.20262966e-004
 3.99392101e+003 2.25587165e-015 5.20699425e-016 4.19745766e-004
 4.00101411e+003 2.24972591e-015 5.19324654e-016 4.19228571e-004
 4.00810720e+003 2.24358940e-015 5.17951315e-016 4.18711381e-004
 4.01520030e+003 2.23746212e-015 5.16579417e-016 4.18194195e-004
 4.02229339e+003 2.23134407e-015 5.15208967e-016 4.17677013e-004
 4.02938649e+003 2.22523525e-015 5.13839973e-016 4.17159836e-004
 4.03647958e+003 2.21913565e-015 5.12472443e-016 4.16642663e-004
 4.04357268e+003 2.21304527e-015 5.11106385e-016 4.16125495e-004
 4.05066577e+003 2.20696412e-015 5.09741806e-016 4.15608331e-004
 4.05775887e+003 2.20089218e-015 5.08378713e-016 4.15091171e-004
 4.06485196e+003 2.19482945e-015 5.07017115e-016 4.14574017e-004
 4.07194506e+003 2.18877594e-015 5.05657018e-016 4.14056866e-004
 4.07903815e+003 2.18273163e-015 5.04298429e-016 4.13539721e-004
 4.08613125e+003 2.17669654e-015 5.02941355e-016 4.13022579e-004
 4.09322434e+003 2.17067064e-015 5.01585805e-016 4.12505443e-004
 4.10031744e+003 2.16465395e-015 5.00231784e-016 4.11988310e-004
 4.10741053e+003 2.15864645e-015 4.98879299e-016 4.11471183e-004
 4.11450363e+003 2.15264816e-015 4.97528357e-016 4.10954060e-004
 4.12159672e+003 2.14665905e-015 4.96178965e-016 4.10436942e-004
 4.12868982e+003 2.14067914e-015 4.94831130e-016 4.09919828e-004
 4.13578291e+003 2.13470842e-015 4.93484858e-016 4.09402719e-004
 4.14287601e+003 2.12874688e-015 4.92140155e-016 4.08885614e-004
 4.14996910e+003 2.12279453e-015 4.90797028e-016 4.08368514e-004
 4.15706220e+003 2.11685136e-015 4.89455483e-016 4.07851419e-004
 4.16415529e+003 2.11091737e-015 4.88115526e-016 4.07334329e-004
 4.17124839e+003 2.10499255e-015 4.86777164e-016 4.06817243e-004
 4.17834148e+003 2.09907691e-015 4.85440403e-016 4.06300162e-004
 4.18543458e+003 2.09317043e-015 4.84105248e-016 4.05783085e-004
 4.19252767e+003 2.08727313e-015 4.82771706e-016 4.05266014e-004
 4.19962077e+003 2.08138499e-015 4.81439782e-016 4.04748947e-004
 4.20671386e+003 2.07550602e-015 4.80109482e-016 4.04231884e-004
 4.21380696e+003 2.06963620e-015 4.78780812e-016 4.03714827e-004
 4.22090005e+003 2.06377555e-015 4.77453777e-016 4.03197774e-004
 4.22799315e+003 2.05792405e-015 4.76128383e-016 4.02680726e-004
 4.23508624e+003 2.05208170e-015 4.74804636e-016 4.02163683e-004
 4.24217934e+003 2.04624850e-015 4.73482541e-016 4.01646645e-004
 4.24927243e+003 2.04042445e-015 4.72162103e-016 4.01129611e-004
 4.25636553e+003 2.03460955e-015 4.70843328e-016 4.00612582e-004
 4.26345862e+003 2.02880379e-015 4.69526221e-016 4.00095558e-004
 4.27055172e+003 2.02300717e-015 4.68210786e-016 3.99578539e-004
 4.27764482e+003 2.01721968e-015 4.66897030e-016 3.99061525e-004
 4.28473791e+003 2.01144133e-015 4.65584957e-016 3.98544516e-004
 4.29183101e+003 2.00567212e-015 4.64274571e-016 3.98027511e-004
 4.29892410e+003 1.99991203e-015 4.62965879e-016 3.97510512e-004
 4.30601720e+003 1.99416107e-015 4.61658884e-016 3.96993517e-004
 4.31311029e+003 1.98841923e-015 4.60353592e-016 3.96476527e-004
 4.32020339e+003 1.98268652e-015 4.59050007e-016 3.95959543e-004
 4.32729648e+003 1.97696292e-015 4.57748134e-016 3.95442563e-004
 4.33438958e+003 1.97124844e-015 4.56447978e-016 3.94925588e-004
 4.34148267e+003 1.96554308e-015 4.55149542e-016 3.94408618e-004
 4.34857577e+003 1.95984683e-015 4.53852832e-016 3.93891653e-004
 4.35566886e+003 1.95415968e-015 4.52557852e-016 3.93374693e-004
 4.36276196e+003 1.94848164e-015 4.51264606e-016 3.92857738e-004
 4.36985505e+003 1.94281271e-015 4.49973098e-016 3.92340788e-004
 4.37694815e+003 1.93715287e-015 4.48683333e-016 3.91823844e-004
 4.38404124e+003 1.93150214e-015 4.47395315e-016 3.91306904e-004
 4.39113434e+003 1.92586050e-015 4.46109048e-016 3.90789969e-004
 4.39822743e+003 1.92022795e-015 4.44824537e-016 3.90273040e-004
 4.40532053e+003 1.91460449e-015 4.43541784e-016 3.89756115e-004
 4.41241362e+003 1.90899012e-015 4.42260794e-016 3.89239196e-004
 4.41950672e+003 1.90338483e-015 4.40981572e-016 3.88722281e-004
 4.42659981e+003 1.89778863e-015 4.39704120e-016 3.88205372e-004
 4.43369291e+003 1.89220151e-015 4.38428443e-016 3.87688468e-004
 4.44078600e+003 1.88662346e-015 4.37154544e-016 3.87171569e-004
 4.44787910e+003 1.88105449e-015 4.35882427e-016 3.86654676e-004
 4.45497219e+003 1.87549459e-015 4.34612096e-016 3.86137787e-004
 4.46206529e+003 1.86994376e-015 4.33343554e-016 3.85620904e-004
 4.46915838e+003 1.86440199e-015 4.32076805e-016 3.85104026e-004
 4.47625148e+003 1.85886929e-015 4.30811853e-016 3.84587153e-004
 4.48334457e+003 1.85334565e-015 4.29548700e-016 3.84070285e-004
 4.49043767e+003 1.84783106e-015 4.28287350e-016 3.83553423e-004
 4.49753076e+003 1.84232554e-015 4.27027807e-016 3.83036566e-004
 4.50462386e+003 1.83682906e-015 4.25770074e-016 3.82519714e-004
 4.51171695e+003 1.83134164e-015 4.24514153e-016 3.82002868e-004
 4.51881005e+003 1.82586326e-015 4.23260049e-016 3.81486026e-004
 4.52590314e+003 1.82039393e-015 4.22007764e-016 3.80969191e-004
 4.53299624e+003 1.81493364e-015 4.20757302e-016 3.80452360e-004
 4.54008933e+003 1.80948239e-015 4.19508666e-016 3.79935535e-004
 4.54718243e+003 1.80404017e-015 4.18261858e-016 3.79418715e-004
 4.55427552e+003 1.79860699e-015 4.17016882e-016 3.78901901e-004
 4.56136862e+003 1.79318284e-015 4.15773740e-016 3.78385092e-004
 4.56846171e+003 1.78776772e-015 4.14532436e-016 3.77868288e-004
 4.57555481e+003 1.78236163e-015 4.13292972e-016 3.77351490e-004
 4.58264790e+003 1.77696455e-015 4.12055351e-016 3.76834697e-004
 4.58974100e+003 1.77157650e-015 4.10819576e-016 3.76317910e-004
 4.59683410e+003 1.76619747e-015 4.09585649e-016 3.75801128e-004
 4.60392719e+003 1.76082745e-015 4.08353574e-016 3.75284352e-004
 4.61102029e+003 1.75546644e-015 4.07123353e-016 3.74767581e-004
 4.61811338e+003 1.75011445e-015 4.05894988e-016 3.74250816e-004
 4.62520648e+003 1.74477145e-015 4.04668482e-016 3.73734056e-004
 4.63229957e+003 1.73943747e-015 4.03443838e-016 3.73217302e-004
 4.63939267e+003 1.73411248e-015 4.02221058e-016 3.72700553e-004
 4.64648576e+003 1.72879649e-015 4.01000144e-016 3.72183810e-004
 4.65357886e+003 1.72348950e-015 3.99781100e-016 3.71667073e-004
 4.66067195e+003 1.71819150e-015 3.98563926e-016 3.71150341e-004
 4.66776505e+003 1.71290250e-015 3.97348627e-016 3.70633615e-004
 4.67485814e+003 1.70762247e-015 3.96135203e-016 3.70116894e-004
 4.68195124e+003 1.70235144e-015 3.94923658e-016 3.69600179e-004
 4.68904433e+003 1.69708938e-015 3.93713992e-016 3.69083470e-004
 4.69613743e+003 1.69183631e-015 3.92506210e-016 3.68566766e-004
 4.70323052e+003 1.68659221e-015 3.91300312e-016 3.68050068e-004
 4.71032362e+003 1.68135708e-015 3.90096301e-016 3.67533376e-004
 4.71741671e+003 1.67613093e-015 3.88894179e-016 3.67016690e-004
 4.72450981e+003 1.67091374e-015 3.87693948e-016 3.66500009e-004
 4.73160290e+003 1.66570552e-015 3.86495610e-016 3.65983334e-004
 4.73869600e+003 1.66050626e-015 3.85299167e-016 3.65466665e-004
 4.74578909e+003 1.65531596e-015 3.84104621e-016 3.64950002e-004
 4.75288219e+003 1.65013462e-015 3.82911974e-016 3.64433344e-004
 4.75997528e+003 1.64496223e-015 3.81721227e-016 3.63916693e-004
 4.76706838e+003 1.63979879e-015 3.80532383e-016 3.63400047e-004
 4.77416147e+003 1.63464430e-015 3.79345444e-016 3.62883407e-004
 4.78125457e+003 1.62949876e-015 3.78160410e-016 3.62366773e-004
 4.78834766e+003 1.62436215e-015 3.76977285e-016 3.61850144e-004
 4.79544076e+003 1.61923449e-015 3.75796069e-016 3.61333522e-004
 4.80253385e+003 1.61411577e-015 3.74616765e-016 3.60816906e-004
 4.80962695e+003 1.60900598e-015 3.73439373e-016 3.60300295e-004
 4.81672004e+003 1.60390512e-015 3.72263897e-016 3.59783691e-004
 4.82381314e+003 1.59881319e-015 3.71090336e-016 3.59267093e-004
 4.83090623e+003 1.59373019e-015 3.69918693e-016 3.58750500e-004
 4.83799933e+003 1.58865611e-015 3.68748970e-016 3.58233914e-004
 4.84509242e+003 1.58359095e-015 3.67581167e-016 3.57717333e-004
 4.85218552e+003 1.57853471e-015 3.66415287e-016 3.57200759e-004
 4.85927861e+003 1.57348738e-015 3.65251331e-016 3.56684191e-004
 4.86637171e+003 1.56844896e-015 3.64089300e-016 3.56167628e-004
 4.87346480e+003 1.56341945e-015 3.62929196e-016 3.55651072e-004
 4.88055790e+003 1.55839885e-015 3.61771019e-016 3.55134522e-004
 4.88765099e+003 1.55338715e-015 3.60614772e-016 3.54617978e-004
 4.89474409e+003 1.54838435e-015 3.59460456e-016 3.54101441e-004
 4.90183718e+003 1.54339045e-015 3.58308072e-016 3.53584909e-004
 4.90893028e+003 1.53840544e-015 3.57157621e-016 3.53068384e-004
 4.91602337e+003 1.53342933e-015 3.56009105e-016 3.52551865e-004
 4.92311647e+003 1.52846210e-015 3.54862524e-016 3.52035352e-004
 4.93020957e+003 1.52350376e-015 3.53717881e-016 3.51518845e-004
 4.93730266e+003 1.51855430e-015 3.52575175e-016 3.51002345e-004
 4.94439576e+003 1.51361372e-015 3.51434409e-016 3.50485851e-004
 4.95148885e+003 1.50868202e-015 3.50295583e-016 3.49969363e-004
 4.95858195e+003 1.50375920e-015 3.49158699e-016 3.49452881e-004
 4.96567504e+003 1.49884524e-015 3.48023757e-016 3.48936406e-004
 4.97276814e+003 1.49394015e-015 3.46890759e-016 3.48419937e-004
 4.97986123e+003 1.48904393e-015 3.45759706e-016 3.47903475e-004
 4.98695433e+003 1.48415657e-015 3.44630598e-016 3.47387019e-004
 4.99404742e+003 1.47927808e-015 3.43503437e-016 3.46870569e-004
 5.00114052e+003 1.47440843e-015 3.42378223e-016 3.46354126e-004
 5.00823361e+003 1.46954765e-015 3.41254959e-016 3.45837689e-004
 5.01532671e+003 1.46469571e-015 3.40133643e-016 3.45321259e-004
 5.02241980e+003 1.45985262e-015 3.39014278e-016 3.44804835e-004
 5.02951290e+003 1.45501838e-015 3.37896864e-016 3.44288418e-004
 5.03660599e+003 1.45019298e-015 3.36781402e-016 3.43772007e-004
 5.04369909e+003 1.44537641e-015 3.35667894e-016 3.43255603e-004
 5.05079218e+003 1.44056869e-015 3.34556338e-016 3.42739205e-004
 5.05788528e+003 1.43576979e-015 3.33446738e-016 3.42222814e-004
 5.06497837e+003 1.43097973e-015 3.32339093e-016 3.41706429e-004
 5.07207147e+003 1.42619850e-015 3.31233403e-016 3.41190051e-004
 5.07916456e+003 1.42142609e-015 3.30129671e-016 3.40673680e-004
 5.08625766e+003 1.41666250e-015 3.29027896e-016 3.40157316e-004
 5.09335075e+003 1.41190773e-015 3.27928079e-016 3.39640958e-004
 5.10044385e+003 1.40716178e-015 3.26830221e-016 3.39124606e-004
 5.10753694e+003 1.40242464e-015 3.25734323e-016 3.38608262e-004
 5.11463004e+003 1.39769630e-015 3.24640384e-016 3.38091924e-004
 5.12172313e+003 1.39297678e-015 3.23548407e-016 3.37575593e-004
 5.12881623e+003 1.38826606e-015 3.22458391e-016 3.37059269e-004
 5.13590932e+003 1.38356414e-015 3.21370336e-016 3.36542952e-004
 5.14300242e+003 1.37887102e-015 3.20284245e-016 3.36026641e-004
 5.15009551e+003 1.37418669e-015 3.19200116e-016 3.35510337e-004
 5.15718861e+003 1.36951115e-015 3.18117951e-016 3.34994040e-004
 5.16428170e+003 1.36484441e-015 3.17037749e-016 3.34477750e-004
 5.17137480e+003 1.36018644e-015 3.15959513e-016 3.33961467e-004
 5.17846789e+003 1.35553727e-015 3.14883241e-016 3.33445191e-004
 5.18556099e+003 1.35089687e-015 3.13808935e-016 3.32928922e-004
 5.19265408e+003 1.34626525e-015 3.12736595e-016 3.32412660e-004
 5.19974718e+003 1.34164240e-015 3.11666221e-016 3.31896405e-004
 5.20684027e+003 1.33702832e-015 3.10597814e-016 3.31380156e-004
 5.21393337e+003 1.33242301e-015 3.09531374e-016 3.30863915e-004
 5.22102646e+003 1.32782647e-015 3.08466902e-016 3.30347681e-004
 5.22811956e+003 1.32323868e-015 3.07404398e-016 3.29831454e-004
 5.23521265e+003 1.31865966e-015 3.06343861e-016 3.29315234e-004
 5.24230575e+003 1.31408939e-015 3.05285294e-016 3.28799021e-004
 5.24939885e+003 1.30952787e-015 3.04228695e-016 3.28282816e-004
 5.25649194e+003 1.30497511e-015 3.03174066e-016 3.27766617e-004
 5.26358504e+003 1.30043109e-015 3.02121405e-016 3.27250426e-004
 5.27067813e+003 1.29589581e-015 3.01070715e-016 3.26734242e-004
 5.27777123e+003 1.29136927e-015 3.00021995e-016 3.26218065e-004
 5.28486432e+003 1.28685147e-015 2.98975245e-016 3.25701895e-004
 5.29195742e+003 1.28234241e-015 2.97930465e-016 3.25185733e-004
 5.29905051e+003 1.27784207e-015 2.96887656e-016 3.24669578e-004
 5.30614361e+003 1.27335047e-015 2.95846818e-016 3.24153430e-004
 5.31323670e+003 1.26886759e-015 2.94807951e-016 3.23637290e-004
 5.32032980e+003 1.26439343e-015 2.93771055e-016 3.23121157e-004
 5.32742289e+003 1.25992799e-015 2.92736131e-016 3.22605031e-004
 5.33451599e+003 1.25547126e-015 2.91703178e-016 3.22088913e-004
 5.34160908e+003 1.25102325e-015 2.90672197e-016 3.21572802e-004
 5.34870218e+003 1.24658395e-015 2.89643187e-016 3.21056699e-004
 5.35579527e+003 1.24215335e-015 2.88616150e-016 3.20540603e-004
 5.36288837e+003 1.23773146e-015 2.87591084e-016 3.20024515e-004
 5.36998146e+003 1.23331826e-015 2.86567991e-016 3.19508434e-004
 5.37707456e+003 1.22891377e-015 2.85546869e-016 3.18992361e-004
 5.38416765e+003 1.22451797e-015 2.84527720e-016 3.18476295e-004
 5.39126075e+003 1.22013085e-015 2.83510544e-016 3.17960237e-004
 5.39835384e+003 1.21575243e-015 2.82495339e-016 3.17444187e-004
 5.40544694e+003 1.21138269e-015 2.81482107e-016 3.16928144e-004
 5.41254003e+003 1.20702163e-015 2.80470847e-016 3.16412109e-004
 5.41963313e+003 1.20266925e-015 2.79461559e-016 3.15896081e-004
 5.42672622e+003 1.19832555e-015 2.78454244e-016 3.15380062e-004
 5.43381932e+003 1.19399052e-015 2.77448901e-016 3.14864050e-004
 5.44091241e+003 1.18966415e-015 2.76445530e-016 3.14348046e-004
 5.44800551e+003 1.18534646e-015 2.75444132e-016 3.13832050e-004
 5.45509860e+003 1.18103742e-015 2.74444705e-016 3.13316061e-004
 5.46219170e+003 1.17673705e-015 2.73447251e-016 3.12800081e-004
 5.46928479e+003 1.17244533e-015 2.72451769e-016 3.12284108e-004
 5.47637789e+003 1.16816226e-015 2.71458258e-016 3.11768143e-004
 5.48347098e+003 1.16388784e-015 2.70466720e-016 3.11252186e-004
 5.49056408e+003 1.15962207e-015 2.69477153e-016 3.10736237e-004
 5.49765717e+003 1.15536494e-015 2.68489557e-016 3.10220297e-004
 5.50475027e+003 1.15111646e-015 2.67503933e-016 3.09704364e-004
 5.51184336e+003 1.14687661e-015 2.66520281e-016 3.09188439e-004
 5.51893646e+003 1.14264539e-015 2.65538599e-016 3.08672522e-004
 5.52602955e+003 1.13842281e-015 2.64558889e-016 3.08156613e-004
 5.53312265e+003 1.13420885e-015 2.63581149e-016 3.07640713e-004
 5.54021574e+003 1.13000352e-015 2.62605380e-016 3.07124820e-004
 5.54730884e+003 1.12580680e-015 2.61631582e-016 3.06608936e-004
 5.55440193e+003 1.12161871e-015 2.60659754e-016 3.06093060e-004
 5.56149503e+003 1.11743923e-015 2.59689895e-016 3.05577192e-004
 5.56858812e+003 1.11326836e-015 2.58722007e-016 3.05061332e-004
 5.57568122e+003 1.10910610e-015 2.57756088e-016 3.04545481e-004
 5.58277432e+003 1.10495244e-015 2.56792139e-016 3.04029638e-004
 5.58986741e+003 1.10080739e-015 2.55830159e-016 3.03513803e-004
 5.59696051e+003 1.09667093e-015 2.54870148e-016 3.02997977e-004
 5.60405360e+003 1.09254307e-015 2.53912105e-016 3.02482159e-004
 5.61114670e+003 1.08842380e-015 2.52956031e-016 3.01966350e-004
 5.61823979e+003 1.08431312e-015 2.52001925e-016 3.01450549e-004
 5.62533289e+003 1.08021102e-015 2.51049786e-016 3.00934756e-004
 5.63242598e+003 1.07611751e-015 2.50099615e-016 3.00418972e-004
 5.63951908e+003 1.07203258e-015 2.49151412e-016 2.99903197e-004
 5.64661217e+003 1.06795622e-015 2.48205175e-016 2.99387430e-004
 5.65370527e+003 1.06388843e-015 2.47260905e-016 2.98871671e-004
 5.66079836e+003 1.05982921e-015 2.46318601e-016 2.98355921e-004
 5.66789146e+003 1.05577856e-015 2.45378263e-016 2.97840180e-004
 5.67498455e+003 1.05173647e-015 2.44439891e-016 2.97324448e-004
 5.68207765e+003 1.04770293e-015 2.43503483e-016 2.96808724e-004
 5.68917074e+003 1.04367796e-015 2.42569041e-016 2.96293009e-004
 5.69626384e+003 1.03966153e-015 2.41636563e-016 2.95777303e-004
 5.70335693e+003 1.03565366e-015 2.40706050e-016 2.95261606e-004
 5.71045003e+003 1.03165433e-015 2.39777500e-016 2.94745917e-004
 5.71754312e+003 1.02766354e-015 2.38850914e-016 2.94230237e-004
 5.72463622e+003 1.02368130e-015 2.37926290e-016 2.93714567e-004
 5.73172931e+003 1.01970758e-015 2.37003630e-016 2.93198905e-004
 5.73882241e+003 1.01574241e-015 2.36082931e-016 2.92683252e-004
 5.74591550e+003 1.01178575e-015 2.35164194e-016 2.92167608e-004
 5.75300860e+003 1.00783763e-015 2.34247419e-016 2.91651973e-004
 5.76010169e+003 1.00389803e-015 2.33332605e-016 2.91136347e-004
 5.76719479e+003 9.99966943e-016 2.32419751e-016 2.90620730e-004
 5.77428788e+003 9.96044375e-016 2.31508857e-016 2.90105122e-004
 5.78138098e+003 9.92130318e-016 2.30599923e-016 2.89589524e-004
 5.78847407e+003 9.88224771e-016 2.29692948e-016 2.89073934e-004
 5.79556717e+003 9.84327729e-016 2.28787931e-016 2.88558354e-004
 5.80266026e+003 9.80439189e-016 2.27884873e-016 2.88042783e-004
 5.80975336e+003 9.76559148e-016 2.26983773e-016 2.87527222e-004
 5.81684645e+003 9.72687602e-016 2.26084630e-016 2.87011669e-004
 5.82393955e+003 9.68824548e-016 2.25187444e-016 2.86496126e-004
 5.83103264e+003 9.64969982e-016 2.24292214e-016 2.85980593e-004
 5.83812574e+003 9.61123901e-016 2.23398940e-016 2.85465068e-004
 5.84521883e+003 9.57286302e-016 2.22507621e-016 2.84949554e-004
 5.85231193e+003 9.53457181e-016 2.21618258e-016 2.84434048e-004
 5.85940502e+003 9.49636534e-016 2.20730848e-016 2.83918552e-004
 5.86649812e+003 9.45824359e-016 2.19845393e-016 2.83403066e-004
 5.87359121e+003 9.42020652e-016 2.18961890e-016 2.82887589e-004
 5.88068431e+003 9.38225409e-016 2.18080341e-016 2.82372122e-004
 5.88777740e+003 9.34438628e-016 2.17200743e-016 2.81856665e-004
 5.89487050e+003 9.30660303e-016 2.16323097e-016 2.81341217e-004
 5.90196360e+003 9.26890433e-016 2.15447403e-016 2.80825779e-004
 5.90905669e+003 9.23129013e-016 2.14573659e-016 2.80310351e-004
 5.91614979e+003 9.19376041e-016 2.13701865e-016 2.79794932e-004
 5.92324288e+003 9.15631512e-016 2.12832020e-016 2.79279523e-004
 5.93033598e+003 9.11895423e-016 2.11964125e-016 2.78764124e-004
 5.93742907e+003 9.08167771e-016 2.11098177e-016 2.78248735e-004
 5.94452217e+003 9.04448552e-016 2.10234178e-016 2.77733356e-004
 5.95161526e+003 9.00737763e-016 2.09372125e-016 2.77217987e-004
 5.95870836e+003 8.97035400e-016 2.08512020e-016 2.76702628e-004
 5.96580145e+003 8.93341460e-016 2.07653860e-016 2.76187279e-004
 5.97289455e+003 8.89655939e-016 2.06797645e-016 2.75671940e-004
 5.97998764e+003 8.85978833e-016 2.05943376e-016 2.75156611e-004
 5.98708074e+003 8.82310140e-016 2.05091050e-016 2.74641292e-004
 5.99417383e+003 8.78649855e-016 2.04240668e-016 2.74125984e-004
 6.00126693e+003 8.74997975e-016 2.03392229e-016 2.73610685e-004
 6.00836002e+003 8.71354497e-016 2.02545733e-016 2.73095397e-004
 6.01545312e+003 8.67719417e-016 2.01701178e-016 2.72580119e-004
 6.02254621e+003 8.64092731e-016 2.00858564e-016 2.72064852e-004
 6.02963931e+003 8.60474436e-016 2.00017891e-016 2.71549595e-004
 6.03673240e+003 8.56864528e-016 1.99179157e-016 2.71034348e-004
 6.04382550e+003 8.53263005e-016 1.98342363e-016 2.70519112e-004
 6.05091859e+003 8.49669861e-016 1.97507507e-016 2.70003886e-004
 6.05801169e+003 8.46085094e-016 1.96674589e-016 2.69488671e-004
 6.06510478e+003 8.42508700e-016 1.95843608e-016 2.68973466e-004
 6.07219788e+003 8.38940675e-016 1.95014564e-016 2.68458272e-004
 6.07929097e+003 8.35381016e-016 1.94187455e-016 2.67943089e-004
 6.08638407e+003 8.31829720e-016 1.93362282e-016 2.67427916e-004
 6.09347716e+003 8.28286782e-016 1.92539044e-016 2.66912754e-004
 6.10057026e+003 8.24752199e-016 1.91717739e-016 2.66397603e-004
 6.10766335e+003 8.21225967e-016 1.90898367e-016 2.65882463e-004
 6.11475645e+003 8.17708083e-016 1.90080928e-016 2.65367333e-004
 6.12184954e+003 8.14198543e-016 1.89265421e-016 2.64852214e-004
 6.12894264e+003 8.10697344e-016 1.88451844e-016 2.64337107e-004
 6.13603573e+003 8.07204482e-016 1.87640199e-016 2.63822010e-004
 6.14312883e+003 8.03719953e-016 1.86830483e-016 2.63306924e-004
 6.15022192e+003 8.00243753e-016 1.86022696e-016 2.62791850e-004
 6.15731502e+003 7.96775879e-016 1.85216837e-016 2.62276786e-004
 6.16440811e+003 7.93316328e-016 1.84412906e-016 2.61761734e-004
 6.17150121e+003 7.89865095e-016 1.83610901e-016 2.61246693e-004
 6.17859430e+003 7.86422177e-016 1.82810823e-016 2.60731663e-004
 6.18568740e+003 7.82987570e-016 1.82012670e-016 2.60216644e-004
 6.19278049e+003 7.79561271e-016 1.81216442e-016 2.59701637e-004
 6.19987359e+003 7.76143275e-016 1.80422138e-016 2.59186641e-004
 6.20696668e+003 7.72733580e-016 1.79629757e-016 2.58671656e-004
 6.21405978e+003 7.69332181e-016 1.78839299e-016 2.58156683e-004
 6.22115287e+003 7.65939074e-016 1.78050762e-016 2.57641721e-004
 6.22824597e+003 7.62554257e-016 1.77264147e-016 2.57126771e-004
 6.23533907e+003 7.59177725e-016 1.76479451e-016 2.56611833e-004
 6.24243216e+003 7.55809474e-016 1.75696675e-016 2.56096906e-004
 6.24952526e+003 7.52449501e-016 1.74915818e-016 2.55581991e-004
 6.25661835e+003 7.49097803e-016 1.74136879e-016 2.55067087e-004
 6.26371145e+003 7.45754374e-016 1.73359857e-016 2.54552195e-004
 6.27080454e+003 7.42419212e-016 1.72584752e-016 2.54037316e-004
 6.27789764e+003 7.39092313e-016 1.71811562e-016 2.53522448e-004
 6.28499073e+003 7.35773673e-016 1.71040287e-016 2.53007592e-004
 6.29208383e+003 7.32463288e-016 1.70270926e-016 2.52492747e-004
 6.29917692e+003 7.29161154e-016 1.69503479e-016 2.51977915e-004
 6.30627002e+003 7.25867269e-016 1.68737944e-016 2.51463095e-004
 6.31336311e+003 7.22581626e-016 1.67974321e-016 2.50948287e-004
 6.32045621e+003 7.19304225e-016 1.67212609e-016 2.50433492e-004
 6.32754930e+003 7.16035059e-016 1.66452807e-016 2.49918708e-004
 6.33464240e+003 7.12774126e-016 1.65694915e-016 2.49403937e-004
 6.34173549e+003 7.09521421e-016 1.64938931e-016 2.48889178e-004
 6.34882859e+003 7.06276941e-016 1.64184855e-016 2.48374431e-004
 6.35592168e+003 7.03040682e-016 1.63432686e-016 2.47859697e-004
 6.36301478e+003 6.99812640e-016 1.62682423e-016 2.47344975e-004
 6.37010787e+003 6.96592812e-016 1.61934066e-016 2.46830266e-004
 6.37720097e+003 6.93381193e-016 1.61187613e-016 2.46315569e-004
 6.38429406e+003 6.90177779e-016 1.60443064e-016 2.45800885e-004
 6.39138716e+003 6.86982567e-016 1.59700418e-016 2.45286214e-004
 6.39848025e+003 6.83795553e-016 1.58959674e-016 2.44771555e-004
 6.40557335e+003 6.80616733e-016 1.58220831e-016 2.44256909e-004
 6.41266644e+003 6.77446103e-016 1.57483889e-016 2.43742276e-004
 6.41975954e+003 6.74283659e-016 1.56748846e-016 2.43227656e-004
 6.42685263e+003 6.71129397e-016 1.56015702e-016 2.42713048e-004
 6.43394573e+003 6.67983314e-016 1.55284456e-016 2.42198454e-004
 6.44103882e+003 6.64845405e-016 1.54555107e-016 2.41683873e-004
 6.44813192e+003 6.61715667e-016 1.53827654e-016 2.41169304e-004
 6.45522501e+003 6.58594095e-016 1.53102097e-016 2.40654749e-004
 6.46231811e+003 6.55480686e-016 1.52378435e-016 2.40140207e-004
 6.46941120e+003 6.52375436e-016 1.51656666e-016 2.39625679e-004
 6.47650430e+003 6.49278340e-016 1.50936790e-016 2.39111163e-004
 6.48359739e+003 6.46189395e-016 1.50218806e-016 2.38596661e-004
 6.49069049e+003 6.43108597e-016 1.49502713e-016 2.38082173e-004
 6.49778358e+003 6.40035942e-016 1.48788510e-016 2.37567698e-004
 6.50487668e+003 6.36971426e-016 1.48076197e-016 2.37053236e-004
 6.51196977e+003 6.33915044e-016 1.47365772e-016 2.36538788e-004
 6.51906287e+003 6.30866794e-016 1.46657235e-016 2.36024354e-004
 6.52615596e+003 6.27826671e-016 1.45950585e-016 2.35509934e-004
 6.53324906e+003 6.24794670e-016 1.45245820e-016 2.34995527e-004
 6.54034215e+003 6.21770788e-016 1.44542941e-016 2.34481134e-004
 6.54743525e+003 6.18755022e-016 1.43841946e-016 2.33966755e-004
 6.55452835e+003 6.15747366e-016 1.43142834e-016 2.33452390e-004
 6.56162144e+003 6.12747817e-016 1.42445605e-016 2.32938039e-004
 6.56871454e+003 6.09756370e-016 1.41750256e-016 2.32423702e-004
 6.57580763e+003 6.06773023e-016 1.41056789e-016 2.31909379e-004
 6.58290073e+003 6.03797770e-016 1.40365201e-016 2.31395070e-004
 6.58999382e+003 6.00830608e-016 1.39675492e-016 2.30880776e-004
 6.59708692e+003 5.97871532e-016 1.38987661e-016 2.30366495e-004
 6.60418001e+003 5.94920538e-016 1.38301707e-016 2.29852230e-004
 6.61127311e+003 5.91977624e-016 1.37617629e-016 2.29337978e-004
 6.61836620e+003 5.89042783e-016 1.36935426e-016 2.28823742e-004
 6.62545930e+003 5.86116012e-016 1.36255098e-016 2.28309519e-004
 6.63255239e+003 5.83197308e-016 1.35576643e-016 2.27795312e-004
 6.63964549e+003 5.80286666e-016 1.34900060e-016 2.27281119e-004
 6.64673858e+003 5.77384081e-016 1.34225349e-016 2.26766941e-004
 6.65383168e+003 5.74489550e-016 1.33552508e-016 2.26252778e-004
 6.66092477e+003 5.71603069e-016 1.32881537e-016 2.25738629e-004
 6.66801787e+003 5.68724633e-016 1.32212435e-016 2.25224496e-004
 6.67511096e+003 5.65854238e-016 1.31545200e-016 2.24710377e-004
 6.68220406e+003 5.62991880e-016 1.30879833e-016 2.24196274e-004
 6.68929715e+003 5.60137555e-016 1.30216331e-016 2.23682186e-004
 6.69639025e+003 5.57291259e-016 1.29554694e-016 2.23168113e-004
 6.70348334e+003 5.54452988e-016 1.28894922e-016 2.22654055e-004
 6.71057644e+003 5.51622737e-016 1.28237012e-016 2.22140013e-004
 6.71766953e+003 5.48800502e-016 1.27580965e-016 2.21625986e-004
 6.72476263e+003 5.45986278e-016 1.26926779e-016 2.21111975e-004
 6.73185572e+003 5.43180063e-016 1.26274453e-016 2.20597979e-004
 6.73894882e+003 5.40381851e-016 1.25623987e-016 2.20083999e-004
 6.74604191e+003 5.37591638e-016 1.24975379e-016 2.19570035e-004
 6.75313501e+003 5.34809421e-016 1.24328628e-016 2.19056087e-004
 6.76022810e+003 5.32035194e-016 1.23683734e-016 2.18542154e-004
 6.76732120e+003 5.29268953e-016 1.23040695e-016 2.18028237e-004
 6.77441429e+003 5.26510695e-016 1.22399510e-016 2.17514337e-004
 6.78150739e+003 5.23760415e-016 1.21760180e-016 2.17000452e-004
 6.78860048e+003 5.21018108e-016 1.21122702e-016 2.16486584e-004
 6.79569358e+003 5.18283771e-016 1.20487075e-016 2.15972731e-004
 6.80278667e+003 5.15557398e-016 1.19853299e-016 2.15458896e-004
 6.80987977e+003 5.12838987e-016 1.19221373e-016 2.14945076e-004
 6.81697286e+003 5.10128532e-016 1.18591295e-016 2.14431273e-004
 6.82406596e+003 5.07426029e-016 1.17963065e-016 2.13917487e-004
 6.83115905e+003 5.04731473e-016 1.17336682e-016 2.13403717e-004
 6.83825215e+003 5.02044861e-016 1.16712145e-016 2.12889964e-004
 6.84534524e+003 4.99366188e-016 1.16089452e-016 2.12376227e-004
 6.85243834e+003 4.96695450e-016 1.15468603e-016 2.11862508e-004
 6.85953143e+003 4.94032642e-016 1.14849597e-016 2.11348805e-004
 6.86662453e+003 4.91377760e-016 1.14232432e-016 2.10835120e-004
 6.87371762e+003 4.88730800e-016 1.13617108e-016 2.10321451e-004
 6.88081072e+003 4.86091757e-016 1.13003624e-016 2.09807800e-004
 6.88790382e+003 4.83460626e-016 1.12391979e-016 2.09294166e-004
 6.89499691e+003 4.80837404e-016 1.11782171e-016 2.08780550e-004
 6.90209001e+003 4.78222085e-016 1.11174201e-016 2.08266951e-004
 6.90918310e+003 4.75614666e-016 1.10568065e-016 2.07753369e-004
 6.91627620e+003 4.73015142e-016 1.09963765e-016 2.07239805e-004
 6.92336929e+003 4.70423509e-016 1.09361298e-016 2.06726259e-004
 6.93046239e+003 4.67839762e-016 1.08760664e-016 2.06212730e-004
 6.93755548e+003 4.65263896e-016 1.08161861e-016 2.05699219e-004
 6.94464858e+003 4.62695907e-016 1.07564889e-016 2.05185727e-004
 6.95174167e+003 4.60135791e-016 1.06969747e-016 2.04672252e-004
 6.95883477e+003 4.57583544e-016 1.06376433e-016 2.04158795e-004
 6.96592786e+003 4.55039160e-016 1.05784946e-016 2.03645357e-004
 6.97302096e+003 4.52502634e-016 1.05195286e-016 2.03131937e-004
 6.98011405e+003 4.49973964e-016 1.04607452e-016 2.02618535e-004
 6.98720715e+003 4.47453144e-016 1.04021442e-016 2.02105152e-004
 6.99430024e+003 4.44940169e-016 1.03437255e-016 2.01591787e-004
 7.00139334e+003 4.42435035e-016 1.02854891e-016 2.01078442e-004
 7.00848643e+003 4.39937737e-016 1.02274347e-016 2.00565114e-004
 7.01557953e+003 4.37448271e-016 1.01695624e-016 2.00051806e-004
 7.02267262e+003 4.34966633e-016 1.01118720e-016 1.99538517e-004
 7.02976572e+003 4.32492817e-016 1.00543635e-016 1.99025247e-004
 7.03685881e+003 4.30026819e-016 9.99703658e-017 1.98511995e-004
 7.04395191e+003 4.27568634e-016 9.93989130e-017 1.97998763e-004
 7.05104500e+003 4.25118258e-016 9.88292751e-017 1.97485551e-004
 7.05813810e+003 4.22675686e-016 9.82614510e-017 1.96972358e-004
 7.06523119e+003 4.20240914e-016 9.76954397e-017 1.96459184e-004
 7.07232429e+003 4.17813937e-016 9.71312401e-017 1.95946030e-004
 7.07941738e+003 4.15394749e-016 9.65688511e-017 1.95432896e-004
 7.08651048e+003 4.12983348e-016 9.60082717e-017 1.94919782e-004
 7.09360357e+003 4.10579727e-016 9.54495008e-017 1.94406687e-004
 7.10069667e+003 4.08183882e-016 9.48925372e-017 1.93893613e-004
 7.10778976e+003 4.05795808e-016 9.43373799e-017 1.93380559e-004
 7.11488286e+003 4.03415501e-016 9.37840278e-017 1.92867525e-004
 7.12197595e+003 4.01042957e-016 9.32324799e-017 1.92354511e-004
 7.12906905e+003 3.98678169e-016 9.26827349e-017 1.91841518e-004
 7.13616214e+003 3.96321134e-016 9.21347920e-017 1.91328545e-004
 7.14325524e+003 3.93971846e-016 9.15886498e-017 1.90815593e-004
 7.15034833e+003 3.91630301e-016 9.10443074e-017 1.90302662e-004
 7.15744143e+003 3.89296495e-016 9.05017636e-017 1.89789752e-004
 7.16453452e+003 3.86970422e-016 8.99610173e-017 1.89276863e-004
 7.17162762e+003 3.84652077e-016 8.94220675e-017 1.88763995e-004
 7.17872071e+003 3.82341456e-016 8.88849129e-017 1.88251148e-004
 7.18581381e+003 3.80038554e-016 8.83495526e-017 1.87738322e-004
 7.19290690e+003 3.77743366e-016 8.78159853e-017 1.87225518e-004
 7.20000000e+003 3.75455888e-016 8.72842099e-017 1.86712736e-004
