 0.00000000e+000 2.47000000e+006 0.00000000e+000
 7.00000000e-002 -7.47021976e+016 7.47021976e+016
 1.40000000e-001 -7.47021976e+016 7.47021976e+016
 2.10000000e-001 -7.47021976e+016 7.47021976e+016
 2.80000000e-001 -7.47021976e+016 7.47021976e+016
 3.50000000e-001 -7.47021976e+016 7.47021976e+016
 4.20000000e-001 -7.47021976e+016 7.47021976e+016
 4.90000000e-001 -7.47021976e+016 7.47021976e+016
 5.60000000e-001 -7.47021976e+016 7.47021976e+016
 6.30000000e-001 -7.47021976e+016 7.47021976e+016
 7.00000000e-001 -7.47021976e+016 7.47021976e+016
 7.70000000e-001 -7.47021976e+016 7.47021976e+016
 8.40000000e-001 -7.47021976e+016 7.47021976e+016
 9.10000000e-001 -7.47021976e+016 7.47021976e+016
 9.80000000e-001 -7.47021976e+016 7.47021976e+016
 1.05000000e+000 -7.47021976e+016 7.47021976e+016
 1.12000000e+000 -7.47021976e+016 7.47021976e+016
 1.19000000e+000 -7.47021976e+016 7.47021976e+016
 1.26000000e+000 -7.47021976e+016 7.47021976e+016
 1.33000000e+000 -7.47021976e+016 7.47021976e+016
 1.40000000e+000 -7.47021976e+016 7.47021976e+016
 1.47000000e+000 -7.47021976e+016 7.47021976e+016
 1.54000000e+000 -7.47021976e+016 7.47021976e+016
 1.61000000e+000 -7.47021976e+016 7.47021976e+016
 1.68000000e+000 -7.47021976e+016 7.47021976e+016
 1.75000000e+000 -7.47021976e+016 7.47021976e+016
 1.82000000e+000 -7.47021976e+016 7.47021976e+016
 1.89000000e+000 -7.47021976e+016 7.47021976e+016
 1.96000000e+000 -7.47021976e+016 7.47021976e+016
 2.03000000e+000 -7.47021976e+016 7.47021976e+016
 2.10000000e+000 -7.47021976e+016 7.47021976e+016
 2.17000000e+000 -7.47021976e+016 7.47021976e+016
 2.24000000e+000 -7.47021976e+016 7.47021976e+016
 2.31000000e+000 -7.47021976e+016 7.47021976e+016
 2.38000000e+000 -7.47021976e+016 7.47021976e+016
 2.45000000e+000 -7.47021976e+016 7.47021976e+016
 2.52000000e+000 -7.47021976e+016 7.47021976e+016
 2.59000000e+000 -7.47021976e+016 7.47021976e+016
 2.66000000e+000 -7.47021976e+016 7.47021976e+016
 2.73000000e+000 -7.47021976e+016 7.47021976e+016
 2.80000000e+000 -7.47021976e+016 7.47021976e+016
 2.87000000e+000 -7.47021976e+016 7.47021976e+016
 2.94000000e+000 -7.47021976e+016 7.47021976e+016
 3.01000000e+000 -7.47021976e+016 7.47021976e+016
 3.08000000e+000 -7.47021976e+016 7.47021976e+016
 3.15000000e+000 -7.47021976e+016 7.47021976e+016
 3.22000000e+000 -7.47021976e+016 7.47021976e+016
 3.29000000e+000 -7.47021976e+016 7.47021976e+016
 3.36000000e+000 -7.47021976e+016 7.47021976e+016
 3.43000000e+000 -7.47021976e+016 7.47021976e+016
 3.50000000e+000 -7.47021976e+016 7.47021976e+016
 3.57000000e+000 -7.47021976e+016 7.47021976e+016
 3.64000000e+000 -7.47021976e+016 7.47021976e+016
 3.71000000e+000 -7.47021976e+016 7.47021976e+016
 3.78000000e+000 -7.47021976e+016 7.47021976e+016
 3.85000000e+000 -7.47021976e+016 7.47021976e+016
 3.92000000e+000 -7.47021976e+016 7.47021976e+016
 3.99000000e+000 -7.47021976e+016 7.47021976e+016
 4.06000000e+000 -7.47021976e+016 7.47021976e+016
 4.13000000e+000 -7.47021976e+016 7.47021976e+016
 4.20000000e+000 -7.47021976e+016 7.47021976e+016
 4.27000000e+000 -7.47021976e+016 7.47021976e+016
 4.34000000e+000 -7.47021976e+016 7.47021976e+016
 4.41000000e+000 -7.47021976e+016 7.47021976e+016
 4.48000000e+000 -7.47021976e+016 7.47021976e+016
 4.55000000e+000 -7.47021976e+016 7.47021976e+016
 4.62000000e+000 -7.47021976e+016 7.47021976e+016
 4.69000000e+000 -7.47021976e+016 7.47021976e+016
 4.76000000e+000 -7.47021976e+016 7.47021976e+016
 4.83000000e+000 -7.47021976e+016 7.47021976e+016
 4.90000000e+000 -7.47021976e+016 7.47021976e+016
 4.97000000e+000 -7.47021976e+016 7.47021976e+016
 5.04000000e+000 -7.47021976e+016 7.47021976e+016
 5.11000000e+000 -7.47021976e+016 7.47021976e+016
 5.18000000e+000 -7.47021976e+016 7.47021976e+016
 5.25000000e+000 -7.47021976e+016 7.47021976e+016
 5.32000000e+000 -7.47021976e+016 7.47021976e+016
 5.39000000e+000 -7.47021976e+016 7.47021976e+016
 5.46000000e+000 -7.47021976e+016 7.47021976e+016
 5.53000000e+000 -7.47021976e+016 7.47021976e+016
 5.60000000e+000 -7.47021976e+016 7.47021976e+016
 5.67000000e+000 -7.47021976e+016 7.47021976e+016
 5.74000000e+000 -7.47021976e+016 7.47021976e+016
 5.81000000e+000 -7.47021976e+016 7.47021976e+016
 5.88000000e+000 -7.47021976e+016 7.47021976e+016
 5.95000000e+000 -7.47021976e+016 7.47021976e+016
 6.02000000e+000 -7.47021976e+016 7.47021976e+016
 6.09000000e+000 -7.47021976e+016 7.47021976e+016
 6.16000000e+000 -7.47021976e+016 7.47021976e+016
 6.23000000e+000 -7.47021976e+016 7.47021976e+016
 6.30000000e+000 -7.47021976e+016 7.47021976e+016
 6.37000000e+000 -7.47021976e+016 7.47021976e+016
 6.44000000e+000 -7.47021976e+016 7.47021976e+016
 6.51000000e+000 -7.47021976e+016 7.47021976e+016
 6.58000000e+000 -7.47021976e+016 7.47021976e+016
 6.65000000e+000 -7.47021976e+016 7.47021976e+016
 6.72000000e+000 -7.47021976e+016 7.47021976e+016
 6.79000000e+000 -7.47021976e+016 7.47021976e+016
 6.86000000e+000 -7.47021976e+016 7.47021976e+016
 6.93000000e+000 -7.47021976e+016 7.47021976e+016
 7.00000000e+000 -7.47021976e+016 7.47021976e+016
 7.07000000e+000 -7.47021976e+016 7.47021976e+016
 7.14000000e+000 -7.47021976e+016 7.47021976e+016
 7.21000000e+000 -7.47021976e+016 7.47021976e+016
 7.28000000e+000 -7.47021976e+016 7.47021976e+016
 7.35000000e+000 -7.47021976e+016 7.47021976e+016
 7.42000000e+000 -7.47021976e+016 7.47021976e+016
 7.49000000e+000 -7.47021976e+016 7.47021976e+016
 7.56000000e+000 -7.47021976e+016 7.47021976e+016
 7.63000000e+000 -7.47021976e+016 7.47021976e+016
 7.70000000e+000 -7.47021976e+016 7.47021976e+016
 7.77000000e+000 -7.47021976e+016 7.47021976e+016
 7.84000000e+000 -7.47021976e+016 7.47021976e+016
 7.91000000e+000 -7.47021976e+016 7.47021976e+016
 7.98000000e+000 -7.47021976e+016 7.47021976e+016
 8.05000000e+000 -7.47021976e+016 7.47021976e+016
 8.12000000e+000 -7.47021976e+016 7.47021976e+016
 8.19000000e+000 -7.47021976e+016 7.47021976e+016
 8.26000000e+000 -7.47021976e+016 7.47021976e+016
 8.33000000e+000 -7.47021976e+016 7.47021976e+016
 8.40000000e+000 -7.47021976e+016 7.47021976e+016
 8.47000000e+000 -7.47021976e+016 7.47021976e+016
 8.54000000e+000 -7.47021976e+016 7.47021976e+016
 8.61000000e+000 -7.47021976e+016 7.47021976e+016
 8.68000000e+000 -7.47021976e+016 7.47021976e+016
 8.75000000e+000 -7.47021976e+016 7.47021976e+016
 8.82000000e+000 -7.47021976e+016 7.47021976e+016
 8.89000000e+000 -7.47021976e+016 7.47021976e+016
 8.96000000e+000 -7.47021976e+016 7.47021976e+016
 9.03000000e+000 -7.47021976e+016 7.47021976e+016
 9.10000000e+000 -7.47021976e+016 7.47021976e+016
 9.17000000e+000 -7.47021976e+016 7.47021976e+016
 9.24000000e+000 -7.47021976e+016 7.47021976e+016
 9.31000000e+000 -7.47021976e+016 7.47021976e+016
 9.38000000e+000 -7.47021976e+016 7.47021976e+016
 9.45000000e+000 -7.47021976e+016 7.47021976e+016
 9.52000000e+000 -7.47021976e+016 7.47021976e+016
 9.59000000e+000 -7.47021976e+016 7.47021976e+016
 9.66000000e+000 -7.47021976e+016 7.47021976e+016
 9.73000000e+000 -7.47021976e+016 7.47021976e+016
 9.80000000e+000 -7.47021976e+016 7.47021976e+016
 9.87000000e+000 -7.47021976e+016 7.47021976e+016
 9.94000000e+000 -7.47021976e+016 7.47021976e+016
 1.00100000e+001 -7.47021976e+016 7.47021976e+016
 1.00800000e+001 -7.47021976e+016 7.47021976e+016
 1.01500000e+001 -7.47021976e+016 7.47021976e+016
 1.02200000e+001 -7.47021976e+016 7.47021976e+016
 1.02900000e+001 -7.47021976e+016 7.47021976e+016
 1.03600000e+001 -7.47021976e+016 7.47021976e+016
 1.04300000e+001 -7.47021976e+016 7.47021976e+016
 1.05000000e+001 -7.47021976e+016 7.47021976e+016
 1.05700000e+001 -7.47021976e+016 7.47021976e+016
 1.06400000e+001 -7.47021976e+016 7.47021976e+016
 1.07100000e+001 -7.47021976e+016 7.47021976e+016
 1.07800000e+001 -7.47021976e+016 7.47021976e+016
 1.08500000e+001 -7.47021976e+016 7.47021976e+016
 1.09200000e+001 -7.47021976e+016 7.47021976e+016
 1.09900000e+001 -7.47021976e+016 7.47021976e+016
 1.10600000e+001 -7.47021976e+016 7.47021976e+016
 1.11300000e+001 -7.47021976e+016 7.47021976e+016
 1.12000000e+001 -7.47021976e+016 7.47021976e+016
 1.12700000e+001 -7.47021976e+016 7.47021976e+016
 1.13400000e+001 -7.47021976e+016 7.47021976e+016
 1.14100000e+001 -7.47021976e+016 7.47021976e+016
 1.14800000e+001 -7.47021976e+016 7.47021976e+016
 1.15500000e+001 -7.47021976e+016 7.47021976e+016
 1.16200000e+001 -7.47021976e+016 7.47021976e+016
 1.16900000e+001 -7.47021976e+016 7.47021976e+016
 1.17600000e+001 -7.47021976e+016 7.47021976e+016
 1.18300000e+001 -7.47021976e+016 7.47021976e+016
 1.19000000e+001 -7.47021976e+016 7.47021976e+016
 1.19700000e+001 -7.47021976e+016 7.47021976e+016
 1.20400000e+001 -7.47021976e+016 7.47021976e+016
 1.21100000e+001 -7.47021976e+016 7.47021976e+016
 1.21800000e+001 -7.47021976e+016 7.47021976e+016
 1.22500000e+001 -7.47021976e+016 7.47021976e+016
 1.23200000e+001 -7.47021976e+016 7.47021976e+016
 1.23900000e+001 -7.47021976e+016 7.47021976e+016
 1.24600000e+001 -7.47021976e+016 7.47021976e+016
 1.25300000e+001 -7.47021976e+016 7.47021976e+016
 1.26000000e+001 -7.47021976e+016 7.47021976e+016
 1.26700000e+001 -7.47021976e+016 7.47021976e+016
 1.27400000e+001 -7.47021976e+016 7.47021976e+016
 1.28100000e+001 -7.47021976e+016 7.47021976e+016
 1.28800000e+001 -7.47021976e+016 7.47021976e+016
 1.29500000e+001 -7.47021976e+016 7.47021976e+016
 1.30200000e+001 -7.47021976e+016 7.47021976e+016
 1.30900000e+001 -7.47021976e+016 7.47021976e+016
 1.31600000e+001 -7.47021976e+016 7.47021976e+016
 1.32300000e+001 -7.47021976e+016 7.47021976e+016
 1.33000000e+001 -7.47021976e+016 7.47021976e+016
 1.33700000e+001 -7.47021976e+016 7.47021976e+016
 1.34400000e+001 -7.47021976e+016 7.47021976e+016
 1.35100000e+001 -7.47021976e+016 7.47021976e+016
 1.35800000e+001 -7.47021976e+016 7.47021976e+016
 1.36500000e+001 -7.47021976e+016 7.47021976e+016
 1.37200000e+001 -7.47021976e+016 7.47021976e+016
 1.37900000e+001 -7.47021976e+016 7.47021976e+016
 1.38600000e+001 -7.47021976e+016 7.47021976e+016
 1.39300000e+001 -7.47021976e+016 7.47021976e+016
 1.40000000e+001 -7.47021976e+016 7.47021976e+016
 1.40700000e+001 -7.47021976e+016 7.47021976e+016
 1.41400000e+001 -7.47021976e+016 7.47021976e+016
 1.42100000e+001 -7.47021976e+016 7.47021976e+016
 1.42800000e+001 -7.47021976e+016 7.47021976e+016
 1.43500000e+001 -7.47021976e+016 7.47021976e+016
 1.44200000e+001 -7.47021976e+016 7.47021976e+016
 1.44900000e+001 -7.47021976e+016 7.47021976e+016
 1.45600000e+001 -7.47021976e+016 7.47021976e+016
 1.46300000e+001 -7.47021976e+016 7.47021976e+016
 1.47000000e+001 -7.47021976e+016 7.47021976e+016
 1.47700000e+001 -7.47021976e+016 7.47021976e+016
 1.48400000e+001 -7.47021976e+016 7.47021976e+016
 1.49100000e+001 -7.47021976e+016 7.47021976e+016
 1.49800000e+001 -7.47021976e+016 7.47021976e+016
 1.50500000e+001 -7.47021976e+016 7.47021976e+016
 1.51200000e+001 -7.47021976e+016 7.47021976e+016
 1.51900000e+001 -7.47021976e+016 7.47021976e+016
 1.52600000e+001 -7.47021976e+016 7.47021976e+016
 1.53300000e+001 -7.47021976e+016 7.47021976e+016
 1.54000000e+001 -7.47021976e+016 7.47021976e+016
 1.54700000e+001 -7.47021976e+016 7.47021976e+016
 1.55400000e+001 -7.47021976e+016 7.47021976e+016
 1.56100000e+001 -7.47021976e+016 7.47021976e+016
 1.56800000e+001 -7.47021976e+016 7.47021976e+016
 1.57500000e+001 -7.47021976e+016 7.47021976e+016
 1.58200000e+001 -7.47021976e+016 7.47021976e+016
 1.58900000e+001 -7.47021976e+016 7.47021976e+016
 1.59600000e+001 -7.47021976e+016 7.47021976e+016
 1.60300000e+001 -7.47021976e+016 7.47021976e+016
 1.61000000e+001 -7.47021976e+016 7.47021976e+016
 1.61700000e+001 -7.47021976e+016 7.47021976e+016
 1.62400000e+001 -7.47021976e+016 7.47021976e+016
 1.63100000e+001 -7.47021976e+016 7.47021976e+016
 1.63800000e+001 -7.47021976e+016 7.47021976e+016
 1.64500000e+001 -7.47021976e+016 7.47021976e+016
 1.65200000e+001 -7.47021976e+016 7.47021976e+016
 1.65900000e+001 -7.47021976e+016 7.47021976e+016
 1.66600000e+001 -7.47021976e+016 7.47021976e+016
 1.67300000e+001 -7.47021976e+016 7.47021976e+016
 1.68000000e+001 -7.47021976e+016 7.47021976e+016
 1.68700000e+001 -7.47021976e+016 7.47021976e+016
 1.69400000e+001 -7.47021976e+016 7.47021976e+016
 1.70100000e+001 -7.47021976e+016 7.47021976e+016
 1.70800000e+001 -7.47021976e+016 7.47021976e+016
 1.71500000e+001 -7.47021976e+016 7.47021976e+016
 1.72200000e+001 -7.47021976e+016 7.47021976e+016
 1.72900000e+001 -7.47021976e+016 7.47021976e+016
 1.73600000e+001 -7.47021976e+016 7.47021976e+016
 1.74300000e+001 -7.47021976e+016 7.47021976e+016
 1.75000000e+001 -7.47021976e+016 7.47021976e+016
 1.75700000e+001 -7.47021976e+016 7.47021976e+016
 1.76400000e+001 -7.47021976e+016 7.47021976e+016
 1.77100000e+001 -7.47021976e+016 7.47021976e+016
 1.77800000e+001 -7.47021976e+016 7.47021976e+016
 1.78500000e+001 -7.47021976e+016 7.47021976e+016
 1.79200000e+001 -7.47021976e+016 7.47021976e+016
 1.79900000e+001 -7.47021976e+016 7.47021976e+016
 1.80600000e+001 -7.47021976e+016 7.47021976e+016
 1.81300000e+001 -7.47021976e+016 7.47021976e+016
 1.82000000e+001 -7.47021976e+016 7.47021976e+016
 1.82700000e+001 -7.47021976e+016 7.47021976e+016
 1.83400000e+001 -7.47021976e+016 7.47021976e+016
 1.84100000e+001 -7.47021976e+016 7.47021976e+016
 1.84800000e+001 -7.47021976e+016 7.47021976e+016
 1.85500000e+001 -7.47021976e+016 7.47021976e+016
 1.86200000e+001 -7.47021976e+016 7.47021976e+016
 1.86900000e+001 -7.47021976e+016 7.47021976e+016
 1.87600000e+001 -7.47021976e+016 7.47021976e+016
 1.88300000e+001 -7.47021976e+016 7.47021976e+016
 1.89000000e+001 -7.47021976e+016 7.47021976e+016
 1.89700000e+001 -7.47021976e+016 7.47021976e+016
 1.90400000e+001 -7.47021976e+016 7.47021976e+016
 1.91100000e+001 -7.47021976e+016 7.47021976e+016
 1.91800000e+001 -7.47021976e+016 7.47021976e+016
 1.92500000e+001 -7.47021976e+016 7.47021976e+016
 1.93200000e+001 -7.47021976e+016 7.47021976e+016
 1.93900000e+001 -7.47021976e+016 7.47021976e+016
 1.94600000e+001 -7.47021976e+016 7.47021976e+016
 1.95300000e+001 -7.47021976e+016 7.47021976e+016
 1.96000000e+001 -7.47021976e+016 7.47021976e+016
 1.96700000e+001 -7.47021976e+016 7.47021976e+016
 1.97400000e+001 -7.47021976e+016 7.47021976e+016
 1.98100000e+001 -7.47021976e+016 7.47021976e+016
 1.98800000e+001 -7.47021976e+016 7.47021976e+016
 1.99500000e+001 -7.47021976e+016 7.47021976e+016
 2.00200000e+001 -7.47021976e+016 7.47021976e+016
 2.00900000e+001 -7.47021976e+016 7.47021976e+016
 2.01600000e+001 -7.47021976e+016 7.47021976e+016
 2.02300000e+001 -7.47021976e+016 7.47021976e+016
 2.03000000e+001 -7.47021976e+016 7.47021976e+016
 2.03700000e+001 -7.47021976e+016 7.47021976e+016
 2.04400000e+001 -7.47021976e+016 7.47021976e+016
 2.05100000e+001 -7.47021976e+016 7.47021976e+016
 2.05800000e+001 -7.47021976e+016 7.47021976e+016
 2.06500000e+001 -7.47021976e+016 7.47021976e+016
 2.07200000e+001 -7.47021976e+016 7.47021976e+016
 2.07900000e+001 -7.47021976e+016 7.47021976e+016
 2.08600000e+001 -7.47021976e+016 7.47021976e+016
 2.09300000e+001 -7.47021976e+016 7.47021976e+016
 2.10000000e+001 -7.47021976e+016 7.47021976e+016
 2.10700000e+001 -7.47021976e+016 7.47021976e+016
 2.11400000e+001 -7.47021976e+016 7.47021976e+016
 2.12100000e+001 -7.47021976e+016 7.47021976e+016
 2.12800000e+001 -7.47021976e+016 7.47021976e+016
 2.13500000e+001 -7.47021976e+016 7.47021976e+016
 2.14200000e+001 -7.47021976e+016 7.47021976e+016
 2.14900000e+001 -7.47021976e+016 7.47021976e+016
 2.15600000e+001 -7.47021976e+016 7.47021976e+016
 2.16300000e+001 -7.47021976e+016 7.47021976e+016
 2.17000000e+001 -7.47021976e+016 7.47021976e+016
 2.17700000e+001 -7.47021976e+016 7.47021976e+016
 2.18400000e+001 -7.47021976e+016 7.47021976e+016
 2.19100000e+001 -7.47021976e+016 7.47021976e+016
 2.19800000e+001 -7.47021976e+016 7.47021976e+016
 2.20500000e+001 -7.47021976e+016 7.47021976e+016
 2.21200000e+001 -7.47021976e+016 7.47021976e+016
 2.21900000e+001 -7.47021976e+016 7.47021976e+016
 2.22600000e+001 -7.47021976e+016 7.47021976e+016
 2.23300000e+001 -7.47021976e+016 7.47021976e+016
 2.24000000e+001 -7.47021976e+016 7.47021976e+016
 2.24700000e+001 -7.47021976e+016 7.47021976e+016
 2.25400000e+001 -7.47021976e+016 7.47021976e+016
 2.26100000e+001 -7.47021976e+016 7.47021976e+016
 2.26800000e+001 -7.47021976e+016 7.47021976e+016
 2.27500000e+001 -7.47021976e+016 7.47021976e+016
 2.28200000e+001 -7.47021976e+016 7.47021976e+016
 2.28900000e+001 -7.47021976e+016 7.47021976e+016
 2.29600000e+001 -7.47021976e+016 7.47021976e+016
 2.30300000e+001 -7.47021976e+016 7.47021976e+016
 2.31000000e+001 -7.47021976e+016 7.47021976e+016
 2.31700000e+001 -7.47021976e+016 7.47021976e+016
 2.32400000e+001 -7.47021976e+016 7.47021976e+016
 2.33100000e+001 -7.47021976e+016 7.47021976e+016
 2.33800000e+001 -7.47021976e+016 7.47021976e+016
 2.34500000e+001 -7.47021976e+016 7.47021976e+016
 2.35200000e+001 -7.47021976e+016 7.47021976e+016
 2.35900000e+001 -7.47021976e+016 7.47021976e+016
 2.36600000e+001 -7.47021976e+016 7.47021976e+016
 2.37300000e+001 -7.47021976e+016 7.47021976e+016
 2.38000000e+001 -7.47021976e+016 7.47021976e+016
 2.38700000e+001 -7.47021976e+016 7.47021976e+016
 2.39400000e+001 -7.47021976e+016 7.47021976e+016
 2.40100000e+001 -7.47021976e+016 7.47021976e+016
 2.40800000e+001 -7.47021976e+016 7.47021976e+016
 2.41500000e+001 -7.47021976e+016 7.47021976e+016
 2.42200000e+001 -7.47021976e+016 7.47021976e+016
 2.42900000e+001 -7.47021976e+016 7.47021976e+016
 2.43600000e+001 -7.47021976e+016 7.47021976e+016
 2.44300000e+001 -7.47021976e+016 7.47021976e+016
 2.45000000e+001 -7.47021976e+016 7.47021976e+016
 2.45700000e+001 -7.47021976e+016 7.47021976e+016
 2.46400000e+001 -7.47021976e+016 7.47021976e+016
 2.47100000e+001 -7.47021976e+016 7.47021976e+016
 2.47800000e+001 -7.47021976e+016 7.47021976e+016
 2.48500000e+001 -7.47021976e+016 7.47021976e+016
 2.49200000e+001 -7.47021976e+016 7.47021976e+016
 2.49900000e+001 -7.47021976e+016 7.47021976e+016
 2.50600000e+001 -7.47021976e+016 7.47021976e+016
 2.51300000e+001 -7.47021976e+016 7.47021976e+016
 2.52000000e+001 -7.47021976e+016 7.47021976e+016
 2.52700000e+001 -7.47021976e+016 7.47021976e+016
 2.53400000e+001 -7.47021976e+016 7.47021976e+016
 2.54100000e+001 -7.47021976e+016 7.47021976e+016
 2.54800000e+001 -7.47021976e+016 7.47021976e+016
 2.55500000e+001 -7.47021976e+016 7.47021976e+016
 2.56200000e+001 -7.47021976e+016 7.47021976e+016
 2.56900000e+001 -7.47021976e+016 7.47021976e+016
 2.57600000e+001 -7.47021976e+016 7.47021976e+016
 2.58300000e+001 -7.47021976e+016 7.47021976e+016
 2.59000000e+001 -7.47021976e+016 7.47021976e+016
 2.59700000e+001 -7.47021976e+016 7.47021976e+016
 2.60400000e+001 -7.47021976e+016 7.47021976e+016
 2.61100000e+001 -7.47021976e+016 7.47021976e+016
 2.61800000e+001 -7.47021976e+016 7.47021976e+016
 2.62500000e+001 -7.47021976e+016 7.47021976e+016
 2.63200000e+001 -7.47021976e+016 7.47021976e+016
 2.63900000e+001 -7.47021976e+016 7.47021976e+016
 2.64600000e+001 -7.47021976e+016 7.47021976e+016
 2.65300000e+001 -7.47021976e+016 7.47021976e+016
 2.66000000e+001 -7.47021976e+016 7.47021976e+016
 2.66700000e+001 -7.47021976e+016 7.47021976e+016
 2.67400000e+001 -7.47021976e+016 7.47021976e+016
 2.68100000e+001 -7.47021976e+016 7.47021976e+016
 2.68800000e+001 -7.47021976e+016 7.47021976e+016
 2.69500000e+001 -7.47021976e+016 7.47021976e+016
 2.70200000e+001 -7.47021976e+016 7.47021976e+016
 2.70900000e+001 -7.47021976e+016 7.47021976e+016
 2.71600000e+001 -7.47021976e+016 7.47021976e+016
 2.72300000e+001 -7.47021976e+016 7.47021976e+016
 2.73000000e+001 -7.47021976e+016 7.47021976e+016
 2.73700000e+001 -7.47021976e+016 7.47021976e+016
 2.74400000e+001 -7.47021976e+016 7.47021976e+016
 2.75100000e+001 -7.47021976e+016 7.47021976e+016
 2.75800000e+001 -7.47021976e+016 7.47021976e+016
 2.76500000e+001 -7.47021976e+016 7.47021976e+016
 2.77200000e+001 -7.47021976e+016 7.47021976e+016
 2.77900000e+001 -7.47021976e+016 7.47021976e+016
 2.78600000e+001 -7.47021976e+016 7.47021976e+016
 2.79300000e+001 -7.47021976e+016 7.47021976e+016
 2.80000000e+001 -7.47021976e+016 7.47021976e+016
 2.80700000e+001 -7.47021976e+016 7.47021976e+016
 2.81400000e+001 -7.47021976e+016 7.47021976e+016
 2.82100000e+001 -7.47021976e+016 7.47021976e+016
 2.82800000e+001 -7.47021976e+016 7.47021976e+016
 2.83500000e+001 -7.47021976e+016 7.47021976e+016
 2.84200000e+001 -7.47021976e+016 7.47021976e+016
 2.84900000e+001 -7.47021976e+016 7.47021976e+016
 2.85600000e+001 -7.47021976e+016 7.47021976e+016
 2.86300000e+001 -7.47021976e+016 7.47021976e+016
 2.87000000e+001 -7.47021976e+016 7.47021976e+016
 2.87700000e+001 -7.47021976e+016 7.47021976e+016
 2.88400000e+001 -7.47021976e+016 7.47021976e+016
 2.89100000e+001 -7.47021976e+016 7.47021976e+016
 2.89800000e+001 -7.47021976e+016 7.47021976e+016
 2.90500000e+001 -7.47021976e+016 7.47021976e+016
 2.91200000e+001 -7.47021976e+016 7.47021976e+016
 2.91900000e+001 -7.47021976e+016 7.47021976e+016
 2.92600000e+001 -7.47021976e+016 7.47021976e+016
 2.93300000e+001 -7.47021976e+016 7.47021976e+016
 2.94000000e+001 -7.47021976e+016 7.47021976e+016
 2.94700000e+001 -7.47021976e+016 7.47021976e+016
 2.95400000e+001 -7.47021976e+016 7.47021976e+016
 2.96100000e+001 -7.47021976e+016 7.47021976e+016
 2.96800000e+001 -7.47021976e+016 7.47021976e+016
 2.97500000e+001 -7.47021976e+016 7.47021976e+016
 2.98200000e+001 -7.47021976e+016 7.47021976e+016
 2.98900000e+001 -7.47021976e+016 7.47021976e+016
 2.99600000e+001 -7.47021976e+016 7.47021976e+016
 3.00300000e+001 -7.47021976e+016 7.47021976e+016
 3.01000000e+001 -7.47021976e+016 7.47021976e+016
 3.01700000e+001 -7.47021976e+016 7.47021976e+016
 3.02400000e+001 -7.47021976e+016 7.47021976e+016
 3.03100000e+001 -7.47021976e+016 7.47021976e+016
 3.03800000e+001 -7.47021976e+016 7.47021976e+016
 3.04500000e+001 -7.47021976e+016 7.47021976e+016
 3.05200000e+001 -7.47021976e+016 7.47021976e+016
 3.05900000e+001 -7.47021976e+016 7.47021976e+016
 3.06600000e+001 -7.47021976e+016 7.47021976e+016
 3.07300000e+001 -7.47021976e+016 7.47021976e+016
 3.08000000e+001 -7.47021976e+016 7.47021976e+016
 3.08700000e+001 -7.47021976e+016 7.47021976e+016
 3.09400000e+001 -7.47021976e+016 7.47021976e+016
 3.10100000e+001 -7.47021976e+016 7.47021976e+016
 3.10800000e+001 -7.47021976e+016 7.47021976e+016
 3.11500000e+001 -7.47021976e+016 7.47021976e+016
 3.12200000e+001 -7.47021976e+016 7.47021976e+016
 3.12900000e+001 -7.47021976e+016 7.47021976e+016
 3.13600000e+001 -7.47021976e+016 7.47021976e+016
 3.14300000e+001 -7.47021976e+016 7.47021976e+016
 3.15000000e+001 -7.47021976e+016 7.47021976e+016
 3.15700000e+001 -7.47021976e+016 7.47021976e+016
 3.16400000e+001 -7.47021976e+016 7.47021976e+016
 3.17100000e+001 -7.47021976e+016 7.47021976e+016
 3.17800000e+001 -7.47021976e+016 7.47021976e+016
 3.18500000e+001 -7.47021976e+016 7.47021976e+016
 3.19200000e+001 -7.47021976e+016 7.47021976e+016
 3.19900000e+001 -7.47021976e+016 7.47021976e+016
 3.20600000e+001 -7.47021976e+016 7.47021976e+016
 3.21300000e+001 -7.47021976e+016 7.47021976e+016
 3.22000000e+001 -7.47021976e+016 7.47021976e+016
 3.22700000e+001 -7.47021976e+016 7.47021976e+016
 3.23400000e+001 -7.47021976e+016 7.47021976e+016
 3.24100000e+001 -7.47021976e+016 7.47021976e+016
 3.24800000e+001 -7.47021976e+016 7.47021976e+016
 3.25500000e+001 -7.47021976e+016 7.47021976e+016
 3.26200000e+001 -7.47021976e+016 7.47021976e+016
 3.26900000e+001 -7.47021976e+016 7.47021976e+016
 3.27600000e+001 -7.47021976e+016 7.47021976e+016
 3.28300000e+001 -7.47021976e+016 7.47021976e+016
 3.29000000e+001 -7.47021976e+016 7.47021976e+016
 3.29700000e+001 -7.47021976e+016 7.47021976e+016
 3.30400000e+001 -7.47021976e+016 7.47021976e+016
 3.31100000e+001 -7.47021976e+016 7.47021976e+016
 3.31800000e+001 -7.47021976e+016 7.47021976e+016
 3.32500000e+001 -7.47021976e+016 7.47021976e+016
 3.33200000e+001 -7.47021976e+016 7.47021976e+016
 3.33900000e+001 -7.47021976e+016 7.47021976e+016
 3.34600000e+001 -7.47021976e+016 7.47021976e+016
 3.35300000e+001 -7.47021976e+016 7.47021976e+016
 3.36000000e+001 -7.47021976e+016 7.47021976e+016
 3.36700000e+001 -7.47021976e+016 7.47021976e+016
 3.37400000e+001 -7.47021976e+016 7.47021976e+016
 3.38100000e+001 -7.47021976e+016 7.47021976e+016
 3.38800000e+001 -7.47021976e+016 7.47021976e+016
 3.39500000e+001 -7.47021976e+016 7.47021976e+016
 3.40200000e+001 -7.47021976e+016 7.47021976e+016
 3.40900000e+001 -7.47021976e+016 7.47021976e+016
 3.41600000e+001 -7.47021976e+016 7.47021976e+016
 3.42300000e+001 -7.47021976e+016 7.47021976e+016
 3.43000000e+001 -7.47021976e+016 7.47021976e+016
 3.43700000e+001 -7.47021976e+016 7.47021976e+016
 3.44400000e+001 -7.47021976e+016 7.47021976e+016
 3.45100000e+001 -7.47021976e+016 7.47021976e+016
 3.45800000e+001 -7.47021976e+016 7.47021976e+016
 3.46500000e+001 -7.47021976e+016 7.47021976e+016
 3.47200000e+001 -7.47021976e+016 7.47021976e+016
 3.47900000e+001 -7.47021976e+016 7.47021976e+016
 3.48600000e+001 -7.47021976e+016 7.47021976e+016
 3.49300000e+001 -7.47021976e+016 7.47021976e+016
 3.50000000e+001 -7.47021976e+016 7.47021976e+016
 3.50700000e+001 -7.47021976e+016 7.47021976e+016
 3.51400000e+001 -7.47021976e+016 7.47021976e+016
 3.52100000e+001 -7.47021976e+016 7.47021976e+016
 3.52800000e+001 -7.47021976e+016 7.47021976e+016
 3.53500000e+001 -7.47021976e+016 7.47021976e+016
 3.54200000e+001 -7.47021976e+016 7.47021976e+016
 3.54900000e+001 -7.47021976e+016 7.47021976e+016
 3.55600000e+001 -7.47021976e+016 7.47021976e+016
 3.56300000e+001 -7.47021976e+016 7.47021976e+016
 3.57000000e+001 -7.47021976e+016 7.47021976e+016
 3.57700000e+001 -7.47021976e+016 7.47021976e+016
 3.58400000e+001 -7.47021976e+016 7.47021976e+016
 3.59100000e+001 -7.47021976e+016 7.47021976e+016
 3.59800000e+001 -7.47021976e+016 7.47021976e+016
 3.60500000e+001 -7.47021976e+016 7.47021976e+016
 3.61200000e+001 -7.47021976e+016 7.47021976e+016
 3.61900000e+001 -7.47021976e+016 7.47021976e+016
 3.62600000e+001 -7.47021976e+016 7.47021976e+016
 3.63300000e+001 -7.47021976e+016 7.47021976e+016
 3.64000000e+001 -7.47021976e+016 7.47021976e+016
 3.64700000e+001 -7.47021976e+016 7.47021976e+016
 3.65400000e+001 -7.47021976e+016 7.47021976e+016
 3.66100000e+001 -7.47021976e+016 7.47021976e+016
 3.66800000e+001 -7.47021976e+016 7.47021976e+016
 3.67500000e+001 -7.47021976e+016 7.47021976e+016
 3.68200000e+001 -7.47021976e+016 7.47021976e+016
 3.68900000e+001 -7.47021976e+016 7.47021976e+016
 3.69600000e+001 -7.47021976e+016 7.47021976e+016
 3.70300000e+001 -7.47021976e+016 7.47021976e+016
 3.71000000e+001 -7.47021976e+016 7.47021976e+016
 3.71700000e+001 -7.47021976e+016 7.47021976e+016
 3.72400000e+001 -7.47021976e+016 7.47021976e+016
 3.73100000e+001 -7.47021976e+016 7.47021976e+016
 3.73800000e+001 -7.47021976e+016 7.47021976e+016
 3.74500000e+001 -7.47021976e+016 7.47021976e+016
 3.75200000e+001 -7.47021976e+016 7.47021976e+016
 3.75900000e+001 -7.47021976e+016 7.47021976e+016
 3.76600000e+001 -7.47021976e+016 7.47021976e+016
 3.77300000e+001 -7.47021976e+016 7.47021976e+016
 3.78000000e+001 -7.47021976e+016 7.47021976e+016
 3.78700000e+001 -7.47021976e+016 7.47021976e+016
 3.79400000e+001 -7.47021976e+016 7.47021976e+016
 3.80100000e+001 -7.47021976e+016 7.47021976e+016
 3.80800000e+001 -7.47021976e+016 7.47021976e+016
 3.81500000e+001 -7.47021976e+016 7.47021976e+016
 3.82200000e+001 -7.47021976e+016 7.47021976e+016
 3.82900000e+001 -7.47021976e+016 7.47021976e+016
 3.83600000e+001 -7.47021976e+016 7.47021976e+016
 3.84300000e+001 -7.47021976e+016 7.47021976e+016
 3.85000000e+001 -7.47021976e+016 7.47021976e+016
 3.85700000e+001 -7.47021976e+016 7.47021976e+016
 3.86400000e+001 -7.47021976e+016 7.47021976e+016
 3.87100000e+001 -7.47021976e+016 7.47021976e+016
 3.87800000e+001 -7.47021976e+016 7.47021976e+016
 3.88500000e+001 -7.47021976e+016 7.47021976e+016
 3.89200000e+001 -7.47021976e+016 7.47021976e+016
 3.89900000e+001 -7.47021976e+016 7.47021976e+016
 3.90600000e+001 -7.47021976e+016 7.47021976e+016
 3.91300000e+001 -7.47021976e+016 7.47021976e+016
 3.92000000e+001 -7.47021976e+016 7.47021976e+016
 3.92700000e+001 -7.47021976e+016 7.47021976e+016
 3.93400000e+001 -7.47021976e+016 7.47021976e+016
 3.94100000e+001 -7.47021976e+016 7.47021976e+016
 3.94800000e+001 -7.47021976e+016 7.47021976e+016
 3.95500000e+001 -7.47021976e+016 7.47021976e+016
 3.96200000e+001 -7.47021976e+016 7.47021976e+016
 3.96900000e+001 -7.47021976e+016 7.47021976e+016
 3.97600000e+001 -7.47021976e+016 7.47021976e+016
 3.98300000e+001 -7.47021976e+016 7.47021976e+016
 3.99000000e+001 -7.47021976e+016 7.47021976e+016
 3.99700000e+001 -7.47021976e+016 7.47021976e+016
 4.00400000e+001 -7.47021976e+016 7.47021976e+016
 4.01100000e+001 -7.47021976e+016 7.47021976e+016
 4.01800000e+001 -7.47021976e+016 7.47021976e+016
 4.02500000e+001 -7.47021976e+016 7.47021976e+016
 4.03200000e+001 -7.47021976e+016 7.47021976e+016
 4.03900000e+001 -7.47021976e+016 7.47021976e+016
 4.04600000e+001 -7.47021976e+016 7.47021976e+016
 4.05300000e+001 -7.47021976e+016 7.47021976e+016
 4.06000000e+001 -7.47021976e+016 7.47021976e+016
 4.06700000e+001 -7.47021976e+016 7.47021976e+016
 4.07400000e+001 -7.47021976e+016 7.47021976e+016
 4.08100000e+001 -7.47021976e+016 7.47021976e+016
 4.08800000e+001 -7.47021976e+016 7.47021976e+016
 4.09500000e+001 -7.47021976e+016 7.47021976e+016
 4.10200000e+001 -7.47021976e+016 7.47021976e+016
 4.10900000e+001 -7.47021976e+016 7.47021976e+016
 4.11600000e+001 -7.47021976e+016 7.47021976e+016
 4.12300000e+001 -7.47021976e+016 7.47021976e+016
 4.13000000e+001 -7.47021976e+016 7.47021976e+016
 4.13700000e+001 -7.47021976e+016 7.47021976e+016
 4.14400000e+001 -7.47021976e+016 7.47021976e+016
 4.15100000e+001 -7.47021976e+016 7.47021976e+016
 4.15800000e+001 -7.47021976e+016 7.47021976e+016
 4.16500000e+001 -7.47021976e+016 7.47021976e+016
 4.17200000e+001 -7.47021976e+016 7.47021976e+016
 4.17900000e+001 -7.47021976e+016 7.47021976e+016
 4.18600000e+001 -7.47021976e+016 7.47021976e+016
 4.19300000e+001 -7.47021976e+016 7.47021976e+016
 4.20000000e+001 -7.47021976e+016 7.47021976e+016
 4.20700000e+001 -7.47021976e+016 7.47021976e+016
 4.21400000e+001 -7.47021976e+016 7.47021976e+016
 4.22100000e+001 -7.47021976e+016 7.47021976e+016
 4.22800000e+001 -7.47021976e+016 7.47021976e+016
 4.23500000e+001 -7.47021976e+016 7.47021976e+016
 4.24200000e+001 -7.47021976e+016 7.47021976e+016
 4.24900000e+001 -7.47021976e+016 7.47021976e+016
 4.25600000e+001 -7.47021976e+016 7.47021976e+016
 4.26300000e+001 -7.47021976e+016 7.47021976e+016
 4.27000000e+001 -7.47021976e+016 7.47021976e+016
 4.27700000e+001 -7.47021976e+016 7.47021976e+016
 4.28400000e+001 -7.47021976e+016 7.47021976e+016
 4.29100000e+001 -7.47021976e+016 7.47021976e+016
 4.29800000e+001 -7.47021976e+016 7.47021976e+016
 4.30500000e+001 -7.47021976e+016 7.47021976e+016
 4.31200000e+001 -7.47021976e+016 7.47021976e+016
 4.31900000e+001 -7.47021976e+016 7.47021976e+016
 4.32600000e+001 -7.47021976e+016 7.47021976e+016
 4.33300000e+001 -7.47021976e+016 7.47021976e+016
 4.34000000e+001 -7.47021976e+016 7.47021976e+016
 4.34700000e+001 -7.47021976e+016 7.47021976e+016
 4.35400000e+001 -7.47021976e+016 7.47021976e+016
 4.36100000e+001 -7.47021976e+016 7.47021976e+016
 4.36800000e+001 -7.47021976e+016 7.47021976e+016
 4.37500000e+001 -7.47021976e+016 7.47021976e+016
 4.38200000e+001 -7.47021976e+016 7.47021976e+016
 4.38900000e+001 -7.47021976e+016 7.47021976e+016
 4.39600000e+001 -7.47021976e+016 7.47021976e+016
 4.40300000e+001 -7.47021976e+016 7.47021976e+016
 4.41000000e+001 -7.47021976e+016 7.47021976e+016
 4.41700000e+001 -7.47021976e+016 7.47021976e+016
 4.42400000e+001 -7.47021976e+016 7.47021976e+016
 4.43100000e+001 -7.47021976e+016 7.47021976e+016
 4.43800000e+001 -7.47021976e+016 7.47021976e+016
 4.44500000e+001 -7.47021976e+016 7.47021976e+016
 4.45200000e+001 -7.47021976e+016 7.47021976e+016
 4.45900000e+001 -7.47021976e+016 7.47021976e+016
 4.46600000e+001 -7.47021976e+016 7.47021976e+016
 4.47300000e+001 -7.47021976e+016 7.47021976e+016
 4.48000000e+001 -7.47021976e+016 7.47021976e+016
 4.48700000e+001 -7.47021976e+016 7.47021976e+016
 4.49400000e+001 -7.47021976e+016 7.47021976e+016
 4.50100000e+001 -7.47021976e+016 7.47021976e+016
 4.50800000e+001 -7.47021976e+016 7.47021976e+016
 4.51500000e+001 -7.47021976e+016 7.47021976e+016
 4.52200000e+001 -7.47021976e+016 7.47021976e+016
 4.52900000e+001 -7.47021976e+016 7.47021976e+016
 4.53600000e+001 -7.47021976e+016 7.47021976e+016
 4.54300000e+001 -7.47021976e+016 7.47021976e+016
 4.55000000e+001 -7.47021976e+016 7.47021976e+016
 4.55700000e+001 -7.47021976e+016 7.47021976e+016
 4.56400000e+001 -7.47021976e+016 7.47021976e+016
 4.57100000e+001 -7.47021976e+016 7.47021976e+016
 4.57800000e+001 -7.47021976e+016 7.47021976e+016
 4.58500000e+001 -7.47021976e+016 7.47021976e+016
 4.59200000e+001 -7.47021976e+016 7.47021976e+016
 4.59900000e+001 -7.47021976e+016 7.47021976e+016
 4.60600000e+001 -7.47021976e+016 7.47021976e+016
 4.61300000e+001 -7.47021976e+016 7.47021976e+016
 4.62000000e+001 -7.47021976e+016 7.47021976e+016
 4.62700000e+001 -7.47021976e+016 7.47021976e+016
 4.63400000e+001 -7.47021976e+016 7.47021976e+016
 4.64100000e+001 -7.47021976e+016 7.47021976e+016
 4.64800000e+001 -7.47021976e+016 7.47021976e+016
 4.65500000e+001 -7.47021976e+016 7.47021976e+016
 4.66200000e+001 -7.47021976e+016 7.47021976e+016
 4.66900000e+001 -7.47021976e+016 7.47021976e+016
 4.67600000e+001 -7.47021976e+016 7.47021976e+016
 4.68300000e+001 -7.47021976e+016 7.47021976e+016
 4.69000000e+001 -7.47021976e+016 7.47021976e+016
 4.69700000e+001 -7.47021976e+016 7.47021976e+016
 4.70400000e+001 -7.47021976e+016 7.47021976e+016
 4.71100000e+001 -7.47021976e+016 7.47021976e+016
 4.71800000e+001 -7.47021976e+016 7.47021976e+016
 4.72500000e+001 -7.47021976e+016 7.47021976e+016
 4.73200000e+001 -7.47021976e+016 7.47021976e+016
 4.73900000e+001 -7.47021976e+016 7.47021976e+016
 4.74600000e+001 -7.47021976e+016 7.47021976e+016
 4.75300000e+001 -7.47021976e+016 7.47021976e+016
 4.76000000e+001 -7.47021976e+016 7.47021976e+016
 4.76700000e+001 -7.47021976e+016 7.47021976e+016
 4.77400000e+001 -7.47021976e+016 7.47021976e+016
 4.78100000e+001 -7.47021976e+016 7.47021976e+016
 4.78800000e+001 -7.47021976e+016 7.47021976e+016
 4.79500000e+001 -7.47021976e+016 7.47021976e+016
 4.80200000e+001 -7.47021976e+016 7.47021976e+016
 4.80900000e+001 -7.47021976e+016 7.47021976e+016
 4.81600000e+001 -7.47021976e+016 7.47021976e+016
 4.82300000e+001 -7.47021976e+016 7.47021976e+016
 4.83000000e+001 -7.47021976e+016 7.47021976e+016
 4.83700000e+001 -7.47021976e+016 7.47021976e+016
 4.84400000e+001 -7.47021976e+016 7.47021976e+016
 4.85100000e+001 -7.47021976e+016 7.47021976e+016
 4.85800000e+001 -7.47021976e+016 7.47021976e+016
 4.86500000e+001 -7.47021976e+016 7.47021976e+016
 4.87200000e+001 -7.47021976e+016 7.47021976e+016
 4.87900000e+001 -7.47021976e+016 7.47021976e+016
 4.88600000e+001 -7.47021976e+016 7.47021976e+016
 4.89300000e+001 -7.47021976e+016 7.47021976e+016
 4.90000000e+001 -7.47021976e+016 7.47021976e+016
 4.90700000e+001 -7.47021976e+016 7.47021976e+016
 4.91400000e+001 -7.47021976e+016 7.47021976e+016
 4.92100000e+001 -7.47021976e+016 7.47021976e+016
 4.92800000e+001 -7.47021976e+016 7.47021976e+016
 4.93500000e+001 -7.47021976e+016 7.47021976e+016
 4.94200000e+001 -7.47021976e+016 7.47021976e+016
 4.94900000e+001 -7.47021976e+016 7.47021976e+016
 4.95600000e+001 -7.47021976e+016 7.47021976e+016
 4.96300000e+001 -7.47021976e+016 7.47021976e+016
 4.97000000e+001 -7.47021976e+016 7.47021976e+016
 4.97700000e+001 -7.47021976e+016 7.47021976e+016
 4.98400000e+001 -7.47021976e+016 7.47021976e+016
 4.99100000e+001 -7.47021976e+016 7.47021976e+016
 4.99800000e+001 -7.47021976e+016 7.47021976e+016
 5.00500000e+001 -7.47021976e+016 7.47021976e+016
 5.01200000e+001 -7.47021976e+016 7.47021976e+016
 5.01900000e+001 -7.47021976e+016 7.47021976e+016
 5.02600000e+001 -7.47021976e+016 7.47021976e+016
 5.03300000e+001 -7.47021976e+016 7.47021976e+016
 5.04000000e+001 -7.47021976e+016 7.47021976e+016
 5.04700000e+001 -7.47021976e+016 7.47021976e+016
 5.05400000e+001 -7.47021976e+016 7.47021976e+016
 5.06100000e+001 -7.47021976e+016 7.47021976e+016
 5.06800000e+001 -7.47021976e+016 7.47021976e+016
 5.07500000e+001 -7.47021976e+016 7.47021976e+016
 5.08200000e+001 -7.47021976e+016 7.47021976e+016
 5.08900000e+001 -7.47021976e+016 7.47021976e+016
 5.09600000e+001 -7.47021976e+016 7.47021976e+016
 5.10300000e+001 -7.47021976e+016 7.47021976e+016
 5.11000000e+001 -7.47021976e+016 7.47021976e+016
 5.11700000e+001 -7.47021976e+016 7.47021976e+016
 5.12400000e+001 -7.47021976e+016 7.47021976e+016
 5.13100000e+001 -7.47021976e+016 7.47021976e+016
 5.13800000e+001 -7.47021976e+016 7.47021976e+016
 5.14500000e+001 -7.47021976e+016 7.47021976e+016
 5.15200000e+001 -7.47021976e+016 7.47021976e+016
 5.15900000e+001 -7.47021976e+016 7.47021976e+016
 5.16600000e+001 -7.47021976e+016 7.47021976e+016
 5.17300000e+001 -7.47021976e+016 7.47021976e+016
 5.18000000e+001 -7.47021976e+016 7.47021976e+016
 5.18700000e+001 -7.47021976e+016 7.47021976e+016
 5.19400000e+001 -7.47021976e+016 7.47021976e+016
 5.20100000e+001 -7.47021976e+016 7.47021976e+016
 5.20800000e+001 -7.47021976e+016 7.47021976e+016
 5.21500000e+001 -7.47021976e+016 7.47021976e+016
 5.22200000e+001 -7.47021976e+016 7.47021976e+016
 5.22900000e+001 -7.47021976e+016 7.47021976e+016
 5.23600000e+001 -7.47021976e+016 7.47021976e+016
 5.24300000e+001 -7.47021976e+016 7.47021976e+016
 5.25000000e+001 -7.47021976e+016 7.47021976e+016
 5.25700000e+001 -7.47021976e+016 7.47021976e+016
 5.26400000e+001 -7.47021976e+016 7.47021976e+016
 5.27100000e+001 -7.47021976e+016 7.47021976e+016
 5.27800000e+001 -7.47021976e+016 7.47021976e+016
 5.28500000e+001 -7.47021976e+016 7.47021976e+016
 5.29200000e+001 -7.47021976e+016 7.47021976e+016
 5.29900000e+001 -7.47021976e+016 7.47021976e+016
 5.30600000e+001 -7.47021976e+016 7.47021976e+016
 5.31300000e+001 -7.47021976e+016 7.47021976e+016
 5.32000000e+001 -7.47021976e+016 7.47021976e+016
 5.32700000e+001 -7.47021976e+016 7.47021976e+016
 5.33400000e+001 -7.47021976e+016 7.47021976e+016
 5.34100000e+001 -7.47021976e+016 7.47021976e+016
 5.34800000e+001 -7.47021976e+016 7.47021976e+016
 5.35500000e+001 -7.47021976e+016 7.47021976e+016
 5.36200000e+001 -7.47021976e+016 7.47021976e+016
 5.36900000e+001 -7.47021976e+016 7.47021976e+016
 5.37600000e+001 -7.47021976e+016 7.47021976e+016
 5.38300000e+001 -7.47021976e+016 7.47021976e+016
 5.39000000e+001 -7.47021976e+016 7.47021976e+016
 5.39700000e+001 -7.47021976e+016 7.47021976e+016
 5.40400000e+001 -7.47021976e+016 7.47021976e+016
 5.41100000e+001 -7.47021976e+016 7.47021976e+016
 5.41800000e+001 -7.47021976e+016 7.47021976e+016
 5.42500000e+001 -7.47021976e+016 7.47021976e+016
 5.43200000e+001 -7.47021976e+016 7.47021976e+016
 5.43900000e+001 -7.47021976e+016 7.47021976e+016
 5.44600000e+001 -7.47021976e+016 7.47021976e+016
 5.45300000e+001 -7.47021976e+016 7.47021976e+016
 5.46000000e+001 -7.47021976e+016 7.47021976e+016
 5.46700000e+001 -7.47021976e+016 7.47021976e+016
 5.47400000e+001 -7.47021976e+016 7.47021976e+016
 5.48100000e+001 -7.47021976e+016 7.47021976e+016
 5.48800000e+001 -7.47021976e+016 7.47021976e+016
 5.49500000e+001 -7.47021976e+016 7.47021976e+016
 5.50200000e+001 -7.47021976e+016 7.47021976e+016
 5.50900000e+001 -7.47021976e+016 7.47021976e+016
 5.51600000e+001 -7.47021976e+016 7.47021976e+016
 5.52300000e+001 -7.47021976e+016 7.47021976e+016
 5.53000000e+001 -7.47021976e+016 7.47021976e+016
 5.53700000e+001 -7.47021976e+016 7.47021976e+016
 5.54400000e+001 -7.47021976e+016 7.47021976e+016
 5.55100000e+001 -7.47021976e+016 7.47021976e+016
 5.55800000e+001 -7.47021976e+016 7.47021976e+016
 5.56500000e+001 -7.47021976e+016 7.47021976e+016
 5.57200000e+001 -7.47021976e+016 7.47021976e+016
 5.57900000e+001 -7.47021976e+016 7.47021976e+016
 5.58600000e+001 -7.47021976e+016 7.47021976e+016
 5.59300000e+001 -7.47021976e+016 7.47021976e+016
 5.60000000e+001 -7.47021976e+016 7.47021976e+016
 5.60700000e+001 -7.47021976e+016 7.47021976e+016
 5.61400000e+001 -7.47021976e+016 7.47021976e+016
 5.62100000e+001 -7.47021976e+016 7.47021976e+016
 5.62800000e+001 -7.47021976e+016 7.47021976e+016
 5.63500000e+001 -7.47021976e+016 7.47021976e+016
 5.64200000e+001 -7.47021976e+016 7.47021976e+016
 5.64900000e+001 -7.47021976e+016 7.47021976e+016
 5.65600000e+001 -7.47021976e+016 7.47021976e+016
 5.66300000e+001 -7.47021976e+016 7.47021976e+016
 5.67000000e+001 -7.47021976e+016 7.47021976e+016
 5.67700000e+001 -7.47021976e+016 7.47021976e+016
 5.68400000e+001 -7.47021976e+016 7.47021976e+016
 5.69100000e+001 -7.47021976e+016 7.47021976e+016
 5.69800000e+001 -7.47021976e+016 7.47021976e+016
 5.70500000e+001 -7.47021976e+016 7.47021976e+016
 5.71200000e+001 -7.47021976e+016 7.47021976e+016
 5.71900000e+001 -7.47021976e+016 7.47021976e+016
 5.72600000e+001 -7.47021976e+016 7.47021976e+016
 5.73300000e+001 -7.47021976e+016 7.47021976e+016
 5.74000000e+001 -7.47021976e+016 7.47021976e+016
 5.74700000e+001 -7.47021976e+016 7.47021976e+016
 5.75400000e+001 -7.47021976e+016 7.47021976e+016
 5.76100000e+001 -7.47021976e+016 7.47021976e+016
 5.76800000e+001 -7.47021976e+016 7.47021976e+016
 5.77500000e+001 -7.47021976e+016 7.47021976e+016
 5.78200000e+001 -7.47021976e+016 7.47021976e+016
 5.78900000e+001 -7.47021976e+016 7.47021976e+016
 5.79600000e+001 -7.47021976e+016 7.47021976e+016
 5.80300000e+001 -7.47021976e+016 7.47021976e+016
 5.81000000e+001 -7.47021976e+016 7.47021976e+016
 5.81700000e+001 -7.47021976e+016 7.47021976e+016
 5.82400000e+001 -7.47021976e+016 7.47021976e+016
 5.83100000e+001 -7.47021976e+016 7.47021976e+016
 5.83800000e+001 -7.47021976e+016 7.47021976e+016
 5.84500000e+001 -7.47021976e+016 7.47021976e+016
 5.85200000e+001 -7.47021976e+016 7.47021976e+016
 5.85900000e+001 -7.47021976e+016 7.47021976e+016
 5.86600000e+001 -7.47021976e+016 7.47021976e+016
 5.87300000e+001 -7.47021976e+016 7.47021976e+016
 5.88000000e+001 -7.47021976e+016 7.47021976e+016
 5.88700000e+001 -7.47021976e+016 7.47021976e+016
 5.89400000e+001 -7.47021976e+016 7.47021976e+016
 5.90100000e+001 -7.47021976e+016 7.47021976e+016
 5.90800000e+001 -7.47021976e+016 7.47021976e+016
 5.91500000e+001 -7.47021976e+016 7.47021976e+016
 5.92200000e+001 -7.47021976e+016 7.47021976e+016
 5.92900000e+001 -7.47021976e+016 7.47021976e+016
 5.93600000e+001 -7.47021976e+016 7.47021976e+016
 5.94300000e+001 -7.47021976e+016 7.47021976e+016
 5.95000000e+001 -7.47021976e+016 7.47021976e+016
 5.95700000e+001 -7.47021976e+016 7.47021976e+016
 5.96400000e+001 -7.47021976e+016 7.47021976e+016
 5.97100000e+001 -7.47021976e+016 7.47021976e+016
 5.97800000e+001 -7.47021976e+016 7.47021976e+016
 5.98500000e+001 -7.47021976e+016 7.47021976e+016
 5.99200000e+001 -7.47021976e+016 7.47021976e+016
 5.99900000e+001 -7.47021976e+016 7.47021976e+016
 6.00600000e+001 -7.47021976e+016 7.47021976e+016
 6.01300000e+001 -7.47021976e+016 7.47021976e+016
 6.02000000e+001 -7.47021976e+016 7.47021976e+016
 6.02700000e+001 -7.47021976e+016 7.47021976e+016
 6.03400000e+001 -7.47021976e+016 7.47021976e+016
 6.04100000e+001 -7.47021976e+016 7.47021976e+016
 6.04800000e+001 -7.47021976e+016 7.47021976e+016
 6.05500000e+001 -7.47021976e+016 7.47021976e+016
 6.06200000e+001 -7.47021976e+016 7.47021976e+016
 6.06900000e+001 -7.47021976e+016 7.47021976e+016
 6.07600000e+001 -7.47021976e+016 7.47021976e+016
 6.08300000e+001 -7.47021976e+016 7.47021976e+016
 6.09000000e+001 -7.47021976e+016 7.47021976e+016
 6.09700000e+001 -7.47021976e+016 7.47021976e+016
 6.10400000e+001 -7.47021976e+016 7.47021976e+016
 6.11100000e+001 -7.47021976e+016 7.47021976e+016
 6.11800000e+001 -7.47021976e+016 7.47021976e+016
 6.12500000e+001 -7.47021976e+016 7.47021976e+016
 6.13200000e+001 -7.47021976e+016 7.47021976e+016
 6.13900000e+001 -7.47021976e+016 7.47021976e+016
 6.14600000e+001 -7.47021976e+016 7.47021976e+016
 6.15300000e+001 -7.47021976e+016 7.47021976e+016
 6.16000000e+001 -7.47021976e+016 7.47021976e+016
 6.16700000e+001 -7.47021976e+016 7.47021976e+016
 6.17400000e+001 -7.47021976e+016 7.47021976e+016
 6.18100000e+001 -7.47021976e+016 7.47021976e+016
 6.18800000e+001 -7.47021976e+016 7.47021976e+016
 6.19500000e+001 -7.47021976e+016 7.47021976e+016
 6.20200000e+001 -7.47021976e+016 7.47021976e+016
 6.20900000e+001 -7.47021976e+016 7.47021976e+016
 6.21600000e+001 -7.47021976e+016 7.47021976e+016
 6.22300000e+001 -7.47021976e+016 7.47021976e+016
 6.23000000e+001 -7.47021976e+016 7.47021976e+016
 6.23700000e+001 -7.47021976e+016 7.47021976e+016
 6.24400000e+001 -7.47021976e+016 7.47021976e+016
 6.25100000e+001 -7.47021976e+016 7.47021976e+016
 6.25800000e+001 -7.47021976e+016 7.47021976e+016
 6.26500000e+001 -7.47021976e+016 7.47021976e+016
 6.27200000e+001 -7.47021976e+016 7.47021976e+016
 6.27900000e+001 -7.47021976e+016 7.47021976e+016
 6.28600000e+001 -7.47021976e+016 7.47021976e+016
 6.29300000e+001 -7.47021976e+016 7.47021976e+016
 6.30000000e+001 -7.47021976e+016 7.47021976e+016
 6.30700000e+001 -7.47021976e+016 7.47021976e+016
 6.31400000e+001 -7.47021976e+016 7.47021976e+016
 6.32100000e+001 -7.47021976e+016 7.47021976e+016
 6.32800000e+001 -7.47021976e+016 7.47021976e+016
 6.33500000e+001 -7.47021976e+016 7.47021976e+016
 6.34200000e+001 -7.47021976e+016 7.47021976e+016
 6.34900000e+001 -7.47021976e+016 7.47021976e+016
 6.35600000e+001 -7.47021976e+016 7.47021976e+016
 6.36300000e+001 -7.47021976e+016 7.47021976e+016
 6.37000000e+001 -7.47021976e+016 7.47021976e+016
 6.37700000e+001 -7.47021976e+016 7.47021976e+016
 6.38400000e+001 -7.47021976e+016 7.47021976e+016
 6.39100000e+001 -7.47021976e+016 7.47021976e+016
 6.39800000e+001 -7.47021976e+016 7.47021976e+016
 6.40500000e+001 -7.47021976e+016 7.47021976e+016
 6.41200000e+001 -7.47021976e+016 7.47021976e+016
 6.41900000e+001 -7.47021976e+016 7.47021976e+016
 6.42600000e+001 -7.47021976e+016 7.47021976e+016
 6.43300000e+001 -7.47021976e+016 7.47021976e+016
 6.44000000e+001 -7.47021976e+016 7.47021976e+016
 6.44700000e+001 -7.47021976e+016 7.47021976e+016
 6.45400000e+001 -7.47021976e+016 7.47021976e+016
 6.46100000e+001 -7.47021976e+016 7.47021976e+016
 6.46800000e+001 -7.47021976e+016 7.47021976e+016
 6.47500000e+001 -7.47021976e+016 7.47021976e+016
 6.48200000e+001 -7.47021976e+016 7.47021976e+016
 6.48900000e+001 -7.47021976e+016 7.47021976e+016
 6.49600000e+001 -7.47021976e+016 7.47021976e+016
 6.50300000e+001 -7.47021976e+016 7.47021976e+016
 6.51000000e+001 -7.47021976e+016 7.47021976e+016
 6.51700000e+001 -7.47021976e+016 7.47021976e+016
 6.52400000e+001 -7.47021976e+016 7.47021976e+016
 6.53100000e+001 -7.47021976e+016 7.47021976e+016
 6.53800000e+001 -7.47021976e+016 7.47021976e+016
 6.54500000e+001 -7.47021976e+016 7.47021976e+016
 6.55200000e+001 -7.47021976e+016 7.47021976e+016
 6.55900000e+001 -7.47021976e+016 7.47021976e+016
 6.56600000e+001 -7.47021976e+016 7.47021976e+016
 6.57300000e+001 -7.47021976e+016 7.47021976e+016
 6.58000000e+001 -7.47021976e+016 7.47021976e+016
 6.58700000e+001 -7.47021976e+016 7.47021976e+016
 6.59400000e+001 -7.47021976e+016 7.47021976e+016
 6.60100000e+001 -7.47021976e+016 7.47021976e+016
 6.60800000e+001 -7.47021976e+016 7.47021976e+016
 6.61500000e+001 -7.47021976e+016 7.47021976e+016
 6.62200000e+001 -7.47021976e+016 7.47021976e+016
 6.62900000e+001 -7.47021976e+016 7.47021976e+016
 6.63600000e+001 -7.47021976e+016 7.47021976e+016
 6.64300000e+001 -7.47021976e+016 7.47021976e+016
 6.65000000e+001 -7.47021976e+016 7.47021976e+016
 6.65700000e+001 -7.47021976e+016 7.47021976e+016
 6.66400000e+001 -7.47021976e+016 7.47021976e+016
 6.67100000e+001 -7.47021976e+016 7.47021976e+016
 6.67800000e+001 -7.47021976e+016 7.47021976e+016
 6.68500000e+001 -7.47021976e+016 7.47021976e+016
 6.69200000e+001 -7.47021976e+016 7.47021976e+016
 6.69900000e+001 -7.47021976e+016 7.47021976e+016
 6.70600000e+001 -7.47021976e+016 7.47021976e+016
 6.71300000e+001 -7.47021976e+016 7.47021976e+016
 6.72000000e+001 -7.47021976e+016 7.47021976e+016
 6.72700000e+001 -7.47021976e+016 7.47021976e+016
 6.73400000e+001 -7.47021976e+016 7.47021976e+016
 6.74100000e+001 -7.47021976e+016 7.47021976e+016
 6.74800000e+001 -7.47021976e+016 7.47021976e+016
 6.75500000e+001 -7.47021976e+016 7.47021976e+016
 6.76200000e+001 -7.47021976e+016 7.47021976e+016
 6.76900000e+001 -7.47021976e+016 7.47021976e+016
 6.77600000e+001 -7.47021976e+016 7.47021976e+016
 6.78300000e+001 -7.47021976e+016 7.47021976e+016
 6.79000000e+001 -7.47021976e+016 7.47021976e+016
 6.79700000e+001 -7.47021976e+016 7.47021976e+016
 6.80400000e+001 -7.47021976e+016 7.47021976e+016
 6.81100000e+001 -7.47021976e+016 7.47021976e+016
 6.81800000e+001 -7.47021976e+016 7.47021976e+016
 6.82500000e+001 -7.47021976e+016 7.47021976e+016
 6.83200000e+001 -7.47021976e+016 7.47021976e+016
 6.83900000e+001 -7.47021976e+016 7.47021976e+016
 6.84600000e+001 -7.47021976e+016 7.47021976e+016
 6.85300000e+001 -7.47021976e+016 7.47021976e+016
 6.86000000e+001 -7.47021976e+016 7.47021976e+016
 6.86700000e+001 -7.47021976e+016 7.47021976e+016
 6.87400000e+001 -7.47021976e+016 7.47021976e+016
 6.88100000e+001 -7.47021976e+016 7.47021976e+016
 6.88800000e+001 -7.47021976e+016 7.47021976e+016
 6.89500000e+001 -7.47021976e+016 7.47021976e+016
 6.90200000e+001 -7.47021976e+016 7.47021976e+016
 6.90900000e+001 -7.47021976e+016 7.47021976e+016
 6.91600000e+001 -7.47021976e+016 7.47021976e+016
 6.92300000e+001 -7.47021976e+016 7.47021976e+016
 6.93000000e+001 -7.47021976e+016 7.47021976e+016
 6.93700000e+001 -7.47021976e+016 7.47021976e+016
 6.94400000e+001 -7.47021976e+016 7.47021976e+016
 6.95100000e+001 -7.47021976e+016 7.47021976e+016
 6.95800000e+001 -7.47021976e+016 7.47021976e+016
 6.96500000e+001 -7.47021976e+016 7.47021976e+016
 6.97200000e+001 -7.47021976e+016 7.47021976e+016
 6.97900000e+001 -7.47021976e+016 7.47021976e+016
 6.98600000e+001 -7.47021976e+016 7.47021976e+016
 6.99300000e+001 -7.47021976e+016 7.47021976e+016
 7.00000000e+001 -7.47021976e+016 7.47021976e+016
