 1.06904891e+002 3.48721355e-015 0.00000000e+000 8.81971618e-004
 1.13997986e+002 3.48267570e-015 4.53785093e-018 8.81452538e-004
 1.21091081e+002 3.47814109e-015 9.04113283e-018 8.80933459e-004
 1.28184177e+002 3.47360973e-015 1.35100481e-017 8.80414381e-004
 1.35277272e+002 3.46908162e-015 1.79447980e-017 8.79895305e-004
 1.42370367e+002 3.46455674e-015 2.23455829e-017 8.79376229e-004
 1.49463462e+002 3.46003511e-015 2.67126021e-017 8.78857154e-004
 1.56556557e+002 3.45551673e-015 3.10460538e-017 8.78338080e-004
 1.63649652e+002 3.45100158e-015 3.53461352e-017 8.77819007e-004
 1.70742747e+002 3.44648968e-015 3.96130425e-017 8.77299935e-004
 1.77835842e+002 3.44198102e-015 4.38469710e-017 8.76780865e-004
 1.84928937e+002 3.43747560e-015 4.80481147e-017 8.76261795e-004
 1.92022033e+002 3.43297342e-015 5.22166669e-017 8.75742726e-004
 1.99115128e+002 3.42847448e-015 5.63528197e-017 8.75223658e-004
 2.06208223e+002 3.42397879e-015 6.04567643e-017 8.74704592e-004
 2.13301318e+002 3.41948633e-015 6.45286909e-017 8.74185526e-004
 2.20394413e+002 3.41499711e-015 6.85687886e-017 8.73666462e-004
 2.27487508e+002 3.41051113e-015 7.25772458e-017 8.73147398e-004
 2.34580603e+002 3.40602839e-015 7.65542497e-017 8.72628335e-004
 2.41673698e+002 3.40154889e-015 8.04999864e-017 8.72109274e-004
 2.48766793e+002 3.39707262e-015 8.44146413e-017 8.71590213e-004
 2.55859889e+002 3.39259959e-015 8.82983988e-017 8.71071154e-004
 2.62952984e+002 3.38812980e-015 9.21514422e-017 8.70552096e-004
 2.70046079e+002 3.38366324e-015 9.59739540e-017 8.70033038e-004
 2.77139174e+002 3.37919993e-015 9.97661155e-017 8.69513982e-004
 2.84232269e+002 3.37473984e-015 1.03528107e-016 8.68994927e-004
 2.91325364e+002 3.37028299e-015 1.07260109e-016 8.68475872e-004
 2.98418459e+002 3.36582938e-015 1.10962299e-016 8.67956819e-004
 3.05511554e+002 3.36137900e-015 1.14634856e-016 8.67437767e-004
 3.12604649e+002 3.35693185e-015 1.18277956e-016 8.66918716e-004
 3.19697745e+002 3.35248794e-015 1.21891774e-016 8.66399666e-004
 3.26790840e+002 3.34804726e-015 1.25476486e-016 8.65880617e-004
 3.33883935e+002 3.34360982e-015 1.29032267e-016 8.65361569e-004
 3.40977030e+002 3.33917560e-015 1.32559288e-016 8.64842522e-004
 3.48070125e+002 3.33474462e-015 1.36057722e-016 8.64323476e-004
 3.55163220e+002 3.33031687e-015 1.39527741e-016 8.63804431e-004
 3.62256315e+002 3.32589235e-015 1.42969514e-016 8.63285387e-004
 3.69349410e+002 3.32147106e-015 1.46383212e-016 8.62766344e-004
 3.76442505e+002 3.31705300e-015 1.49769003e-016 8.62247303e-004
 3.83535600e+002 3.31263817e-015 1.53127054e-016 8.61728262e-004
 3.90628696e+002 3.30822657e-015 1.56457534e-016 8.61209223e-004
 3.97721791e+002 3.30381819e-015 1.59760606e-016 8.60690184e-004
 4.04814886e+002 3.29941305e-015 1.63036437e-016 8.60171147e-004
 4.11907981e+002 3.29501114e-015 1.66285191e-016 8.59652110e-004
 4.19001076e+002 3.29061245e-015 1.69507031e-016 8.59133075e-004
 4.26094171e+002 3.28621699e-015 1.72702120e-016 8.58614041e-004
 4.33187266e+002 3.28182475e-015 1.75870619e-016 8.58095007e-004
 4.40280361e+002 3.27743575e-015 1.79012689e-016 8.57575975e-004
 4.47373456e+002 3.27304997e-015 1.82128490e-016 8.57056944e-004
 4.54466552e+002 3.26866741e-015 1.85218181e-016 8.56537914e-004
 4.61559647e+002 3.26428808e-015 1.88281920e-016 8.56018885e-004
 4.68652742e+002 3.25991197e-015 1.91319865e-016 8.55499858e-004
 4.75745837e+002 3.25553909e-015 1.94332173e-016 8.54980831e-004
 4.82838932e+002 3.25116943e-015 1.97318998e-016 8.54461805e-004
 4.89932027e+002 3.24680300e-015 2.00280496e-016 8.53942780e-004
 4.97025122e+002 3.24243979e-015 2.03216821e-016 8.53423757e-004
 5.04118217e+002 3.23807980e-015 2.06128127e-016 8.52904734e-004
 5.11211312e+002 3.23372303e-015 2.09014565e-016 8.52385713e-004
 5.18304408e+002 3.22936948e-015 2.11876288e-016 8.51866693e-004
 5.25397503e+002 3.22501916e-015 2.14713445e-016 8.51347674e-004
 5.32490598e+002 3.22067206e-015 2.17526188e-016 8.50828655e-004
 5.39583693e+002 3.21632817e-015 2.20314666e-016 8.50309638e-004
 5.46676788e+002 3.21198751e-015 2.23079026e-016 8.49790622e-004
 5.53769883e+002 3.20765007e-015 2.25819417e-016 8.49271608e-004
 5.60862978e+002 3.20331585e-015 2.28535985e-016 8.48752594e-004
 5.67956073e+002 3.19898484e-015 2.31228877e-016 8.48233581e-004
 5.75049168e+002 3.19465705e-015 2.33898237e-016 8.47714570e-004
 5.82142264e+002 3.19033249e-015 2.36544211e-016 8.47195559e-004
 5.89235359e+002 3.18601113e-015 2.39166942e-016 8.46676550e-004
 5.96328454e+002 3.18169300e-015 2.41766573e-016 8.46157541e-004
 6.03421549e+002 3.17737808e-015 2.44343245e-016 8.45638534e-004
 6.10514644e+002 3.17306638e-015 2.46897102e-016 8.45119528e-004
 6.17607739e+002 3.16875790e-015 2.49428283e-016 8.44600523e-004
 6.24700834e+002 3.16445262e-015 2.51936928e-016 8.44081519e-004
 6.31793929e+002 3.16015057e-015 2.54423176e-016 8.43562516e-004
 6.38887024e+002 3.15585173e-015 2.56887167e-016 8.43043515e-004
 6.45980120e+002 3.15155610e-015 2.59329036e-016 8.42524514e-004
 6.53073215e+002 3.14726369e-015 2.61748923e-016 8.42005514e-004
 6.60166310e+002 3.14297449e-015 2.64146962e-016 8.41486516e-004
 6.67259405e+002 3.13868850e-015 2.66523289e-016 8.40967519e-004
 6.74352500e+002 3.13440573e-015 2.68878039e-016 8.40448523e-004
 6.81445595e+002 3.13012617e-015 2.71211345e-016 8.39929528e-004
 6.88538690e+002 3.12584981e-015 2.73523342e-016 8.39410534e-004
 6.95631785e+002 3.12157667e-015 2.75814162e-016 8.38891541e-004
 7.02724880e+002 3.11730675e-015 2.78083936e-016 8.38372549e-004
 7.09817975e+002 3.11304003e-015 2.80332796e-016 8.37853558e-004
 7.16911071e+002 3.10877652e-015 2.82560872e-016 8.37334569e-004
 7.24004166e+002 3.10451622e-015 2.84768294e-016 8.36815581e-004
 7.31097261e+002 3.10025913e-015 2.86955191e-016 8.36296593e-004
 7.38190356e+002 3.09600524e-015 2.89121691e-016 8.35777607e-004
 7.45283451e+002 3.09175457e-015 2.91267922e-016 8.35258622e-004
 7.52376546e+002 3.08750710e-015 2.93394011e-016 8.34739638e-004
 7.59469641e+002 3.08326284e-015 2.95500083e-016 8.34220656e-004
 7.66562736e+002 3.07902179e-015 2.97586265e-016 8.33701674e-004
 7.73655831e+002 3.07478395e-015 2.99652682e-016 8.33182694e-004
 7.80748927e+002 3.07054931e-015 3.01699457e-016 8.32663714e-004
 7.87842022e+002 3.06631787e-015 3.03726715e-016 8.32144736e-004
 7.94935117e+002 3.06208964e-015 3.05734577e-016 8.31625759e-004
 8.02028212e+002 3.05786462e-015 3.07723166e-016 8.31106783e-004
 8.09121307e+002 3.05364280e-015 3.09692605e-016 8.30587808e-004
 8.16214402e+002 3.04942418e-015 3.11643012e-016 8.30068835e-004
 8.23307497e+002 3.04520877e-015 3.13574509e-016 8.29549862e-004
 8.30400592e+002 3.04099656e-015 3.15487216e-016 8.29030891e-004
 8.37493687e+002 3.03678755e-015 3.17381250e-016 8.28511921e-004
 8.44586783e+002 3.03258174e-015 3.19256731e-016 8.27992951e-004
 8.51679878e+002 3.02837914e-015 3.21113776e-016 8.27473983e-004
 8.58772973e+002 3.02417974e-015 3.22952501e-016 8.26955017e-004
 8.65866068e+002 3.01998353e-015 3.24773024e-016 8.26436051e-004
 8.72959163e+002 3.01579053e-015 3.26575459e-016 8.25917087e-004
 8.80052258e+002 3.01160073e-015 3.28359922e-016 8.25398123e-004
 8.87145353e+002 3.00741413e-015 3.30126527e-016 8.24879161e-004
 8.94238448e+002 3.00323073e-015 3.31875388e-016 8.24360200e-004
 9.01331543e+002 2.99905052e-015 3.33606617e-016 8.23841240e-004
 9.08424639e+002 2.99487351e-015 3.35320329e-016 8.23322281e-004
 9.15517734e+002 2.99069971e-015 3.37016633e-016 8.22803324e-004
 9.22610829e+002 2.98652909e-015 3.38695643e-016 8.22284367e-004
 9.29703924e+002 2.98236168e-015 3.40357467e-016 8.21765412e-004
 9.36797019e+002 2.97819746e-015 3.42002217e-016 8.21246458e-004
 9.43890114e+002 2.97403644e-015 3.43630002e-016 8.20727505e-004
 9.50983209e+002 2.96987861e-015 3.45240930e-016 8.20208553e-004
 9.58076304e+002 2.96572398e-015 3.46835111e-016 8.19689603e-004
 9.65169399e+002 2.96157255e-015 3.48412650e-016 8.19170653e-004
 9.72262495e+002 2.95742430e-015 3.49973656e-016 8.18651705e-004
 9.79355590e+002 2.95327926e-015 3.51518235e-016 8.18132758e-004
 9.86448685e+002 2.94913740e-015 3.53046493e-016 8.17613812e-004
 9.93541780e+002 2.94499874e-015 3.54558535e-016 8.17094867e-004
 1.00063487e+003 2.94086327e-015 3.56054465e-016 8.16575924e-004
 1.00772797e+003 2.93673099e-015 3.57534389e-016 8.16056981e-004
 1.01482107e+003 2.93260191e-015 3.58998408e-016 8.15538040e-004
 1.02191416e+003 2.92847601e-015 3.60446627e-016 8.15019100e-004
 1.02900726e+003 2.92435331e-015 3.61879148e-016 8.14500161e-004
 1.03610035e+003 2.92023379e-015 3.63296072e-016 8.13981224e-004
 1.04319345e+003 2.91611747e-015 3.64697501e-016 8.13462287e-004
 1.05028654e+003 2.91200434e-015 3.66083535e-016 8.12943352e-004
 1.05737964e+003 2.90789439e-015 3.67454274e-016 8.12424418e-004
 1.06447273e+003 2.90378764e-015 3.68809819e-016 8.11905485e-004
 1.07156583e+003 2.89968407e-015 3.70150267e-016 8.11386553e-004
 1.07865892e+003 2.89558369e-015 3.71475718e-016 8.10867623e-004
 1.08575202e+003 2.89148649e-015 3.72786269e-016 8.10348694e-004
 1.09284511e+003 2.88739249e-015 3.74082018e-016 8.09829765e-004
 1.09993821e+003 2.88330167e-015 3.75363062e-016 8.09310839e-004
 1.10703130e+003 2.87921403e-015 3.76629496e-016 8.08791913e-004
 1.11412440e+003 2.87512959e-015 3.77881416e-016 8.08272988e-004
 1.12121749e+003 2.87104832e-015 3.79118918e-016 8.07754065e-004
 1.12831059e+003 2.86697024e-015 3.80342096e-016 8.07235143e-004
 1.13540368e+003 2.86289535e-015 3.81551045e-016 8.06716222e-004
 1.14249678e+003 2.85882364e-015 3.82745857e-016 8.06197302e-004
 1.14958987e+003 2.85475511e-015 3.83926626e-016 8.05678384e-004
 1.15668297e+003 2.85068977e-015 3.85093445e-016 8.05159466e-004
 1.16377606e+003 2.84662761e-015 3.86246406e-016 8.04640550e-004
 1.17086916e+003 2.84256863e-015 3.87385599e-016 8.04121635e-004
 1.17796225e+003 2.83851283e-015 3.88511116e-016 8.03602722e-004
 1.18505535e+003 2.83446021e-015 3.89623048e-016 8.03083809e-004
 1.19214844e+003 2.83041077e-015 3.90721484e-016 8.02564898e-004
 1.19924154e+003 2.82636452e-015 3.91806514e-016 8.02045988e-004
 1.20633463e+003 2.82232144e-015 3.92878226e-016 8.01527079e-004
 1.21342773e+003 2.81828154e-015 3.93936710e-016 8.01008172e-004
 1.22052082e+003 2.81424482e-015 3.94982053e-016 8.00489265e-004
 1.22761392e+003 2.81021128e-015 3.96014342e-016 7.99970360e-004
 1.23470701e+003 2.80618092e-015 3.97033665e-016 7.99451457e-004
 1.24180011e+003 2.80215374e-015 3.98040108e-016 7.98932554e-004
 1.24889320e+003 2.79812973e-015 3.99033756e-016 7.98413652e-004
 1.25598630e+003 2.79410890e-015 4.00014696e-016 7.97894752e-004
 1.26307939e+003 2.79009124e-015 4.00983012e-016 7.97375853e-004
 1.27017249e+003 2.78607677e-015 4.01938789e-016 7.96856956e-004
 1.27726558e+003 2.78206546e-015 4.02882110e-016 7.96338059e-004
 1.28435868e+003 2.77805733e-015 4.03813060e-016 7.95819164e-004
 1.29145177e+003 2.77405238e-015 4.04731722e-016 7.95300270e-004
 1.29854487e+003 2.77005060e-015 4.05638177e-016 7.94781377e-004
 1.30563796e+003 2.76605199e-015 4.06532508e-016 7.94262486e-004
 1.31273106e+003 2.76205656e-015 4.07414797e-016 7.93743595e-004
 1.31982415e+003 2.75806430e-015 4.08285125e-016 7.93224706e-004
 1.32691725e+003 2.75407521e-015 4.09143573e-016 7.92705818e-004
 1.33401035e+003 2.75008929e-015 4.09990220e-016 7.92186932e-004
 1.34110344e+003 2.74610655e-015 4.10825147e-016 7.91668047e-004
 1.34819654e+003 2.74212697e-015 4.11648433e-016 7.91149163e-004
 1.35528963e+003 2.73815057e-015 4.12460157e-016 7.90630280e-004
 1.36238273e+003 2.73417734e-015 4.13260397e-016 7.90111398e-004
 1.36947582e+003 2.73020727e-015 4.14049231e-016 7.89592518e-004
 1.37656892e+003 2.72624038e-015 4.14826738e-016 7.89073639e-004
 1.38366201e+003 2.72227665e-015 4.15592993e-016 7.88554761e-004
 1.39075511e+003 2.71831609e-015 4.16348073e-016 7.88035885e-004
 1.39784820e+003 2.71435870e-015 4.17092055e-016 7.87517010e-004
 1.40494130e+003 2.71040448e-015 4.17825015e-016 7.86998136e-004
 1.41203439e+003 2.70645342e-015 4.18547027e-016 7.86479263e-004
 1.41912749e+003 2.70250553e-015 4.19258167e-016 7.85960392e-004
 1.42622058e+003 2.69856080e-015 4.19958509e-016 7.85441521e-004
 1.43331368e+003 2.69461925e-015 4.20648127e-016 7.84922653e-004
 1.44040677e+003 2.69068085e-015 4.21327095e-016 7.84403785e-004
 1.44749987e+003 2.68674562e-015 4.21995486e-016 7.83884919e-004
 1.45459296e+003 2.68281356e-015 4.22653373e-016 7.83366054e-004
 1.46168606e+003 2.67888465e-015 4.23300827e-016 7.82847190e-004
 1.46877915e+003 2.67495892e-015 4.23937921e-016 7.82328327e-004
 1.47587225e+003 2.67103634e-015 4.24564727e-016 7.81809466e-004
 1.48296534e+003 2.66711693e-015 4.25181315e-016 7.81290606e-004
 1.49005844e+003 2.66320068e-015 4.25787756e-016 7.80771748e-004
 1.49715153e+003 2.65928759e-015 4.26384121e-016 7.80252890e-004
 1.50424463e+003 2.65537766e-015 4.26970478e-016 7.79734034e-004
 1.51133772e+003 2.65147089e-015 4.27546898e-016 7.79215179e-004
 1.51843082e+003 2.64756728e-015 4.28113450e-016 7.78696326e-004
 1.52552391e+003 2.64366683e-015 4.28670203e-016 7.78177474e-004
 1.53261701e+003 2.63976954e-015 4.29217223e-016 7.77658623e-004
 1.53971010e+003 2.63587541e-015 4.29754580e-016 7.77139773e-004
 1.54680320e+003 2.63198444e-015 4.30282341e-016 7.76620925e-004
 1.55389629e+003 2.62809662e-015 4.30800572e-016 7.76102078e-004
 1.56098939e+003 2.62421197e-015 4.31309341e-016 7.75583232e-004
 1.56808248e+003 2.62033046e-015 4.31808714e-016 7.75064388e-004
 1.57517558e+003 2.61645212e-015 4.32298756e-016 7.74545545e-004
 1.58226867e+003 2.61257693e-015 4.32779534e-016 7.74026703e-004
 1.58936177e+003 2.60870490e-015 4.33251111e-016 7.73507863e-004
 1.59645486e+003 2.60483602e-015 4.33713554e-016 7.72989024e-004
 1.60354796e+003 2.60097030e-015 4.34166925e-016 7.72470186e-004
 1.61064105e+003 2.59710773e-015 4.34611290e-016 7.71951349e-004
 1.61773415e+003 2.59324831e-015 4.35046711e-016 7.71432514e-004
 1.62482724e+003 2.58939205e-015 4.35473253e-016 7.70913680e-004
 1.63192034e+003 2.58553894e-015 4.35890977e-016 7.70394848e-004
 1.63901343e+003 2.58168898e-015 4.36299947e-016 7.69876016e-004
 1.64610653e+003 2.57784218e-015 4.36700223e-016 7.69357187e-004
 1.65319962e+003 2.57399853e-015 4.37091869e-016 7.68838358e-004
 1.66029272e+003 2.57015802e-015 4.37474946e-016 7.68319531e-004
 1.66738582e+003 2.56632067e-015 4.37849514e-016 7.67800705e-004
 1.67447891e+003 2.56248647e-015 4.38215634e-016 7.67281880e-004
 1.68157201e+003 2.55865542e-015 4.38573366e-016 7.66763057e-004
 1.68866510e+003 2.55482751e-015 4.38922771e-016 7.66244235e-004
 1.69575820e+003 2.55100276e-015 4.39263908e-016 7.65725414e-004
 1.70285129e+003 2.54718115e-015 4.39596835e-016 7.65206595e-004
 1.70994439e+003 2.54336269e-015 4.39921613e-016 7.64687777e-004
 1.71703748e+003 2.53954738e-015 4.40238299e-016 7.64168961e-004
 1.72413058e+003 2.53573521e-015 4.40546952e-016 7.63650145e-004
 1.73122367e+003 2.53192619e-015 4.40847630e-016 7.63131332e-004
 1.73831677e+003 2.52812032e-015 4.41140389e-016 7.62612519e-004
 1.74540986e+003 2.52431759e-015 4.41425288e-016 7.62093708e-004
 1.75250296e+003 2.52051801e-015 4.41702383e-016 7.61574898e-004
 1.75959605e+003 2.51672157e-015 4.41971730e-016 7.61056090e-004
 1.76668915e+003 2.51292828e-015 4.42233385e-016 7.60537282e-004
 1.77378224e+003 2.50913813e-015 4.42487405e-016 7.60018477e-004
 1.78087534e+003 2.50535112e-015 4.42733844e-016 7.59499672e-004
 1.78796843e+003 2.50156726e-015 4.42972759e-016 7.58980869e-004
 1.79506153e+003 2.49778654e-015 4.43204203e-016 7.58462068e-004
 1.80215462e+003 2.49400895e-015 4.43428231e-016 7.57943267e-004
 1.80924772e+003 2.49023451e-015 4.43644898e-016 7.57424468e-004
 1.81634081e+003 2.48646322e-015 4.43854257e-016 7.56905671e-004
 1.82343391e+003 2.48269506e-015 4.44056361e-016 7.56386875e-004
 1.83052700e+003 2.47893004e-015 4.44251264e-016 7.55868080e-004
 1.83762010e+003 2.47516816e-015 4.44439019e-016 7.55349286e-004
 1.84471319e+003 2.47140942e-015 4.44619678e-016 7.54830494e-004
 1.85180629e+003 2.46765382e-015 4.44793293e-016 7.54311703e-004
 1.85889938e+003 2.46390135e-015 4.44959917e-016 7.53792914e-004
 1.86599248e+003 2.46015203e-015 4.45119600e-016 7.53274126e-004
 1.87308557e+003 2.45640584e-015 4.45272395e-016 7.52755340e-004
 1.88017867e+003 2.45266279e-015 4.45418352e-016 7.52236554e-004
 1.88727176e+003 2.44892287e-015 4.45557522e-016 7.51717771e-004
 1.89436486e+003 2.44518609e-015 4.45689954e-016 7.51198988e-004
 1.90145795e+003 2.44145244e-015 4.45815700e-016 7.50680207e-004
 1.90855105e+003 2.43772193e-015 4.45934809e-016 7.50161427e-004
 1.91564414e+003 2.43399456e-015 4.46047331e-016 7.49642649e-004
 1.92273724e+003 2.43027032e-015 4.46153314e-016 7.49123872e-004
 1.92983033e+003 2.42654921e-015 4.46252807e-016 7.48605097e-004
 1.93692343e+003 2.42283123e-015 4.46345860e-016 7.48086323e-004
 1.94401652e+003 2.41911639e-015 4.46432519e-016 7.47567550e-004
 1.95110962e+003 2.41540467e-015 4.46512834e-016 7.47048779e-004
 1.95820271e+003 2.41169609e-015 4.46586852e-016 7.46530009e-004
 1.96529581e+003 2.40799064e-015 4.46654620e-016 7.46011241e-004
 1.97238890e+003 2.40428832e-015 4.46716185e-016 7.45492474e-004
 1.97948200e+003 2.40058914e-015 4.46771595e-016 7.44973708e-004
 1.98657510e+003 2.39689308e-015 4.46820895e-016 7.44454944e-004
 1.99366819e+003 2.39320015e-015 4.46864132e-016 7.43936181e-004
 2.00076129e+003 2.38951034e-015 4.46901352e-016 7.43417420e-004
 2.00785438e+003 2.38582367e-015 4.46932601e-016 7.42898660e-004
 2.01494748e+003 2.38214012e-015 4.46957924e-016 7.42379901e-004
 2.02204057e+003 2.37845971e-015 4.46977366e-016 7.41861144e-004
 2.02913367e+003 2.37478241e-015 4.46990971e-016 7.41342389e-004
 2.03622676e+003 2.37110825e-015 4.46998786e-016 7.40823634e-004
 2.04331986e+003 2.36743721e-015 4.47000853e-016 7.40304882e-004
 2.05041295e+003 2.36376929e-015 4.46997217e-016 7.39786130e-004
 2.05750605e+003 2.36010451e-015 4.46987921e-016 7.39267380e-004
 2.06459914e+003 2.35644284e-015 4.46973010e-016 7.38748632e-004
 2.07169224e+003 2.35278430e-015 4.46952526e-016 7.38229885e-004
 2.07878533e+003 2.34912888e-015 4.46926512e-016 7.37711139e-004
 2.08587843e+003 2.34547659e-015 4.46895012e-016 7.37192395e-004
 2.09297152e+003 2.34182741e-015 4.46858066e-016 7.36673652e-004
 2.10006462e+003 2.33818136e-015 4.46815719e-016 7.36154911e-004
 2.10715771e+003 2.33453844e-015 4.46768010e-016 7.35636171e-004
 2.11425081e+003 2.33089863e-015 4.46714983e-016 7.35117433e-004
 2.12134390e+003 2.32726194e-015 4.46656678e-016 7.34598696e-004
 2.12843700e+003 2.32362837e-015 4.46593137e-016 7.34079960e-004
 2.13553009e+003 2.31999793e-015 4.46524400e-016 7.33561226e-004
 2.14262319e+003 2.31637060e-015 4.46450509e-016 7.33042493e-004
 2.14971628e+003 2.31274639e-015 4.46371503e-016 7.32523762e-004
 2.15680938e+003 2.30912530e-015 4.46287422e-016 7.32005033e-004
 2.16390247e+003 2.30550733e-015 4.46198307e-016 7.31486304e-004
 2.17099557e+003 2.30189247e-015 4.46104197e-016 7.30967578e-004
 2.17808866e+003 2.29828073e-015 4.46005132e-016 7.30448852e-004
 2.18518176e+003 2.29467211e-015 4.45901150e-016 7.29930129e-004
 2.19227485e+003 2.29106660e-015 4.45792291e-016 7.29411406e-004
 2.19936795e+003 2.28746421e-015 4.45678593e-016 7.28892685e-004
 2.20646104e+003 2.28386493e-015 4.45560095e-016 7.28373966e-004
 2.21355414e+003 2.28026877e-015 4.45436834e-016 7.27855248e-004
 2.22064723e+003 2.27667572e-015 4.45308849e-016 7.27336532e-004
 2.22774033e+003 2.27308579e-015 4.45176177e-016 7.26817817e-004
 2.23483342e+003 2.26949896e-015 4.45038856e-016 7.26299103e-004
 2.24192652e+003 2.26591525e-015 4.44896923e-016 7.25780391e-004
 2.24901961e+003 2.26233466e-015 4.44750416e-016 7.25261681e-004
 2.25611271e+003 2.25875717e-015 4.44599370e-016 7.24742972e-004
 2.26320580e+003 2.25518280e-015 4.44443822e-016 7.24224264e-004
 2.27029890e+003 2.25161153e-015 4.44283809e-016 7.23705558e-004
 2.27739199e+003 2.24804338e-015 4.44119366e-016 7.23186854e-004
 2.28448509e+003 2.24447833e-015 4.43950530e-016 7.22668151e-004
 2.29157818e+003 2.24091640e-015 4.43777337e-016 7.22149449e-004
 2.29867128e+003 2.23735757e-015 4.43599821e-016 7.21630749e-004
 2.30576437e+003 2.23380185e-015 4.43418017e-016 7.21112051e-004
 2.31285747e+003 2.23024924e-015 4.43231961e-016 7.20593354e-004
 2.31995057e+003 2.22669973e-015 4.43041688e-016 7.20074659e-004
 2.32704366e+003 2.22315334e-015 4.42847231e-016 7.19555965e-004
 2.33413676e+003 2.21961005e-015 4.42648626e-016 7.19037272e-004
 2.34122985e+003 2.21606986e-015 4.42445906e-016 7.18518581e-004
 2.34832295e+003 2.21253278e-015 4.42239105e-016 7.17999892e-004
 2.35541604e+003 2.20899881e-015 4.42028256e-016 7.17481204e-004
 2.36250914e+003 2.20546793e-015 4.41813394e-016 7.16962518e-004
 2.36960223e+003 2.20194017e-015 4.41594552e-016 7.16443833e-004
 2.37669533e+003 2.19841550e-015 4.41371762e-016 7.15925149e-004
 2.38378842e+003 2.19489394e-015 4.41145057e-016 7.15406468e-004
 2.39088152e+003 2.19137548e-015 4.40914469e-016 7.14887787e-004
 2.39797461e+003 2.18786013e-015 4.40680032e-016 7.14369109e-004
 2.40506771e+003 2.18434787e-015 4.40441778e-016 7.13850431e-004
 2.41216080e+003 2.18083872e-015 4.40199738e-016 7.13331756e-004
 2.41925390e+003 2.17733266e-015 4.39953943e-016 7.12813082e-004
 2.42634699e+003 2.17382971e-015 4.39704427e-016 7.12294409e-004
 2.43344009e+003 2.17032985e-015 4.39451220e-016 7.11775738e-004
 2.44053318e+003 2.16683310e-015 4.39194352e-016 7.11257069e-004
 2.44762628e+003 2.16333944e-015 4.38933856e-016 7.10738401e-004
 2.45471937e+003 2.15984888e-015 4.38669762e-016 7.10219734e-004
 2.46181247e+003 2.15636142e-015 4.38402101e-016 7.09701070e-004
 2.46890556e+003 2.15287705e-015 4.38130902e-016 7.09182406e-004
 2.47599866e+003 2.14939579e-015 4.37856196e-016 7.08663745e-004
 2.48309175e+003 2.14591761e-015 4.37578014e-016 7.08145085e-004
 2.49018485e+003 2.14244254e-015 4.37296384e-016 7.07626426e-004
 2.49727794e+003 2.13897056e-015 4.37011336e-016 7.07107769e-004
 2.50437104e+003 2.13550167e-015 4.36722901e-016 7.06589114e-004
 2.51146413e+003 2.13203587e-015 4.36431106e-016 7.06070460e-004
 2.51855723e+003 2.12857317e-015 4.36135982e-016 7.05551807e-004
 2.52565032e+003 2.12511357e-015 4.35837557e-016 7.05033157e-004
 2.53274342e+003 2.12165705e-015 4.35535859e-016 7.04514508e-004
 2.53983651e+003 2.11820363e-015 4.35230917e-016 7.03995860e-004
 2.54692961e+003 2.11475330e-015 4.34922760e-016 7.03477214e-004
 2.55402270e+003 2.11130606e-015 4.34611415e-016 7.02958570e-004
 2.56111580e+003 2.10786191e-015 4.34296911e-016 7.02439927e-004
 2.56820889e+003 2.10442086e-015 4.33979274e-016 7.01921286e-004
 2.57530199e+003 2.10098289e-015 4.33658534e-016 7.01402646e-004
 2.58239508e+003 2.09754801e-015 4.33334716e-016 7.00884008e-004
 2.58948818e+003 2.09411622e-015 4.33007849e-016 7.00365372e-004
 2.59658127e+003 2.09068751e-015 4.32677960e-016 6.99846737e-004
 2.60367437e+003 2.08726190e-015 4.32345074e-016 6.99328103e-004
 2.61076746e+003 2.08383937e-015 4.32009219e-016 6.98809472e-004
 2.61786056e+003 2.08041993e-015 4.31670422e-016 6.98290842e-004
 2.62495365e+003 2.07700357e-015 4.31328708e-016 6.97772213e-004
 2.63204675e+003 2.07359030e-015 4.30984105e-016 6.97253587e-004
 2.63913985e+003 2.07018012e-015 4.30636637e-016 6.96734961e-004
 2.64623294e+003 2.06677302e-015 4.30286331e-016 6.96216338e-004
 2.65332604e+003 2.06336900e-015 4.29933212e-016 6.95697716e-004
 2.66041913e+003 2.05996807e-015 4.29577306e-016 6.95179095e-004
 2.66751223e+003 2.05657022e-015 4.29218638e-016 6.94660477e-004
 2.67460532e+003 2.05317546e-015 4.28857234e-016 6.94141860e-004
 2.68169842e+003 2.04978377e-015 4.28493117e-016 6.93623244e-004
 2.68879151e+003 2.04639517e-015 4.28126314e-016 6.93104630e-004
 2.69588461e+003 2.04300965e-015 4.27756849e-016 6.92586018e-004
 2.70297770e+003 2.03962721e-015 4.27384746e-016 6.92067408e-004
 2.71007080e+003 2.03624785e-015 4.27010030e-016 6.91548799e-004
 2.71716389e+003 2.03287157e-015 4.26632724e-016 6.91030191e-004
 2.72425699e+003 2.02949837e-015 4.26252854e-016 6.90511586e-004
 2.73135008e+003 2.02612824e-015 4.25870442e-016 6.89992982e-004
 2.73844318e+003 2.02276120e-015 4.25485512e-016 6.89474379e-004
 2.74553627e+003 2.01939723e-015 4.25098088e-016 6.88955778e-004
 2.75262937e+003 2.01603634e-015 4.24708194e-016 6.88437179e-004
 2.75972246e+003 2.01267853e-015 4.24315852e-016 6.87918582e-004
 2.76681556e+003 2.00932380e-015 4.23921086e-016 6.87399986e-004
 2.77390865e+003 2.00597213e-015 4.23523918e-016 6.86881392e-004
 2.78100175e+003 2.00262355e-015 4.23124372e-016 6.86362800e-004
 2.78809484e+003 1.99927804e-015 4.22722469e-016 6.85844209e-004
 2.79518794e+003 1.99593560e-015 4.22318233e-016 6.85325620e-004
 2.80228103e+003 1.99259624e-015 4.21911686e-016 6.84807032e-004
 2.80937413e+003 1.98925995e-015 4.21502850e-016 6.84288447e-004
 2.81646722e+003 1.98592673e-015 4.21091747e-016 6.83769862e-004
 2.82356032e+003 1.98259659e-015 4.20678398e-016 6.83251280e-004
 2.83065341e+003 1.97926951e-015 4.20262826e-016 6.82732699e-004
 2.83774651e+003 1.97594551e-015 4.19845053e-016 6.82214120e-004
 2.84483960e+003 1.97262458e-015 4.19425099e-016 6.81695543e-004
 2.85193270e+003 1.96930672e-015 4.19002986e-016 6.81176967e-004
 2.85902579e+003 1.96599193e-015 4.18578735e-016 6.80658393e-004
 2.86611889e+003 1.96268021e-015 4.18152367e-016 6.80139821e-004
 2.87321198e+003 1.95937155e-015 4.17723903e-016 6.79621250e-004
 2.88030508e+003 1.95606597e-015 4.17293364e-016 6.79102681e-004
 2.88739817e+003 1.95276345e-015 4.16860771e-016 6.78584114e-004
 2.89449127e+003 1.94946400e-015 4.16426143e-016 6.78065548e-004
 2.90158436e+003 1.94616761e-015 4.15989501e-016 6.77546985e-004
 2.90867746e+003 1.94287429e-015 4.15550866e-016 6.77028423e-004
 2.91577055e+003 1.93958404e-015 4.15110256e-016 6.76509862e-004
 2.92286365e+003 1.93629686e-015 4.14667694e-016 6.75991303e-004
 2.92995674e+003 1.93301273e-015 4.14223197e-016 6.75472746e-004
 2.93704984e+003 1.92973167e-015 4.13776786e-016 6.74954191e-004
 2.94414293e+003 1.92645368e-015 4.13328480e-016 6.74435638e-004
 2.95123603e+003 1.92317875e-015 4.12878299e-016 6.73917086e-004
 2.95832912e+003 1.91990688e-015 4.12426262e-016 6.73398536e-004
 2.96542222e+003 1.91663807e-015 4.11972388e-016 6.72879987e-004
 2.97251532e+003 1.91337232e-015 4.11516695e-016 6.72361441e-004
 2.97960841e+003 1.91010964e-015 4.11059204e-016 6.71842896e-004
 2.98670151e+003 1.90685001e-015 4.10599932e-016 6.71324353e-004
 2.99379460e+003 1.90359345e-015 4.10138898e-016 6.70805811e-004
 3.00088770e+003 1.90033995e-015 4.09676121e-016 6.70287272e-004
 3.00798079e+003 1.89708950e-015 4.09211620e-016 6.69768734e-004
 3.01507389e+003 1.89384211e-015 4.08745411e-016 6.69250197e-004
 3.02216698e+003 1.89059778e-015 4.08277514e-016 6.68731663e-004
 3.02926008e+003 1.88735651e-015 4.07807946e-016 6.68213130e-004
 3.03635317e+003 1.88411830e-015 4.07336725e-016 6.67694599e-004
 3.04344627e+003 1.88088314e-015 4.06863870e-016 6.67176070e-004
 3.05053936e+003 1.87765103e-015 4.06389396e-016 6.66657543e-004
 3.05763246e+003 1.87442199e-015 4.05913323e-016 6.66139017e-004
 3.06472555e+003 1.87119600e-015 4.05435668e-016 6.65620493e-004
 3.07181865e+003 1.86797306e-015 4.04956447e-016 6.65101971e-004
 3.07891174e+003 1.86475317e-015 4.04475678e-016 6.64583451e-004
 3.08600484e+003 1.86153634e-015 4.03993378e-016 6.64064932e-004
 3.09309793e+003 1.85832256e-015 4.03509564e-016 6.63546415e-004
 3.10019103e+003 1.85511184e-015 4.03024252e-016 6.63027900e-004
 3.10728412e+003 1.85190416e-015 4.02537460e-016 6.62509387e-004
 3.11437722e+003 1.84869954e-015 4.02049203e-016 6.61990876e-004
 3.12147031e+003 1.84549797e-015 4.01559499e-016 6.61472366e-004
 3.12856341e+003 1.84229945e-015 4.01068363e-016 6.60953858e-004
 3.13565650e+003 1.83910398e-015 4.00575812e-016 6.60435352e-004
 3.14274960e+003 1.83591155e-015 4.00081862e-016 6.59916848e-004
 3.14984269e+003 1.83272218e-015 3.99586529e-016 6.59398345e-004
 3.15693579e+003 1.82953585e-015 3.99089828e-016 6.58879844e-004
 3.16402888e+003 1.82635258e-015 3.98591776e-016 6.58361346e-004
 3.17112198e+003 1.82317234e-015 3.98092389e-016 6.57842848e-004
 3.17821507e+003 1.81999516e-015 3.97591681e-016 6.57324353e-004
 3.18530817e+003 1.81682102e-015 3.97089669e-016 6.56805860e-004
 3.19240126e+003 1.81364993e-015 3.96586367e-016 6.56287368e-004
 3.19949436e+003 1.81048188e-015 3.96081790e-016 6.55768878e-004
 3.20658745e+003 1.80731688e-015 3.95575955e-016 6.55250390e-004
 3.21368055e+003 1.80415492e-015 3.95068876e-016 6.54731904e-004
 3.22077364e+003 1.80099600e-015 3.94560568e-016 6.54213420e-004
 3.22786674e+003 1.79784013e-015 3.94051045e-016 6.53694937e-004
 3.23495983e+003 1.79468730e-015 3.93540323e-016 6.53176456e-004
 3.24205293e+003 1.79153751e-015 3.93028415e-016 6.52657978e-004
 3.24914602e+003 1.78839076e-015 3.92515338e-016 6.52139501e-004
 3.25623912e+003 1.78524706e-015 3.92001104e-016 6.51621025e-004
 3.26333221e+003 1.78210639e-015 3.91485728e-016 6.51102552e-004
 3.27042531e+003 1.77896877e-015 3.90969225e-016 6.50584081e-004
 3.27751840e+003 1.77583418e-015 3.90451608e-016 6.50065611e-004
 3.28461150e+003 1.77270263e-015 3.89932892e-016 6.49547143e-004
 3.29170460e+003 1.76957412e-015 3.89413090e-016 6.49028677e-004
 3.29879769e+003 1.76644865e-015 3.88892217e-016 6.48510213e-004
 3.30589079e+003 1.76332621e-015 3.88370285e-016 6.47991751e-004
 3.31298388e+003 1.76020682e-015 3.87847309e-016 6.47473291e-004
 3.32007698e+003 1.75709045e-015 3.87323302e-016 6.46954832e-004
 3.32717007e+003 1.75397713e-015 3.86798278e-016 6.46436376e-004
 3.33426317e+003 1.75086684e-015 3.86272249e-016 6.45917921e-004
 3.34135626e+003 1.74775958e-015 3.85745229e-016 6.45399468e-004
 3.34844936e+003 1.74465536e-015 3.85217232e-016 6.44881017e-004
 3.35554245e+003 1.74155417e-015 3.84688270e-016 6.44362568e-004
 3.36263555e+003 1.73845601e-015 3.84158356e-016 6.43844121e-004
 3.36972864e+003 1.73536089e-015 3.83627503e-016 6.43325675e-004
 3.37682174e+003 1.73226880e-015 3.83095724e-016 6.42807232e-004
 3.38391483e+003 1.72917974e-015 3.82563031e-016 6.42288790e-004
 3.39100793e+003 1.72609371e-015 3.82029437e-016 6.41770351e-004
 3.39810102e+003 1.72301071e-015 3.81494955e-016 6.41251913e-004
 3.40519412e+003 1.71993074e-015 3.80959597e-016 6.40733477e-004
 3.41228721e+003 1.71685380e-015 3.80423376e-016 6.40215043e-004
 3.41938031e+003 1.71377989e-015 3.79886302e-016 6.39696611e-004
 3.42647340e+003 1.71070901e-015 3.79348390e-016 6.39178181e-004
 3.43356650e+003 1.70764115e-015 3.78809650e-016 6.38659753e-004
 3.44065959e+003 1.70457632e-015 3.78270095e-016 6.38141327e-004
 3.44775269e+003 1.70151452e-015 3.77729736e-016 6.37622902e-004
 3.45484578e+003 1.69845575e-015 3.77188586e-016 6.37104480e-004
 3.46193888e+003 1.69540000e-015 3.76646656e-016 6.36586060e-004
 3.46903197e+003 1.69234727e-015 3.76103957e-016 6.36067641e-004
 3.47612507e+003 1.68929757e-015 3.75560502e-016 6.35549224e-004
 3.48321816e+003 1.68625089e-015 3.75016302e-016 6.35030810e-004
 3.49031126e+003 1.68320724e-015 3.74471368e-016 6.34512397e-004
 3.49740435e+003 1.68016661e-015 3.73925711e-016 6.33993986e-004
 3.50449745e+003 1.67712900e-015 3.73379343e-016 6.33475577e-004
 3.51159054e+003 1.67409442e-015 3.72832274e-016 6.32957170e-004
 3.51868364e+003 1.67106285e-015 3.72284517e-016 6.32438765e-004
 3.52577673e+003 1.66803431e-015 3.71736081e-016 6.31920362e-004
 3.53286983e+003 1.66500879e-015 3.71186978e-016 6.31401961e-004
 3.53996292e+003 1.66198628e-015 3.70637218e-016 6.30883562e-004
 3.54705602e+003 1.65896680e-015 3.70086813e-016 6.30365165e-004
 3.55414911e+003 1.65595033e-015 3.69535772e-016 6.29846770e-004
 3.56124221e+003 1.65293688e-015 3.68984107e-016 6.29328377e-004
 3.56833530e+003 1.64992645e-015 3.68431828e-016 6.28809986e-004
 3.57542840e+003 1.64691904e-015 3.67878945e-016 6.28291597e-004
 3.58252149e+003 1.64391464e-015 3.67325469e-016 6.27773209e-004
 3.58961459e+003 1.64091326e-015 3.66771411e-016 6.27254824e-004
 3.59670768e+003 1.63791489e-015 3.66216779e-016 6.26736441e-004
 3.60380078e+003 1.63491954e-015 3.65661585e-016 6.26218060e-004
 3.61089387e+003 1.63192721e-015 3.65105838e-016 6.25699681e-004
 3.61798697e+003 1.62893788e-015 3.64549549e-016 6.25181303e-004
 3.62508007e+003 1.62595157e-015 3.63992727e-016 6.24662928e-004
 3.63217316e+003 1.62296828e-015 3.63435382e-016 6.24144555e-004
 3.63926626e+003 1.61998799e-015 3.62877523e-016 6.23626184e-004
 3.64635935e+003 1.61701072e-015 3.62319162e-016 6.23107814e-004
 3.65345245e+003 1.61403646e-015 3.61760307e-016 6.22589447e-004
 3.66054554e+003 1.61106520e-015 3.61200967e-016 6.22071082e-004
 3.66763864e+003 1.60809696e-015 3.60641153e-016 6.21552719e-004
 3.67473173e+003 1.60513173e-015 3.60080873e-016 6.21034358e-004
 3.68182483e+003 1.60216951e-015 3.59520137e-016 6.20515999e-004
 3.68891792e+003 1.59921029e-015 3.58958955e-016 6.19997641e-004
 3.69601102e+003 1.59625408e-015 3.58397335e-016 6.19479286e-004
 3.70310411e+003 1.59330088e-015 3.57835286e-016 6.18960933e-004
 3.71019721e+003 1.59035069e-015 3.57272818e-016 6.18442582e-004
 3.71729030e+003 1.58740350e-015 3.56709940e-016 6.17924234e-004
 3.72438340e+003 1.58445932e-015 3.56146660e-016 6.17405887e-004
 3.73147649e+003 1.58151814e-015 3.55582988e-016 6.16887542e-004
 3.73856959e+003 1.57857997e-015 3.55018931e-016 6.16369199e-004
 3.74566268e+003 1.57564480e-015 3.54454500e-016 6.15850858e-004
 3.75275578e+003 1.57271264e-015 3.53889702e-016 6.15332520e-004
 3.75984887e+003 1.56978347e-015 3.53324547e-016 6.14814183e-004
 3.76694197e+003 1.56685731e-015 3.52759042e-016 6.14295849e-004
 3.77403506e+003 1.56393416e-015 3.52193196e-016 6.13777516e-004
 3.78112816e+003 1.56101400e-015 3.51627018e-016 6.13259186e-004
 3.78822125e+003 1.55809684e-015 3.51060516e-016 6.12740858e-004
 3.79531435e+003 1.55518269e-015 3.50493699e-016 6.12222532e-004
 3.80240744e+003 1.55227153e-015 3.49926573e-016 6.11704207e-004
 3.80950054e+003 1.54936337e-015 3.49359148e-016 6.11185885e-004
 3.81659363e+003 1.54645821e-015 3.48791432e-016 6.10667566e-004
 3.82368673e+003 1.54355605e-015 3.48223433e-016 6.10149248e-004
 3.83077982e+003 1.54065689e-015 3.47655158e-016 6.09630932e-004
 3.83787292e+003 1.53776072e-015 3.47086616e-016 6.09112618e-004
 3.84496601e+003 1.53486755e-015 3.46517815e-016 6.08594307e-004
 3.85205911e+003 1.53197738e-015 3.45948761e-016 6.08075998e-004
 3.85915220e+003 1.52909020e-015 3.45379464e-016 6.07557690e-004
 3.86624530e+003 1.52620601e-015 3.44809930e-016 6.07039385e-004
 3.87333839e+003 1.52332482e-015 3.44240168e-016 6.06521082e-004
 3.88043149e+003 1.52044662e-015 3.43670185e-016 6.06002781e-004
 3.88752458e+003 1.51757142e-015 3.43099988e-016 6.05484482e-004
 3.89461768e+003 1.51469920e-015 3.42529584e-016 6.04966186e-004
 3.90171077e+003 1.51182998e-015 3.41958982e-016 6.04447891e-004
 3.90880387e+003 1.50896375e-015 3.41388189e-016 6.03929599e-004
 3.91589696e+003 1.50610051e-015 3.40817211e-016 6.03411309e-004
 3.92299006e+003 1.50324027e-015 3.40246056e-016 6.02893021e-004
 3.93008315e+003 1.50038301e-015 3.39674732e-016 6.02374735e-004
 3.93717625e+003 1.49752874e-015 3.39103245e-016 6.01856451e-004
 3.94426935e+003 1.49467746e-015 3.38531602e-016 6.01338169e-004
 3.95136244e+003 1.49182916e-015 3.37959810e-016 6.00819890e-004
 3.95845554e+003 1.48898386e-015 3.37387877e-016 6.00301613e-004
 3.96554863e+003 1.48614154e-015 3.36815809e-016 5.99783338e-004
 3.97264173e+003 1.48330220e-015 3.36243613e-016 5.99265065e-004
 3.97973482e+003 1.48046586e-015 3.35671296e-016 5.98746794e-004
 3.98682792e+003 1.47763249e-015 3.35098865e-016 5.98228525e-004
 3.99392101e+003 1.47480212e-015 3.34526326e-016 5.97710259e-004
 4.00101411e+003 1.47197472e-015 3.33953686e-016 5.97191995e-004
 4.00810720e+003 1.46915031e-015 3.33380951e-016 5.96673733e-004
 4.01520030e+003 1.46632888e-015 3.32808128e-016 5.96155473e-004
 4.02229339e+003 1.46351044e-015 3.32235224e-016 5.95637215e-004
 4.02938649e+003 1.46069498e-015 3.31662244e-016 5.95118960e-004
 4.03647958e+003 1.45788249e-015 3.31089196e-016 5.94600707e-004
 4.04357268e+003 1.45507299e-015 3.30516086e-016 5.94082456e-004
 4.05066577e+003 1.45226647e-015 3.29942919e-016 5.93564207e-004
 4.05775887e+003 1.44946293e-015 3.29369703e-016 5.93045961e-004
 4.06485196e+003 1.44666236e-015 3.28796443e-016 5.92527716e-004
 4.07194506e+003 1.44386478e-015 3.28223145e-016 5.92009474e-004
 4.07903815e+003 1.44107017e-015 3.27649816e-016 5.91491234e-004
 4.08613125e+003 1.43827854e-015 3.27076461e-016 5.90972997e-004
 4.09322434e+003 1.43548989e-015 3.26503087e-016 5.90454761e-004
 4.10031744e+003 1.43270421e-015 3.25929700e-016 5.89936528e-004
 4.10741053e+003 1.42992151e-015 3.25356305e-016 5.89418297e-004
 4.11450363e+003 1.42714178e-015 3.24782908e-016 5.88900069e-004
 4.12159672e+003 1.42436503e-015 3.24209516e-016 5.88381842e-004
 4.12868982e+003 1.42159125e-015 3.23636133e-016 5.87863618e-004
 4.13578291e+003 1.41882045e-015 3.23062766e-016 5.87345396e-004
 4.14287601e+003 1.41605262e-015 3.22489420e-016 5.86827177e-004
 4.14996910e+003 1.41328776e-015 3.21916100e-016 5.86308959e-004
 4.15706220e+003 1.41052587e-015 3.21342814e-016 5.85790744e-004
 4.16415529e+003 1.40776695e-015 3.20769565e-016 5.85272532e-004
 4.17124839e+003 1.40501100e-015 3.20196359e-016 5.84754321e-004
 4.17834148e+003 1.40225803e-015 3.19623203e-016 5.84236113e-004
 4.18543458e+003 1.39950802e-015 3.19050101e-016 5.83717907e-004
 4.19252767e+003 1.39676098e-015 3.18477058e-016 5.83199703e-004
 4.19962077e+003 1.39401691e-015 3.17904081e-016 5.82681502e-004
 4.20671386e+003 1.39127580e-015 3.17331173e-016 5.82163303e-004
 4.21380696e+003 1.38853767e-015 3.16758341e-016 5.81645106e-004
 4.22090005e+003 1.38580250e-015 3.16185590e-016 5.81126912e-004
 4.22799315e+003 1.38307029e-015 3.15612925e-016 5.80608720e-004
 4.23508624e+003 1.38034105e-015 3.15040351e-016 5.80090530e-004
 4.24217934e+003 1.37761478e-015 3.14467872e-016 5.79572343e-004
 4.24927243e+003 1.37489147e-015 3.13895495e-016 5.79054158e-004
 4.25636553e+003 1.37217112e-015 3.13323224e-016 5.78535975e-004
 4.26345862e+003 1.36945374e-015 3.12751063e-016 5.78017794e-004
 4.27055172e+003 1.36673932e-015 3.12179019e-016 5.77499616e-004
 4.27764482e+003 1.36402786e-015 3.11607095e-016 5.76981440e-004
 4.28473791e+003 1.36131936e-015 3.11035297e-016 5.76463267e-004
 4.29183101e+003 1.35861382e-015 3.10463629e-016 5.75945096e-004
 4.29892410e+003 1.35591124e-015 3.09892097e-016 5.75426927e-004
 4.30601720e+003 1.35321162e-015 3.09320704e-016 5.74908761e-004
 4.31311029e+003 1.35051497e-015 3.08749456e-016 5.74390597e-004
 4.32020339e+003 1.34782126e-015 3.08178356e-016 5.73872435e-004
 4.32729648e+003 1.34513052e-015 3.07607411e-016 5.73354276e-004
 4.33438958e+003 1.34244274e-015 3.07036624e-016 5.72836119e-004
 4.34148267e+003 1.33975791e-015 3.06465999e-016 5.72317965e-004
 4.34857577e+003 1.33707603e-015 3.05895542e-016 5.71799813e-004
 4.35566886e+003 1.33439711e-015 3.05325257e-016 5.71281663e-004
 4.36276196e+003 1.33172115e-015 3.04755148e-016 5.70763516e-004
 4.36985505e+003 1.32904814e-015 3.04185219e-016 5.70245371e-004
 4.37694815e+003 1.32637809e-015 3.03615476e-016 5.69727228e-004
 4.38404124e+003 1.32371099e-015 3.03045921e-016 5.69209088e-004
 4.39113434e+003 1.32104684e-015 3.02476560e-016 5.68690950e-004
 4.39822743e+003 1.31838564e-015 3.01907397e-016 5.68172815e-004
 4.40532053e+003 1.31572739e-015 3.01338435e-016 5.67654682e-004
 4.41241362e+003 1.31307210e-015 3.00769680e-016 5.67136552e-004
 4.41950672e+003 1.31041975e-015 3.00201135e-016 5.66618424e-004
 4.42659981e+003 1.30777036e-015 2.99632804e-016 5.66100298e-004
 4.43369291e+003 1.30512391e-015 2.99064691e-016 5.65582175e-004
 4.44078600e+003 1.30248041e-015 2.98496801e-016 5.65064055e-004
 4.44787910e+003 1.29983986e-015 2.97929137e-016 5.64545936e-004
 4.45497219e+003 1.29720226e-015 2.97361704e-016 5.64027821e-004
 4.46206529e+003 1.29456760e-015 2.96794504e-016 5.63509707e-004
 4.46915838e+003 1.29193589e-015 2.96227543e-016 5.62991596e-004
 4.47625148e+003 1.28930713e-015 2.95660824e-016 5.62473488e-004
 4.48334457e+003 1.28668131e-015 2.95094351e-016 5.61955382e-004
 4.49043767e+003 1.28405843e-015 2.94528128e-016 5.61437279e-004
 4.49753076e+003 1.28143850e-015 2.93962157e-016 5.60919178e-004
 4.50462386e+003 1.27882151e-015 2.93396444e-016 5.60401079e-004
 4.51171695e+003 1.27620746e-015 2.92830992e-016 5.59882983e-004
 4.51881005e+003 1.27359636e-015 2.92265805e-016 5.59364890e-004
 4.52590314e+003 1.27098820e-015 2.91700885e-016 5.58846799e-004
 4.53299624e+003 1.26838297e-015 2.91136238e-016 5.58328710e-004
 4.54008933e+003 1.26578069e-015 2.90571866e-016 5.57810624e-004
 4.54718243e+003 1.26318135e-015 2.90007772e-016 5.57292541e-004
 4.55427552e+003 1.26058494e-015 2.89443962e-016 5.56774460e-004
 4.56136862e+003 1.25799148e-015 2.88880437e-016 5.56256381e-004
 4.56846171e+003 1.25540095e-015 2.88317201e-016 5.55738305e-004
 4.57555481e+003 1.25281336e-015 2.87754258e-016 5.55220232e-004
 4.58264790e+003 1.25022871e-015 2.87191612e-016 5.54702161e-004
 4.58974100e+003 1.24764699e-015 2.86629265e-016 5.54184093e-004
 4.59683410e+003 1.24506821e-015 2.86067221e-016 5.53666027e-004
 4.60392719e+003 1.24249236e-015 2.85505484e-016 5.53147964e-004
 4.61102029e+003 1.23991945e-015 2.84944056e-016 5.52629903e-004
 4.61811338e+003 1.23734947e-015 2.84382940e-016 5.52111845e-004
 4.62520648e+003 1.23478242e-015 2.83822141e-016 5.51593789e-004
 4.63229957e+003 1.23221831e-015 2.83261661e-016 5.51075736e-004
 4.63939267e+003 1.22965713e-015 2.82701504e-016 5.50557686e-004
 4.64648576e+003 1.22709888e-015 2.82141672e-016 5.50039638e-004
 4.65357886e+003 1.22454356e-015 2.81582169e-016 5.49521593e-004
 4.66067195e+003 1.22199117e-015 2.81022997e-016 5.49003550e-004
 4.66776505e+003 1.21944170e-015 2.80464161e-016 5.48485510e-004
 4.67485814e+003 1.21689517e-015 2.79905662e-016 5.47967472e-004
 4.68195124e+003 1.21435157e-015 2.79347504e-016 5.47449437e-004
 4.68904433e+003 1.21181089e-015 2.78789691e-016 5.46931405e-004
 4.69613743e+003 1.20927314e-015 2.78232224e-016 5.46413375e-004
 4.70323052e+003 1.20673832e-015 2.77675107e-016 5.45895348e-004
 4.71032362e+003 1.20420642e-015 2.77118342e-016 5.45377324e-004
 4.71741671e+003 1.20167745e-015 2.76561933e-016 5.44859302e-004
 4.72450981e+003 1.19915140e-015 2.76005883e-016 5.44341283e-004
 4.73160290e+003 1.19662828e-015 2.75450194e-016 5.43823266e-004
 4.73869600e+003 1.19410808e-015 2.74894869e-016 5.43305252e-004
 4.74578909e+003 1.19159080e-015 2.74339911e-016 5.42787241e-004
 4.75288219e+003 1.18907645e-015 2.73785323e-016 5.42269233e-004
 4.75997528e+003 1.18656502e-015 2.73231107e-016 5.41751227e-004
 4.76706838e+003 1.18405650e-015 2.72677267e-016 5.41233223e-004
 4.77416147e+003 1.18155091e-015 2.72123804e-016 5.40715223e-004
 4.78125457e+003 1.17904824e-015 2.71570721e-016 5.40197225e-004
 4.78834766e+003 1.17654849e-015 2.71018022e-016 5.39679229e-004
 4.79544076e+003 1.17405165e-015 2.70465708e-016 5.39161237e-004
 4.80253385e+003 1.17155774e-015 2.69913783e-016 5.38643247e-004
 4.80962695e+003 1.16906674e-015 2.69362249e-016 5.38125260e-004
 4.81672004e+003 1.16657865e-015 2.68811108e-016 5.37607275e-004
 4.82381314e+003 1.16409349e-015 2.68260363e-016 5.37089293e-004
 4.83090623e+003 1.16161124e-015 2.67710017e-016 5.36571314e-004
 4.83799933e+003 1.15913190e-015 2.67160071e-016 5.36053338e-004
 4.84509242e+003 1.15665548e-015 2.66610529e-016 5.35535364e-004
 4.85218552e+003 1.15418197e-015 2.66061393e-016 5.35017393e-004
 4.85927861e+003 1.15171138e-015 2.65512665e-016 5.34499425e-004
 4.86637171e+003 1.14924369e-015 2.64964348e-016 5.33981459e-004
 4.87346480e+003 1.14677892e-015 2.64416444e-016 5.33463497e-004
 4.88055790e+003 1.14431706e-015 2.63868955e-016 5.32945537e-004
 4.88765099e+003 1.14185811e-015 2.63321884e-016 5.32427579e-004
 4.89474409e+003 1.13940207e-015 2.62775233e-016 5.31909625e-004
 4.90183718e+003 1.13694894e-015 2.62229004e-016 5.31391673e-004
 4.90893028e+003 1.13449872e-015 2.61683200e-016 5.30873724e-004
 4.91602337e+003 1.13205141e-015 2.61137823e-016 5.30355778e-004
 4.92311647e+003 1.12960700e-015 2.60592875e-016 5.29837834e-004
 4.93020957e+003 1.12716551e-015 2.60048358e-016 5.29319894e-004
 4.93730266e+003 1.12472691e-015 2.59504274e-016 5.28801956e-004
 4.94439576e+003 1.12229123e-015 2.58960626e-016 5.28284021e-004
 4.95148885e+003 1.11985844e-015 2.58417416e-016 5.27766088e-004
 4.95858195e+003 1.11742857e-015 2.57874646e-016 5.27248159e-004
 4.96567504e+003 1.11500159e-015 2.57332318e-016 5.26730232e-004
 4.97276814e+003 1.11257752e-015 2.56790434e-016 5.26212308e-004
 4.97986123e+003 1.11015635e-015 2.56248995e-016 5.25694387e-004
 4.98695433e+003 1.10773809e-015 2.55708006e-016 5.25176469e-004
 4.99404742e+003 1.10532272e-015 2.55167466e-016 5.24658553e-004
 5.00114052e+003 1.10291026e-015 2.54627379e-016 5.24140641e-004
 5.00823361e+003 1.10050070e-015 2.54087745e-016 5.23622731e-004
 5.01532671e+003 1.09809403e-015 2.53548568e-016 5.23104824e-004
 5.02241980e+003 1.09569027e-015 2.53009850e-016 5.22586920e-004
 5.02951290e+003 1.09328940e-015 2.52471591e-016 5.22069019e-004
 5.03660599e+003 1.09089143e-015 2.51933794e-016 5.21551121e-004
 5.04369909e+003 1.08849635e-015 2.51396461e-016 5.21033225e-004
 5.05079218e+003 1.08610418e-015 2.50859594e-016 5.20515333e-004
 5.05788528e+003 1.08371490e-015 2.50323195e-016 5.19997443e-004
 5.06497837e+003 1.08132851e-015 2.49787265e-016 5.19479556e-004
 5.07207147e+003 1.07894502e-015 2.49251806e-016 5.18961672e-004
 5.07916456e+003 1.07656442e-015 2.48716820e-016 5.18443791e-004
 5.08625766e+003 1.07418671e-015 2.48182310e-016 5.17925913e-004
 5.09335075e+003 1.07181190e-015 2.47648276e-016 5.17408038e-004
 5.10044385e+003 1.06943998e-015 2.47114720e-016 5.16890166e-004
 5.10753694e+003 1.06707095e-015 2.46581645e-016 5.16372296e-004
 5.11463004e+003 1.06470481e-015 2.46049052e-016 5.15854430e-004
 5.12172313e+003 1.06234156e-015 2.45516942e-016 5.15336566e-004
 5.12881623e+003 1.05998120e-015 2.44985318e-016 5.14818706e-004
 5.13590932e+003 1.05762373e-015 2.44454180e-016 5.14300848e-004
 5.14300242e+003 1.05526915e-015 2.43923532e-016 5.13782993e-004
 5.15009551e+003 1.05291746e-015 2.43393373e-016 5.13265142e-004
 5.15718861e+003 1.05056865e-015 2.42863707e-016 5.12747293e-004
 5.16428170e+003 1.04822273e-015 2.42334534e-016 5.12229447e-004
 5.17137480e+003 1.04587969e-015 2.41805857e-016 5.11711604e-004
 5.17846789e+003 1.04353954e-015 2.41277676e-016 5.11193764e-004
 5.18556099e+003 1.04120227e-015 2.40749993e-016 5.10675928e-004
 5.19265408e+003 1.03886789e-015 2.40222810e-016 5.10158094e-004
 5.19974718e+003 1.03653639e-015 2.39696129e-016 5.09640263e-004
 5.20684027e+003 1.03420777e-015 2.39169950e-016 5.09122435e-004
 5.21393337e+003 1.03188203e-015 2.38644276e-016 5.08604610e-004
 5.22102646e+003 1.02955918e-015 2.38119108e-016 5.08086788e-004
 5.22811956e+003 1.02723920e-015 2.37594448e-016 5.07568969e-004
 5.23521265e+003 1.02492211e-015 2.37070296e-016 5.07051154e-004
 5.24230575e+003 1.02260789e-015 2.36546654e-016 5.06533341e-004
 5.24939885e+003 1.02029655e-015 2.36023524e-016 5.06015531e-004
 5.25649194e+003 1.01798809e-015 2.35500908e-016 5.05497724e-004
 5.26358504e+003 1.01568251e-015 2.34978805e-016 5.04979921e-004
 5.27067813e+003 1.01337980e-015 2.34457219e-016 5.04462120e-004
 5.27777123e+003 1.01107997e-015 2.33936150e-016 5.03944323e-004
 5.28486432e+003 1.00878302e-015 2.33415600e-016 5.03426528e-004
 5.29195742e+003 1.00648894e-015 2.32895570e-016 5.02908737e-004
 5.29905051e+003 1.00419773e-015 2.32376061e-016 5.02390949e-004
 5.30614361e+003 1.00190940e-015 2.31857075e-016 5.01873164e-004
 5.31323670e+003 9.99623942e-016 2.31338613e-016 5.01355381e-004
 5.32032980e+003 9.97341355e-016 2.30820677e-016 5.00837602e-004
 5.32742289e+003 9.95061639e-016 2.30303266e-016 5.00319827e-004
 5.33451599e+003 9.92784793e-016 2.29786384e-016 4.99802054e-004
 5.34160908e+003 9.90510818e-016 2.29270031e-016 4.99284284e-004
 5.34870218e+003 9.88239712e-016 2.28754208e-016 4.98766518e-004
 5.35579527e+003 9.85971475e-016 2.28238917e-016 4.98248754e-004
 5.36288837e+003 9.83706107e-016 2.27724158e-016 4.97730994e-004
 5.36998146e+003 9.81443606e-016 2.27209934e-016 4.97213237e-004
 5.37707456e+003 9.79183971e-016 2.26696245e-016 4.96695483e-004
 5.38416765e+003 9.76927203e-016 2.26183092e-016 4.96177732e-004
 5.39126075e+003 9.74673301e-016 2.25670476e-016 4.95659985e-004
 5.39835384e+003 9.72422264e-016 2.25158400e-016 4.95142240e-004
 5.40544694e+003 9.70174091e-016 2.24646863e-016 4.94624499e-004
 5.41254003e+003 9.67928781e-016 2.24135867e-016 4.94106761e-004
 5.41963313e+003 9.65686335e-016 2.23625413e-016 4.93589026e-004
 5.42672622e+003 9.63446750e-016 2.23115503e-016 4.93071294e-004
 5.43381932e+003 9.61210028e-016 2.22606137e-016 4.92553566e-004
 5.44091241e+003 9.58976166e-016 2.22097316e-016 4.92035841e-004
 5.44800551e+003 9.56745165e-016 2.21589042e-016 4.91518119e-004
 5.45509860e+003 9.54517024e-016 2.21081315e-016 4.91000400e-004
 5.46219170e+003 9.52291741e-016 2.20574137e-016 4.90482684e-004
 5.46928479e+003 9.50069317e-016 2.20067508e-016 4.89964972e-004
 5.47637789e+003 9.47849751e-016 2.19561430e-016 4.89447263e-004
 5.48347098e+003 9.45633042e-016 2.19055904e-016 4.88929557e-004
 5.49056408e+003 9.43419189e-016 2.18550930e-016 4.88411854e-004
 5.49765717e+003 9.41208192e-016 2.18046510e-016 4.87894155e-004
 5.50475027e+003 9.39000050e-016 2.17542645e-016 4.87376459e-004
 5.51184336e+003 9.36794763e-016 2.17039335e-016 4.86858766e-004
 5.51893646e+003 9.34592329e-016 2.16536582e-016 4.86341077e-004
 5.52602955e+003 9.32392748e-016 2.16034386e-016 4.85823391e-004
 5.53312265e+003 9.30196020e-016 2.15532749e-016 4.85305708e-004
 5.54021574e+003 9.28002144e-016 2.15031672e-016 4.84788028e-004
 5.54730884e+003 9.25811118e-016 2.14531154e-016 4.84270352e-004
 5.55440193e+003 9.23622944e-016 2.14031198e-016 4.83752679e-004
 5.56149503e+003 9.21437618e-016 2.13531804e-016 4.83235010e-004
 5.56858812e+003 9.19255143e-016 2.13032973e-016 4.82717343e-004
 5.57568122e+003 9.17075515e-016 2.12534706e-016 4.82199680e-004
 5.58277432e+003 9.14898735e-016 2.12037004e-016 4.81682021e-004
 5.58986741e+003 9.12724803e-016 2.11539868e-016 4.81164365e-004
 5.59696051e+003 9.10553717e-016 2.11043298e-016 4.80646712e-004
 5.60405360e+003 9.08385476e-016 2.10547295e-016 4.80129062e-004
 5.61114670e+003 9.06220081e-016 2.10051861e-016 4.79611416e-004
 5.61823979e+003 9.04057530e-016 2.09556995e-016 4.79093774e-004
 5.62533289e+003 9.01897823e-016 2.09062699e-016 4.78576134e-004
 5.63242598e+003 8.99740959e-016 2.08568974e-016 4.78058498e-004
 5.63951908e+003 8.97586938e-016 2.08075821e-016 4.77540866e-004
 5.64661217e+003 8.95435758e-016 2.07583239e-016 4.77023237e-004
 5.65370527e+003 8.93287419e-016 2.07091231e-016 4.76505611e-004
 5.66079836e+003 8.91141921e-016 2.06599796e-016 4.75987989e-004
 5.66789146e+003 8.88999262e-016 2.06108936e-016 4.75470370e-004
 5.67498455e+003 8.86859443e-016 2.05618651e-016 4.74952755e-004
 5.68207765e+003 8.84722462e-016 2.05128943e-016 4.74435143e-004
 5.68917074e+003 8.82588318e-016 2.04639810e-016 4.73917534e-004
 5.69626384e+003 8.80457012e-016 2.04151256e-016 4.73399930e-004
 5.70335693e+003 8.78328542e-016 2.03663279e-016 4.72882328e-004
 5.71045003e+003 8.76202907e-016 2.03175882e-016 4.72364730e-004
 5.71754312e+003 8.74080108e-016 2.02689064e-016 4.71847136e-004
 5.72463622e+003 8.71960143e-016 2.02202826e-016 4.71329545e-004
 5.73172931e+003 8.69843012e-016 2.01717169e-016 4.70811957e-004
 5.73882241e+003 8.67728713e-016 2.01232094e-016 4.70294373e-004
 5.74591550e+003 8.65617247e-016 2.00747601e-016 4.69776793e-004
 5.75300860e+003 8.63508613e-016 2.00263692e-016 4.69259216e-004
 5.76010169e+003 8.61402809e-016 1.99780365e-016 4.68741642e-004
 5.76719479e+003 8.59299835e-016 1.99297623e-016 4.68224072e-004
 5.77428788e+003 8.57199692e-016 1.98815466e-016 4.67706506e-004
 5.78138098e+003 8.55102377e-016 1.98333895e-016 4.67188943e-004
 5.78847407e+003 8.53007890e-016 1.97852909e-016 4.66671384e-004
 5.79556717e+003 8.50916231e-016 1.97372510e-016 4.66153829e-004
 5.80266026e+003 8.48827398e-016 1.96892699e-016 4.65636277e-004
 5.80975336e+003 8.46741392e-016 1.96413476e-016 4.65118728e-004
 5.81684645e+003 8.44658211e-016 1.95934841e-016 4.64601183e-004
 5.82393955e+003 8.42577854e-016 1.95456795e-016 4.64083642e-004
 5.83103264e+003 8.40500322e-016 1.94979339e-016 4.63566105e-004
 5.83812574e+003 8.38425614e-016 1.94502473e-016 4.63048571e-004
 5.84521883e+003 8.36353727e-016 1.94026198e-016 4.62531040e-004
 5.85231193e+003 8.34284663e-016 1.93550514e-016 4.62013514e-004
 5.85940502e+003 8.32218421e-016 1.93075423e-016 4.61495991e-004
 5.86649812e+003 8.30154998e-016 1.92600923e-016 4.60978471e-004
 5.87359121e+003 8.28094396e-016 1.92127017e-016 4.60460955e-004
 5.88068431e+003 8.26036613e-016 1.91653704e-016 4.59943443e-004
 5.88777740e+003 8.23981649e-016 1.91180985e-016 4.59425935e-004
 5.89487050e+003 8.21929502e-016 1.90708861e-016 4.58908430e-004
 5.90196360e+003 8.19880173e-016 1.90237332e-016 4.58390929e-004
 5.90905669e+003 8.17833659e-016 1.89766398e-016 4.57873432e-004
 5.91614979e+003 8.15789962e-016 1.89296060e-016 4.57355938e-004
 5.92324288e+003 8.13749080e-016 1.88826319e-016 4.56838449e-004
 5.93033598e+003 8.11711012e-016 1.88357175e-016 4.56320962e-004
 5.93742907e+003 8.09675758e-016 1.87888628e-016 4.55803480e-004
 5.94452217e+003 8.07643317e-016 1.87420679e-016 4.55286001e-004
 5.95161526e+003 8.05613688e-016 1.86953329e-016 4.54768526e-004
 5.95870836e+003 8.03586870e-016 1.86486577e-016 4.54251055e-004
 5.96580145e+003 8.01562864e-016 1.86020424e-016 4.53733588e-004
 5.97289455e+003 7.99541667e-016 1.85554872e-016 4.53216124e-004
 5.97998764e+003 7.97523280e-016 1.85089919e-016 4.52698665e-004
 5.98708074e+003 7.95507702e-016 1.84625567e-016 4.52181209e-004
 5.99417383e+003 7.93494932e-016 1.84161816e-016 4.51663756e-004
 6.00126693e+003 7.91484969e-016 1.83698666e-016 4.51146308e-004
 6.00836002e+003 7.89477813e-016 1.83236118e-016 4.50628864e-004
 6.01545312e+003 7.87473463e-016 1.82774173e-016 4.50111423e-004
 6.02254621e+003 7.85471918e-016 1.82312830e-016 4.49593986e-004
 6.02963931e+003 7.83473178e-016 1.81852090e-016 4.49076553e-004
 6.03673240e+003 7.81477242e-016 1.81391953e-016 4.48559124e-004
 6.04382550e+003 7.79484108e-016 1.80932420e-016 4.48041698e-004
 6.05091859e+003 7.77493777e-016 1.80473491e-016 4.47524277e-004
 6.05801169e+003 7.75506248e-016 1.80015167e-016 4.47006859e-004
 6.06510478e+003 7.73521520e-016 1.79557447e-016 4.46489446e-004
 6.07219788e+003 7.71539592e-016 1.79100333e-016 4.45972036e-004
 6.07929097e+003 7.69560463e-016 1.78643825e-016 4.45454630e-004
 6.08638407e+003 7.67584134e-016 1.78187922e-016 4.44937228e-004
 6.09347716e+003 7.65610602e-016 1.77732625e-016 4.44419830e-004
 6.10057026e+003 7.63639868e-016 1.77277936e-016 4.43902436e-004
 6.10766335e+003 7.61671931e-016 1.76823853e-016 4.43385046e-004
 6.11475645e+003 7.59706790e-016 1.76370377e-016 4.42867660e-004
 6.12184954e+003 7.57744444e-016 1.75917509e-016 4.42350278e-004
 6.12894264e+003 7.55784893e-016 1.75465249e-016 4.41832900e-004
 6.13603573e+003 7.53828135e-016 1.75013597e-016 4.41315526e-004
 6.14312883e+003 7.51874171e-016 1.74562553e-016 4.40798155e-004
 6.15022192e+003 7.49922999e-016 1.74112118e-016 4.40280789e-004
 6.15731502e+003 7.47974619e-016 1.73662293e-016 4.39763427e-004
 6.16440811e+003 7.46029030e-016 1.73213077e-016 4.39246069e-004
 6.17150121e+003 7.44086231e-016 1.72764470e-016 4.38728715e-004
 6.17859430e+003 7.42146222e-016 1.72316473e-016 4.38211365e-004
 6.18568740e+003 7.40209001e-016 1.71869087e-016 4.37694018e-004
 6.19278049e+003 7.38274569e-016 1.71422311e-016 4.37176676e-004
 6.19987359e+003 7.36342924e-016 1.70976146e-016 4.36659339e-004
 6.20696668e+003 7.34414066e-016 1.70530592e-016 4.36142005e-004
 6.21405978e+003 7.32487993e-016 1.70085649e-016 4.35624675e-004
 6.22115287e+003 7.30564706e-016 1.69641318e-016 4.35107349e-004
 6.22824597e+003 7.28644204e-016 1.69197598e-016 4.34590028e-004
 6.23533907e+003 7.26726485e-016 1.68754491e-016 4.34072710e-004
 6.24243216e+003 7.24811549e-016 1.68311996e-016 4.33555397e-004
 6.24952526e+003 7.22899395e-016 1.67870113e-016 4.33038088e-004
 6.25661835e+003 7.20990023e-016 1.67428843e-016 4.32520783e-004
 6.26371145e+003 7.19083432e-016 1.66988186e-016 4.32003482e-004
 6.27080454e+003 7.17179621e-016 1.66548142e-016 4.31486185e-004
 6.27789764e+003 7.15278590e-016 1.66108712e-016 4.30968893e-004
 6.28499073e+003 7.13380337e-016 1.65669895e-016 4.30451604e-004
 6.29208383e+003 7.11484862e-016 1.65231692e-016 4.29934320e-004
 6.29917692e+003 7.09592164e-016 1.64794103e-016 4.29417040e-004
 6.30627002e+003 7.07702243e-016 1.64357128e-016 4.28899765e-004
 6.31336311e+003 7.05815098e-016 1.63920768e-016 4.28382493e-004
 6.32045621e+003 7.03930727e-016 1.63485022e-016 4.27865226e-004
 6.32754930e+003 7.02049131e-016 1.63049891e-016 4.27347963e-004
 6.33464240e+003 7.00170308e-016 1.62615375e-016 4.26830704e-004
 6.34173549e+003 6.98294259e-016 1.62181474e-016 4.26313449e-004
 6.34882859e+003 6.96420981e-016 1.61748189e-016 4.25796199e-004
 6.35592168e+003 6.94550474e-016 1.61315519e-016 4.25278953e-004
 6.36301478e+003 6.92682738e-016 1.60883464e-016 4.24761712e-004
 6.37010787e+003 6.90817772e-016 1.60452026e-016 4.24244474e-004
 6.37720097e+003 6.88955576e-016 1.60021203e-016 4.23727241e-004
 6.38429406e+003 6.87096147e-016 1.59590997e-016 4.23210013e-004
 6.39138716e+003 6.85239486e-016 1.59161407e-016 4.22692788e-004
 6.39848025e+003 6.83385592e-016 1.58732433e-016 4.22175568e-004
 6.40557335e+003 6.81534464e-016 1.58304077e-016 4.21658353e-004
 6.41266644e+003 6.79686102e-016 1.57876336e-016 4.21141141e-004
 6.41975954e+003 6.77840504e-016 1.57449213e-016 4.20623935e-004
 6.42685263e+003 6.75997670e-016 1.57022707e-016 4.20106732e-004
 6.43394573e+003 6.74157599e-016 1.56596818e-016 4.19589534e-004
 6.44103882e+003 6.72320291e-016 1.56171546e-016 4.19072340e-004
 6.44813192e+003 6.70485744e-016 1.55746892e-016 4.18555151e-004
 6.45522501e+003 6.68653958e-016 1.55322855e-016 4.18037966e-004
 6.46231811e+003 6.66824932e-016 1.54899436e-016 4.17520786e-004
 6.46941120e+003 6.64998666e-016 1.54476634e-016 4.17003610e-004
 6.47650430e+003 6.63175159e-016 1.54054451e-016 4.16486439e-004
 6.48359739e+003 6.61354409e-016 1.53632885e-016 4.15969272e-004
 6.49069049e+003 6.59536417e-016 1.53211938e-016 4.15452109e-004
 6.49778358e+003 6.57721181e-016 1.52791609e-016 4.14934951e-004
 6.50487668e+003 6.55908700e-016 1.52371898e-016 4.14417798e-004
 6.51196977e+003 6.54098975e-016 1.51952805e-016 4.13900649e-004
 6.51906287e+003 6.52292004e-016 1.51534331e-016 4.13383504e-004
 6.52615596e+003 6.50487786e-016 1.51116476e-016 4.12866365e-004
 6.53324906e+003 6.48686320e-016 1.50699239e-016 4.12349229e-004
 6.54034215e+003 6.46887607e-016 1.50282621e-016 4.11832098e-004
 6.54743525e+003 6.45091645e-016 1.49866622e-016 4.11314972e-004
 6.55452835e+003 6.43298433e-016 1.49451242e-016 4.10797851e-004
 6.56162144e+003 6.41507971e-016 1.49036480e-016 4.10280734e-004
 6.56871454e+003 6.39720257e-016 1.48622338e-016 4.09763621e-004
 6.57580763e+003 6.37935292e-016 1.48208815e-016 4.09246514e-004
 6.58290073e+003 6.36153074e-016 1.47795911e-016 4.08729411e-004
 6.58999382e+003 6.34373602e-016 1.47383626e-016 4.08212312e-004
 6.59708692e+003 6.32596877e-016 1.46971961e-016 4.07695218e-004
 6.60418001e+003 6.30822896e-016 1.46560915e-016 4.07178129e-004
 6.61127311e+003 6.29051659e-016 1.46150488e-016 4.06661045e-004
 6.61836620e+003 6.27283167e-016 1.45740681e-016 4.06143965e-004
 6.62545930e+003 6.25517416e-016 1.45331493e-016 4.05626890e-004
 6.63255239e+003 6.23754408e-016 1.44922925e-016 4.05109820e-004
 6.63964549e+003 6.21994141e-016 1.44514977e-016 4.04592754e-004
 6.64673858e+003 6.20236615e-016 1.44107648e-016 4.04075693e-004
 6.65383168e+003 6.18481828e-016 1.43700939e-016 4.03558637e-004
 6.66092477e+003 6.16729780e-016 1.43294850e-016 4.03041586e-004
 6.66801787e+003 6.14980470e-016 1.42889380e-016 4.02524540e-004
 6.67511096e+003 6.13233897e-016 1.42484530e-016 4.02007498e-004
 6.68220406e+003 6.11490061e-016 1.42080300e-016 4.01490461e-004
 6.68929715e+003 6.09748961e-016 1.41676690e-016 4.00973429e-004
 6.69639025e+003 6.08010596e-016 1.41273700e-016 4.00456401e-004
 6.70348334e+003 6.06274965e-016 1.40871329e-016 3.99939379e-004
 6.71057644e+003 6.04542068e-016 1.40469579e-016 3.99422361e-004
 6.71766953e+003 6.02811903e-016 1.40068448e-016 3.98905349e-004
 6.72476263e+003 6.01084470e-016 1.39667938e-016 3.98388341e-004
 6.73185572e+003 5.99359769e-016 1.39268047e-016 3.97871338e-004
 6.73894882e+003 5.97637797e-016 1.38868776e-016 3.97354340e-004
 6.74604191e+003 5.95918555e-016 1.38470125e-016 3.96837347e-004
 6.75313501e+003 5.94202043e-016 1.38072095e-016 3.96320358e-004
 6.76022810e+003 5.92488258e-016 1.37674684e-016 3.95803375e-004
 6.76732120e+003 5.90777200e-016 1.37277893e-016 3.95286397e-004
 6.77441429e+003 5.89068869e-016 1.36881722e-016 3.94769423e-004
 6.78150739e+003 5.87363263e-016 1.36486171e-016 3.94252455e-004
 6.78860048e+003 5.85660382e-016 1.36091240e-016 3.93735492e-004
 6.79569358e+003 5.83960226e-016 1.35696929e-016 3.93218533e-004
 6.80278667e+003 5.82262792e-016 1.35303238e-016 3.92701580e-004
 6.80987977e+003 5.80568082e-016 1.34910166e-016 3.92184632e-004
 6.81697286e+003 5.78876093e-016 1.34517715e-016 3.91667688e-004
 6.82406596e+003 5.77186824e-016 1.34125883e-016 3.91150750e-004
 6.83115905e+003 5.75500276e-016 1.33734672e-016 3.90633817e-004
 6.83825215e+003 5.73816448e-016 1.33344080e-016 3.90116889e-004
 6.84534524e+003 5.72135338e-016 1.32954108e-016 3.89599966e-004
 6.85243834e+003 5.70456945e-016 1.32564756e-016 3.89083048e-004
 6.85953143e+003 5.68781270e-016 1.32176023e-016 3.88566135e-004
 6.86662453e+003 5.67108311e-016 1.31787910e-016 3.88049228e-004
 6.87371762e+003 5.65438067e-016 1.31400417e-016 3.87532325e-004
 6.88081072e+003 5.63770538e-016 1.31013544e-016 3.87015428e-004
 6.88790382e+003 5.62105723e-016 1.30627290e-016 3.86498536e-004
 6.89499691e+003 5.60443620e-016 1.30241656e-016 3.85981649e-004
 6.90209001e+003 5.58784230e-016 1.29856641e-016 3.85464767e-004
 6.90918310e+003 5.57127551e-016 1.29472246e-016 3.84947891e-004
 6.91627620e+003 5.55473583e-016 1.29088470e-016 3.84431019e-004
 6.92336929e+003 5.53822325e-016 1.28705314e-016 3.83914153e-004
 6.93046239e+003 5.52173775e-016 1.28322777e-016 3.83397293e-004
 6.93755548e+003 5.50527934e-016 1.27940859e-016 3.82880437e-004
 6.94464858e+003 5.48884800e-016 1.27559560e-016 3.82363587e-004
 6.95174167e+003 5.47244373e-016 1.27178881e-016 3.81846742e-004
 6.95883477e+003 5.45606652e-016 1.26798821e-016 3.81329902e-004
 6.96592786e+003 5.43971635e-016 1.26419380e-016 3.80813068e-004
 6.97302096e+003 5.42339323e-016 1.26040558e-016 3.80296239e-004
 6.98011405e+003 5.40709714e-016 1.25662355e-016 3.79779416e-004
 6.98720715e+003 5.39082807e-016 1.25284771e-016 3.79262598e-004
 6.99430024e+003 5.37458603e-016 1.24907805e-016 3.78745785e-004
 7.00139334e+003 5.35837099e-016 1.24531459e-016 3.78228977e-004
 7.00848643e+003 5.34218295e-016 1.24155731e-016 3.77712175e-004
 7.01557953e+003 5.32602191e-016 1.23780622e-016 3.77195379e-004
 7.02267262e+003 5.30988785e-016 1.23406131e-016 3.76678588e-004
 7.02976572e+003 5.29378076e-016 1.23032259e-016 3.76161802e-004
 7.03685881e+003 5.27770065e-016 1.22659005e-016 3.75645022e-004
 7.04395191e+003 5.26164750e-016 1.22286370e-016 3.75128247e-004
 7.05104500e+003 5.24562129e-016 1.21914353e-016 3.74611478e-004
 7.05813810e+003 5.22962204e-016 1.21542954e-016 3.74094715e-004
 7.06523119e+003 5.21364971e-016 1.21172173e-016 3.73577957e-004
 7.07232429e+003 5.19770432e-016 1.20802010e-016 3.73061204e-004
 7.07941738e+003 5.18178584e-016 1.20432466e-016 3.72544457e-004
 7.08651048e+003 5.16589428e-016 1.20063539e-016 3.72027716e-004
 7.09360357e+003 5.15002962e-016 1.19695229e-016 3.71510980e-004
 7.10069667e+003 5.13419185e-016 1.19327538e-016 3.70994250e-004
 7.10778976e+003 5.11838097e-016 1.18960464e-016 3.70477525e-004
 7.11488286e+003 5.10259697e-016 1.18594007e-016 3.69960806e-004
 7.12197595e+003 5.08683983e-016 1.18228168e-016 3.69444093e-004
 7.12906905e+003 5.07110956e-016 1.17862947e-016 3.68927386e-004
 7.13616214e+003 5.05540615e-016 1.17498342e-016 3.68410684e-004
 7.14325524e+003 5.03972957e-016 1.17134355e-016 3.67893988e-004
 7.15034833e+003 5.02407984e-016 1.16770985e-016 3.67377297e-004
 7.15744143e+003 5.00845693e-016 1.16408231e-016 3.66860613e-004
 7.16453452e+003 4.99286084e-016 1.16046095e-016 3.66343934e-004
 7.17162762e+003 4.97729156e-016 1.15684575e-016 3.65827261e-004
 7.17872071e+003 4.96174909e-016 1.15323672e-016 3.65310593e-004
 7.18581381e+003 4.94623341e-016 1.14963385e-016 3.64793932e-004
 7.19290690e+003 4.93074452e-016 1.14603715e-016 3.64277276e-004
 7.20000000e+003 4.91528241e-016 1.14244661e-016 3.63760626e-004
