 0.00000000e+000 1.84324145e-015 0.00000000e+000 8.81971618e-004
 3.60000000e+000 1.82346564e-015 1.97758113e-017 8.02594173e-004
 7.20000000e+000 1.80390567e-015 3.93357754e-017 7.30360697e-004
 1.08000000e+001 1.78455912e-015 5.86823264e-017 6.64628234e-004
 1.44000000e+001 1.76542358e-015 7.78178695e-017 6.04811693e-004
 1.80000000e+001 1.74649666e-015 9.67447811e-017 5.50378641e-004
 2.16000000e+001 1.72777603e-015 1.15465409e-016 5.00844563e-004
 2.52000000e+001 1.70925937e-015 1.33982074e-016 4.55768552e-004
 2.88000000e+001 1.69094437e-015 1.52297067e-016 4.14749383e-004
 3.24000000e+001 1.67282878e-015 1.70412655e-016 3.77421938e-004
 3.60000000e+001 1.65491036e-015 1.88331074e-016 3.43453964e-004
 3.96000000e+001 1.63718689e-015 2.06054538e-016 3.12543107e-004
 4.32000000e+001 1.61965619e-015 2.23585231e-016 2.84414227e-004
 4.68000000e+001 1.60231610e-015 2.40925313e-016 2.58816947e-004
 5.04000000e+001 1.58516448e-015 2.58076919e-016 2.35523422e-004
 5.40000000e+001 1.56819924e-015 2.75042156e-016 2.14326314e-004
 5.76000000e+001 1.55141827e-015 2.91823109e-016 1.95036946e-004
 6.12000000e+001 1.53481953e-015 3.08421837e-016 1.77483620e-004
 6.48000000e+001 1.51840098e-015 3.24840376e-016 1.61510095e-004
 6.84000000e+001 1.50216061e-015 3.41080736e-016 1.46974186e-004
 7.20000000e+001 1.48609642e-015 3.57144906e-016 1.33746509e-004
 7.56000000e+001 1.47020646e-015 3.73034850e-016 1.21709324e-004
 7.92000000e+001 1.45448878e-015 3.88752508e-016 1.10755484e-004
 8.28000000e+001 1.43894147e-015 4.04299800e-016 1.00787491e-004
 8.64000000e+001 1.42356262e-015 4.19678622e-016 9.17166166e-005
 9.00000000e+001 1.40835037e-015 4.34890847e-016 8.34621211e-005
 9.36000000e+001 1.39330287e-015 4.49938327e-016 7.59505302e-005
 9.72000000e+001 1.37841827e-015 4.64822894e-016 6.91149825e-005
 1.00800000e+002 1.36369478e-015 4.79546356e-016 6.28946341e-005
 1.04400000e+002 1.34913060e-015 4.94110501e-016 5.72341170e-005
 1.08000000e+002 1.33472398e-015 5.08517097e-016 5.20830465e-005
 1.11600000e+002 1.32047315e-015 5.22767890e-016 4.73955723e-005
 1.15200000e+002 1.30637639e-015 5.36864607e-016 4.31299708e-005
 1.18800000e+002 1.29243201e-015 5.50808954e-016 3.92482734e-005
 1.22400000e+002 1.27863830e-015 5.64602619e-016 3.57159288e-005
 1.26000000e+002 1.26499361e-015 5.78247268e-016 3.25014952e-005
 1.29600000e+002 1.25149628e-015 5.91744549e-016 2.95763606e-005
 1.33200000e+002 1.23814469e-015 6.05096091e-016 2.69144882e-005
 1.36800000e+002 1.22493723e-015 6.18303505e-016 2.44921843e-005
 1.40400000e+002 1.21187230e-015 6.31368381e-016 2.22878877e-005
 1.44000000e+002 1.19894833e-015 6.44292294e-016 2.02819778e-005
 1.47600000e+002 1.18616377e-015 6.57076798e-016 1.84565998e-005
 1.51200000e+002 1.17351708e-015 6.69723429e-016 1.67955058e-005
 1.54800000e+002 1.16100674e-015 6.82233709e-016 1.52839103e-005
 1.58400000e+002 1.14863125e-015 6.94609139e-016 1.39083584e-005
 1.62000000e+002 1.13638912e-015 7.06851204e-016 1.26566061e-005
 1.65600000e+002 1.12427889e-015 7.18961371e-016 1.15175116e-005
 1.69200000e+002 1.11229910e-015 7.30941093e-016 1.04809355e-005
 1.72800000e+002 1.10044832e-015 7.42791803e-016 9.53765132e-006
 1.76400000e+002 1.08872513e-015 7.54514919e-016 8.67926270e-006
 1.80000000e+002 1.07712812e-015 7.66111843e-016 7.89812906e-006
 1.83600000e+002 1.06565593e-015 7.77583962e-016 7.18729744e-006
 1.87200000e+002 1.05430716e-015 7.88932644e-016 6.54044067e-006
 1.90800000e+002 1.04308048e-015 8.00159246e-016 5.95180101e-006
 1.94400000e+002 1.03197453e-015 8.11265105e-016 5.41613892e-006
 1.98000000e+002 1.02098801e-015 8.22251546e-016 4.92868642e-006
 2.01600000e+002 1.01011959e-015 8.33119876e-016 4.48510464e-006
 2.05200000e+002 9.99367978e-016 8.43871391e-016 4.08144522e-006
 2.08800000e+002 9.88731905e-016 8.54507370e-016 3.71411515e-006
 2.12400000e+002 9.78210101e-016 8.65029076e-016 3.37984479e-006
 2.16000000e+002 9.67801317e-016 8.75437761e-016 3.07565876e-006
 2.19600000e+002 9.57504315e-016 8.85734660e-016 2.79884947e-006
 2.23200000e+002 9.47317875e-016 8.95920996e-016 2.54695302e-006
 2.26800000e+002 9.37240787e-016 9.05997977e-016 2.31772725e-006
 2.30400000e+002 9.27271856e-016 9.15966799e-016 2.10913179e-006
 2.34000000e+002 9.17409903e-016 9.25828641e-016 1.91930993e-006
 2.37600000e+002 9.07653757e-016 9.35584672e-016 1.74657204e-006
 2.41200000e+002 8.98002266e-016 9.45236047e-016 1.58938055e-006
 2.44800000e+002 8.88454287e-016 9.54783908e-016 1.44633630e-006
 2.48400000e+002 8.79008691e-016 9.64229383e-016 1.31616604e-006
 2.52000000e+002 8.69664362e-016 9.73573588e-016 1.19771109e-006
 2.55600000e+002 8.60420197e-016 9.82817627e-016 1.08991710e-006
 2.59200000e+002 8.51275105e-016 9.91962592e-016 9.91824557e-007
 2.62800000e+002 8.42228005e-016 1.00100956e-015 9.02560347e-007
 2.66400000e+002 8.33277833e-016 1.00995960e-015 8.21329916e-007
 2.70000000e+002 8.24423532e-016 1.01881377e-015 7.47410223e-007
 2.73600000e+002 8.15664060e-016 1.02757310e-015 6.80143303e-007
 2.77200000e+002 8.06998385e-016 1.03623864e-015 6.18930406e-007
 2.80800000e+002 7.98425488e-016 1.04481139e-015 5.63226669e-007
 2.84400000e+002 7.89944360e-016 1.05329237e-015 5.12536269e-007
 2.88000000e+002 7.81554004e-016 1.06168258e-015 4.66408005e-007
 2.91600000e+002 7.73253435e-016 1.06998300e-015 4.24431284e-007
 2.95200000e+002 7.65041677e-016 1.07819461e-015 3.86232469e-007
 2.98800000e+002 7.56917766e-016 1.08631837e-015 3.51471547e-007
 3.02400000e+002 7.48880749e-016 1.09435523e-015 3.19839107e-007
 3.06000000e+002 7.40929683e-016 1.10230614e-015 2.91053588e-007
 3.09600000e+002 7.33063637e-016 1.11017202e-015 2.64858765e-007
 3.13200000e+002 7.25281688e-016 1.11795381e-015 2.41021476e-007
 3.16800000e+002 7.17582924e-016 1.12565241e-015 2.19329543e-007
 3.20400000e+002 7.09966445e-016 1.13326872e-015 1.99589884e-007
 3.24000000e+002 7.02431360e-016 1.14080363e-015 1.81626795e-007
 3.27600000e+002 6.94976785e-016 1.14825804e-015 1.65280383e-007
 3.31200000e+002 6.87601851e-016 1.15563280e-015 1.50405149e-007
 3.34800000e+002 6.80305695e-016 1.16292878e-015 1.36868685e-007
 3.38400000e+002 6.73087465e-016 1.17014683e-015 1.24550504e-007
 3.42000000e+002 6.65946317e-016 1.17728780e-015 1.13340958e-007
 3.45600000e+002 6.58881418e-016 1.18435251e-015 1.03140272e-007
 3.49200000e+002 6.51891944e-016 1.19134180e-015 9.38576476e-008
 3.52800000e+002 6.44977079e-016 1.19825648e-015 8.54104593e-008
 3.56400000e+002 6.38136018e-016 1.20509735e-015 7.77235180e-008
 3.60000000e+002 6.31367963e-016 1.21186521e-015 7.07284014e-008
 3.63600000e+002 6.24672125e-016 1.21856086e-015 6.43628453e-008
 3.67200000e+002 6.18047724e-016 1.22518506e-015 5.85701892e-008
 3.70800000e+002 6.11493990e-016 1.23173860e-015 5.32988722e-008
 3.74400000e+002 6.05010160e-016 1.23822223e-015 4.85019737e-008
 3.78000000e+002 5.98595480e-016 1.24463671e-015 4.41367960e-008
 3.81600000e+002 5.92249203e-016 1.25098278e-015 4.01644844e-008
 3.85200000e+002 5.85970593e-016 1.25726119e-015 3.65496808e-008
 3.88800000e+002 5.79758919e-016 1.26347265e-015 3.32602095e-008
 3.92400000e+002 5.73613459e-016 1.26961790e-015 3.02667907e-008
 3.96000000e+002 5.67533501e-016 1.27569765e-015 2.75427795e-008
 3.99600000e+002 5.61518339e-016 1.28171259e-015 2.50639294e-008
 4.03200000e+002 5.55567275e-016 1.28766344e-015 2.28081757e-008
 4.06800000e+002 5.49679618e-016 1.29355088e-015 2.07554399e-008
 4.10400000e+002 5.43854685e-016 1.29937559e-015 1.88874503e-008
 4.14000000e+002 5.38091802e-016 1.30513825e-015 1.71875798e-008
 4.17600000e+002 5.32390301e-016 1.31083953e-015 1.56406976e-008
 4.21200000e+002 5.26749521e-016 1.31648009e-015 1.42330348e-008
 4.24800000e+002 5.21168809e-016 1.32206057e-015 1.29520617e-008
 4.28400000e+002 5.15647519e-016 1.32758163e-015 1.17863762e-008
 4.32000000e+002 5.10185013e-016 1.33304390e-015 1.07256023e-008
 4.35600000e+002 5.04780657e-016 1.33844803e-015 9.76029810e-009
 4.39200000e+002 4.99433827e-016 1.34379462e-015 8.88187127e-009
 4.42800000e+002 4.94143906e-016 1.34908430e-015 8.08250286e-009
 4.46400000e+002 4.88910280e-016 1.35431769e-015 7.35507761e-009
 4.50000000e+002 4.83732347e-016 1.35949538e-015 6.69312062e-009
 4.53600000e+002 4.78609507e-016 1.36461798e-015 6.09073977e-009
 4.57200000e+002 4.73541169e-016 1.36968607e-015 5.54257319e-009
 4.60800000e+002 4.68526748e-016 1.37470025e-015 5.04374161e-009
 4.64400000e+002 4.63565665e-016 1.37966108e-015 4.58980487e-009
 4.68000000e+002 4.58657348e-016 1.38456915e-015 4.17672243e-009
 4.71600000e+002 4.53801231e-016 1.38942501e-015 3.80081741e-009
 4.75200000e+002 4.48996753e-016 1.39422924e-015 3.45874385e-009
 4.78800000e+002 4.44243361e-016 1.39898238e-015 3.14745691e-009
 4.82400000e+002 4.39540507e-016 1.40368497e-015 2.86418579e-009
 4.86000000e+002 4.34887649e-016 1.40833757e-015 2.60640907e-009
 4.89600000e+002 4.30284252e-016 1.41294071e-015 2.37183225e-009
 4.93200000e+002 4.25729784e-016 1.41749491e-015 2.15836735e-009
 4.96800000e+002 4.21223723e-016 1.42200071e-015 1.96411429e-009
 5.00400000e+002 4.16765548e-016 1.42645862e-015 1.78734401e-009
 5.04000000e+002 4.12354747e-016 1.43086915e-015 1.62648305e-009
 5.07600000e+002 4.07990813e-016 1.43523282e-015 1.48009958e-009
 5.11200000e+002 4.03673244e-016 1.43955012e-015 1.34689062e-009
 5.14800000e+002 3.99401544e-016 1.44382155e-015 1.22567047e-009
 5.18400000e+002 3.95175221e-016 1.44804760e-015 1.11536013e-009
 5.22000000e+002 3.90993789e-016 1.45222875e-015 1.01497772e-009
 5.25600000e+002 3.86856769e-016 1.45636550e-015 9.23629724e-010
 5.29200000e+002 3.82763685e-016 1.46045830e-015 8.40503051e-010
 5.32800000e+002 3.78714067e-016 1.46450764e-015 7.64857778e-010
 5.36400000e+002 3.74707450e-016 1.46851398e-015 6.96020580e-010
 5.40000000e+002 3.70743374e-016 1.47247777e-015 6.33378730e-010
 5.43600000e+002 3.66821384e-016 1.47639947e-015 5.76374646e-010
 5.47200000e+002 3.62941031e-016 1.48027954e-015 5.24500930e-010
 5.50800000e+002 3.59101869e-016 1.48411842e-015 4.77295848e-010
 5.54400000e+002 3.55303458e-016 1.48791654e-015 4.34339224e-010
 5.58000000e+002 3.51545362e-016 1.49167434e-015 3.95248695e-010
 5.61600000e+002 3.47827151e-016 1.49539226e-015 3.59676315e-010
 5.65200000e+002 3.44148398e-016 1.49907072e-015 3.27305448e-010
 5.68800000e+002 3.40508683e-016 1.50271014e-015 2.97847960e-010
 5.72400000e+002 3.36907587e-016 1.50631094e-015 2.71041645e-010
 5.76000000e+002 3.33344699e-016 1.50987353e-015 2.46647899e-010
 5.79600000e+002 3.29819611e-016 1.51339832e-015 2.24449590e-010
 5.83200000e+002 3.26331918e-016 1.51688571e-015 2.04249128e-010
 5.86800000e+002 3.22881223e-016 1.52033611e-015 1.85866709e-010
 5.90400000e+002 3.19467129e-016 1.52374990e-015 1.69138706e-010
 5.94000000e+002 3.16089247e-016 1.52712748e-015 1.53916225e-010
 5.97600000e+002 3.12747190e-016 1.53046923e-015 1.40063766e-010
 6.01200000e+002 3.09440575e-016 1.53377554e-015 1.27458029e-010
 6.04800000e+002 3.06169025e-016 1.53704678e-015 1.15986808e-010
 6.08400000e+002 3.02932165e-016 1.54028333e-015 1.05547997e-010
 6.12000000e+002 2.99729626e-016 1.54348556e-015 9.60486786e-011
 6.15600000e+002 2.96561042e-016 1.54665383e-015 8.74042991e-011
 6.19200000e+002 2.93426050e-016 1.54978851e-015 7.95379137e-011
 6.22800000e+002 2.90324292e-016 1.55288995e-015 7.23795030e-011
 6.26400000e+002 2.87255415e-016 1.55595851e-015 6.58653493e-011
 6.30000000e+002 2.84219067e-016 1.55899454e-015 5.99374694e-011
 6.33600000e+002 2.81214902e-016 1.56199839e-015 5.45430986e-011
 6.37200000e+002 2.78242577e-016 1.56497039e-015 4.96342212e-011
 6.40800000e+002 2.75301753e-016 1.56791090e-015 4.51671428e-011
 6.44400000e+002 2.72392093e-016 1.57082023e-015 4.11021014e-011
 6.48000000e+002 2.69513267e-016 1.57369874e-015 3.74029137e-011
 6.51600000e+002 2.66664946e-016 1.57654673e-015 3.40366529e-011
 6.55200000e+002 2.63846804e-016 1.57936455e-015 3.09733555e-011
 6.58800000e+002 2.61058521e-016 1.58215251e-015 2.81857549e-011
 6.62400000e+002 2.58299778e-016 1.58491092e-015 2.56490384e-011
 6.66000000e+002 2.55570261e-016 1.58764011e-015 2.33406263e-011
 6.69600000e+002 2.52869660e-016 1.59034038e-015 2.12399713e-011
 6.73200000e+002 2.50197665e-016 1.59301204e-015 1.93283752e-011
 6.76800000e+002 2.47553973e-016 1.59565540e-015 1.75888227e-011
 6.80400000e+002 2.44938282e-016 1.59827076e-015 1.60058300e-011
 6.84000000e+002 2.42350294e-016 1.60085841e-015 1.45653066e-011
 6.87600000e+002 2.39789716e-016 1.60341866e-015 1.32544303e-011
 6.91200000e+002 2.37256254e-016 1.60595178e-015 1.20615328e-011
 6.94800000e+002 2.34749621e-016 1.60845808e-015 1.09759961e-011
 6.98400000e+002 2.32269532e-016 1.61093783e-015 9.98815769e-012
 7.02000000e+002 2.29815703e-016 1.61339132e-015 9.08922472e-012
 7.05600000e+002 2.27387856e-016 1.61581882e-015 8.27119571e-012
 7.09200000e+002 2.24985715e-016 1.61822062e-015 7.52678929e-012
 7.12800000e+002 2.22609005e-016 1.62059699e-015 6.84937944e-012
 7.16400000e+002 2.20257458e-016 1.62294819e-015 6.23293646e-012
 7.20000000e+002 2.17930804e-016 1.62527450e-015 5.67197334e-012
 7.23600000e+002 2.15628781e-016 1.62757618e-015 5.16149689e-012
 7.27200000e+002 2.13351125e-016 1.62985349e-015 4.69696331e-012
 7.30800000e+002 2.11097579e-016 1.63210669e-015 4.27423773e-012
 7.34400000e+002 2.08867885e-016 1.63433603e-015 3.88955745e-012
 7.38000000e+002 2.06661791e-016 1.63654178e-015 3.53949838e-012
 7.41600000e+002 2.04479046e-016 1.63872417e-015 3.22094462e-012
 7.45200000e+002 2.02319401e-016 1.64088346e-015 2.93106068e-012
 7.48800000e+002 2.00182612e-016 1.64301990e-015 2.66726628e-012
 7.52400000e+002 1.98068436e-016 1.64513372e-015 2.42721337e-012
 7.56000000e+002 1.95976632e-016 1.64722517e-015 2.20876521e-012
 7.59600000e+002 1.93906963e-016 1.64929449e-015 2.00997738e-012
 7.63200000e+002 1.91859194e-016 1.65134190e-015 1.82908044e-012
 7.66800000e+002 1.89833093e-016 1.65336764e-015 1.66446421e-012
 7.70400000e+002 1.87828430e-016 1.65537195e-015 1.51466343e-012
 7.74000000e+002 1.85844977e-016 1.65735504e-015 1.37834471e-012
 7.77600000e+002 1.83882509e-016 1.65931715e-015 1.25429467e-012
 7.81200000e+002 1.81940804e-016 1.66125850e-015 1.14140912e-012
 7.84800000e+002 1.80019641e-016 1.66317930e-015 1.03868325e-012
 7.88400000e+002 1.78118802e-016 1.66507978e-015 9.45202710e-013
 7.92000000e+002 1.76238072e-016 1.66696014e-015 8.60135404e-013
 7.95600000e+002 1.74377238e-016 1.66882061e-015 7.82724147e-013
 7.99200000e+002 1.72536089e-016 1.67066140e-015 7.12279893e-013
 8.02800000e+002 1.70714416e-016 1.67248271e-015 6.48175612e-013
 8.06400000e+002 1.68912013e-016 1.67428474e-015 5.89840706e-013
 8.10000000e+002 1.67128675e-016 1.67606771e-015 5.36755933e-013
 8.13600000e+002 1.65364201e-016 1.67783182e-015 4.88448780e-013
 8.17200000e+002 1.63618391e-016 1.67957726e-015 4.44489261e-013
 8.20800000e+002 1.61891047e-016 1.68130424e-015 4.04486090e-013
 8.24400000e+002 1.60181974e-016 1.68301294e-015 3.68083195e-013
 8.28000000e+002 1.58490978e-016 1.68470357e-015 3.34956552e-013
 8.31600000e+002 1.56817868e-016 1.68637630e-015 3.04811297e-013
 8.35200000e+002 1.55162456e-016 1.68803135e-015 2.77379107e-013
 8.38800000e+002 1.53524553e-016 1.68966888e-015 2.52415805e-013
 8.42400000e+002 1.51903974e-016 1.69128908e-015 2.29699192e-013
 8.46000000e+002 1.50300538e-016 1.69289214e-015 2.09027065e-013
 8.49600000e+002 1.48714061e-016 1.69447824e-015 1.90215421e-013
 8.53200000e+002 1.47144367e-016 1.69604756e-015 1.73096817e-013
 8.56800000e+002 1.45591276e-016 1.69760028e-015 1.57518879e-013
 8.60400000e+002 1.44054615e-016 1.69913656e-015 1.43342947e-013
 8.64000000e+002 1.42534209e-016 1.70065659e-015 1.30442841e-013
 8.67600000e+002 1.41029888e-016 1.70216053e-015 1.18703736e-013
 8.71200000e+002 1.39541482e-016 1.70364856e-015 1.08021143e-013
 8.74800000e+002 1.38068823e-016 1.70512084e-015 9.82999758e-014
 8.78400000e+002 1.36611746e-016 1.70657754e-015 8.94537056e-014
 8.82000000e+002 1.35170087e-016 1.70801881e-015 8.14035920e-014
 8.85600000e+002 1.33743683e-016 1.70944484e-015 7.40779810e-014
 8.89200000e+002 1.32332376e-016 1.71085576e-015 6.74116674e-014
 8.92800000e+002 1.30936006e-016 1.71225175e-015 6.13453146e-014
 8.96400000e+002 1.29554416e-016 1.71363296e-015 5.58249262e-014
 9.00000000e+002 1.28187453e-016 1.71499953e-015 5.08013655e-014
 9.03600000e+002 1.26834963e-016 1.71635164e-015 4.62299180e-014
 9.07200000e+002 1.25496794e-016 1.71768942e-015 4.20698937e-014
 9.10800000e+002 1.24172798e-016 1.71901303e-015 3.82842644e-014
 9.14400000e+002 1.22862827e-016 1.72032262e-015 3.48393348e-014
 9.18000000e+002 1.21566735e-016 1.72161832e-015 3.17044420e-014
 9.21600000e+002 1.20284378e-016 1.72290029e-015 2.88516826e-014
 9.25200000e+002 1.19015613e-016 1.72416867e-015 2.62556649e-014
 9.28800000e+002 1.17760301e-016 1.72542359e-015 2.38932820e-014
 9.32400000e+002 1.16518300e-016 1.72666520e-015 2.17435069e-014
 9.36000000e+002 1.15289476e-016 1.72789364e-015 1.97872050e-014
 9.39600000e+002 1.14073692e-016 1.72910903e-015 1.80069637e-014
 9.43200000e+002 1.12870815e-016 1.73031152e-015 1.63869378e-014
 9.46800000e+002 1.11680712e-016 1.73150123e-015 1.49127078e-014
 9.50400000e+002 1.10503255e-016 1.73267829e-015 1.35711522e-014
 9.54000000e+002 1.09338313e-016 1.73384284e-015 1.23503303e-014
 9.57600000e+002 1.08185761e-016 1.73499500e-015 1.12393763e-014
 9.61200000e+002 1.07045474e-016 1.73613490e-015 1.02284020e-014
 9.64800000e+002 1.05917329e-016 1.73726265e-015 9.30840928e-015
 9.68400000e+002 1.04801205e-016 1.73837838e-015 8.47120994e-015
 9.72000000e+002 1.03696982e-016 1.73948220e-015 7.70935260e-015
 9.75600000e+002 1.02604543e-016 1.74057425e-015 7.01605654e-015
 9.79200000e+002 1.01523772e-016 1.74165462e-015 6.38515131e-015
 9.82800000e+002 1.00454556e-016 1.74272344e-015 5.81102178e-015
 9.86400000e+002 9.93967829e-017 1.74378082e-015 5.28855819e-015
 9.90000000e+002 9.83503429e-017 1.74482686e-015 4.81311067e-015
 9.93600000e+002 9.73151284e-017 1.74586168e-015 4.38044783e-015
 9.97200000e+002 9.62910337e-017 1.74688537e-015 3.98671910e-015
 1.00080000e+003 9.52779551e-017 1.74789805e-015 3.62842045e-015
 1.00440000e+003 9.42757912e-017 1.74889982e-015 3.30236323e-015
 1.00800000e+003 9.32844427e-017 1.74989077e-015 3.00564576e-015
 1.01160000e+003 9.23038127e-017 1.75087100e-015 2.73562752e-015
 1.01520000e+003 9.13338064e-017 1.75184060e-015 2.48990562e-015
 1.01880000e+003 9.03743317e-017 1.75279968e-015 2.26629343e-015
 1.02240000e+003 8.94252986e-017 1.75374831e-015 2.06280112e-015
 1.02600000e+003 8.84866200e-017 1.75468658e-015 1.87761796e-015
 1.02960000e+003 8.75582110e-017 1.75561459e-015 1.70909615e-015
 1.03320000e+003 8.66399898e-017 1.75653241e-015 1.55573622e-015
 1.03680000e+003 8.57318772e-017 1.75744012e-015 1.41617364e-015
 1.04040000e+003 8.48337970e-017 1.75833779e-015 1.28916668e-015
 1.04400000e+003 8.39456759e-017 1.75922551e-015 1.17358538e-015
 1.04760000e+003 8.30674440e-017 1.76010334e-015 1.06840145e-015
 1.05120000e+003 8.21990343e-017 1.76097134e-015 9.72679178e-016
 1.05480000e+003 8.13403836e-017 1.76182959e-015 8.85567037e-016
 1.05840000e+003 8.04914318e-017 1.76267813e-015 8.06290146e-016
 1.06200000e+003 7.96521229e-017 1.76351704e-015 7.34143360e-016
 1.06560000e+003 7.88224044e-017 1.76434635e-015 6.68484998e-016
 1.06920000e+003 7.80022279e-017 1.76516612e-015 6.08731123e-016
 1.07280000e+003 7.71915494e-017 1.76597639e-015 5.54350355e-016
 1.07640000e+003 7.63903287e-017 1.76677720e-015 5.04859133e-016
 1.08000000e+003 7.55985307e-017 1.76756859e-015 4.59817416e-016
 1.08360000e+003 7.48161245e-017 1.76835059e-015 4.18824764e-016
 1.08720000e+003 7.40430843e-017 1.76912322e-015 3.81516774e-016
 1.09080000e+003 7.32793893e-017 1.76988651e-015 3.47561836e-016
 1.09440000e+003 7.25250241e-017 1.77064047e-015 3.16658183e-016
 1.09800000e+003 7.17799784e-017 1.77138510e-015 2.88531205e-016
 1.10160000e+003 7.10442477e-017 1.77212042e-015 2.62931003e-016
 1.10520000e+003 7.03178334e-017 1.77284643e-015 2.39630166e-016
 1.10880000e+003 6.96007425e-017 1.77356311e-015 2.18421748e-016
 1.11240000e+003 6.88929885e-017 1.77427045e-015 1.99117425e-016
 1.11600000e+003 6.81945906e-017 1.77496844e-015 1.81545817e-016
 1.11960000e+003 6.75055749e-017 1.77565704e-015 1.65550968e-016
 1.12320000e+003 6.68259736e-017 1.77633623e-015 1.50990953e-016
 1.12680000e+003 6.61558253e-017 1.77700597e-015 1.37736617e-016
 1.13040000e+003 6.54951751e-017 1.77766620e-015 1.25670427e-016
 1.13400000e+003 6.48440748e-017 1.77831689e-015 1.14685424e-016
 1.13760000e+003 6.42025822e-017 1.77895797e-015 1.04684271e-016
 1.14120000e+003 6.35707615e-017 1.77958938e-015 9.55783903e-017
 1.14480000e+003 6.29486829e-017 1.78021105e-015 8.72871720e-017
 1.14840000e+003 6.23364221e-017 1.78082289e-015 7.97372584e-017
 1.15200000e+003 6.17340604e-017 1.78142484e-015 7.28618914e-017
 1.15560000e+003 6.11416838e-017 1.78201680e-015 6.66003186e-017
 1.15920000e+003 6.05593828e-017 1.78259869e-015 6.08972533e-017
 1.16280000e+003 5.99872513e-017 1.78317041e-015 5.57023827e-017
 1.16640000e+003 5.94253864e-017 1.78373186e-015 5.09699206e-017
 1.17000000e+003 5.88738872e-017 1.78428294e-015 4.66582006e-017
 1.17360000e+003 5.83328541e-017 1.78482356e-015 4.27293057e-017
 1.17720000e+003 5.78023873e-017 1.78535361e-015 3.91487314e-017
 1.18080000e+003 5.72825862e-017 1.78587300e-015 3.58850790e-017
 1.18440000e+003 5.67735479e-017 1.78638162e-015 3.29097770e-017
 1.18800000e+003 5.62753658e-017 1.78687939e-015 3.01968269e-017
 1.19160000e+003 5.57881285e-017 1.78736621e-015 2.77225728e-017
 1.19520000e+003 5.53119182e-017 1.78784200e-015 2.54654908e-017
 1.19880000e+003 5.48468095e-017 1.78830669e-015 2.34059980e-017
 1.20240000e+003 5.43928677e-017 1.78876022e-015 2.15262787e-017
 1.20600000e+003 5.39501476e-017 1.78920252e-015 1.98101258e-017
 1.20960000e+003 5.35186923e-017 1.78963356e-015 1.82427966e-017
 1.21320000e+003 5.30985316e-017 1.79005331e-015 1.68108821e-017
 1.21680000e+003 5.26896813e-017 1.79046174e-015 1.55021869e-017
 1.22040000e+003 5.22921418e-017 1.79085886e-015 1.43056210e-017
 1.22400000e+003 5.19058974e-017 1.79124469e-015 1.32111005e-017
 1.22760000e+003 5.15309160e-017 1.79161925e-015 1.22094574e-017
 1.23120000e+003 5.11671481e-017 1.79198260e-015 1.12923574e-017
 1.23480000e+003 5.08145266e-017 1.79233481e-015 1.04522250e-017
 1.23840000e+003 5.04729671e-017 1.79267595e-015 9.68217529e-018
 1.24200000e+003 5.01423678e-017 1.79300613e-015 8.97595167e-018
 1.24560000e+003 4.98226097e-017 1.79332547e-015 8.32786920e-018
 1.24920000e+003 4.95135573e-017 1.79363411e-015 7.73276284e-018
 1.25280000e+003 4.92150595e-017 1.79393219e-015 7.18594028e-018
 1.25640000e+003 4.89269500e-017 1.79421988e-015 6.68313904e-018
 1.26000000e+003 4.86490487e-017 1.79449737e-015 6.22048720e-018
 1.26360000e+003 4.83811625e-017 1.79476484e-015 5.79446777e-018
 1.26720000e+003 4.81230869e-017 1.79502249e-015 5.40188609e-018
 1.27080000e+003 4.78746067e-017 1.79527056e-015 5.03984022e-018
 1.27440000e+003 4.76354980e-017 1.79550925e-015 4.70569393e-018
 1.27800000e+003 4.74055289e-017 1.79573880e-015 4.39705210e-018
 1.28160000e+003 4.71844611e-017 1.79595945e-015 4.11173843e-018
 1.28520000e+003 4.69720513e-017 1.79617144e-015 3.84777502e-018
 1.28880000e+003 4.67680521e-017 1.79637503e-015 3.60336394e-018
 1.29240000e+003 4.65722137e-017 1.79657045e-015 3.37687039e-018
 1.29600000e+003 4.63842846e-017 1.79675796e-015 3.16680749e-018
 1.29960000e+003 4.62040129e-017 1.79693781e-015 2.97182240e-018
 1.30320000e+003 4.60311472e-017 1.79711026e-015 2.79068379e-018
 1.30680000e+003 4.58654374e-017 1.79727556e-015 2.62227043e-018
 1.31040000e+003 4.57066358e-017 1.79743394e-015 2.46556090e-018
 1.31400000e+003 4.55544977e-017 1.79758566e-015 2.31962420e-018
 1.31760000e+003 4.54087818e-017 1.79773096e-015 2.18361133e-018
 1.32120000e+003 4.52692511e-017 1.79787007e-015 2.05674763e-018
 1.32480000e+003 4.51356734e-017 1.79800323e-015 1.93832581e-018
 1.32840000e+003 4.50078213e-017 1.79813067e-015 1.82769972e-018
 1.33200000e+003 4.48854730e-017 1.79825260e-015 1.72427864e-018
 1.33560000e+003 4.47684122e-017 1.79836925e-015 1.62752219e-018
 1.33920000e+003 4.46564287e-017 1.79848081e-015 1.53693567e-018
 1.34280000e+003 4.45493183e-017 1.79858751e-015 1.45206588e-018
 1.34640000e+003 4.44468829e-017 1.79868952e-015 1.37249732e-018
 1.35000000e+003 4.43489307e-017 1.79878706e-015 1.29784875e-018
 1.35360000e+003 4.42552762e-017 1.79888030e-015 1.22777013e-018
 1.35720000e+003 4.41657401e-017 1.79896942e-015 1.16193978e-018
 1.36080000e+003 4.40801493e-017 1.79905459e-015 1.10006183e-018
 1.36440000e+003 4.39983372e-017 1.79913599e-015 1.04186398e-018
 1.36800000e+003 4.39201428e-017 1.79921376e-015 9.87095371e-019
 1.37160000e+003 4.38454115e-017 1.79928808e-015 9.35524737e-019
 1.37520000e+003 4.37739943e-017 1.79935908e-015 8.86938675e-019
 1.37880000e+003 4.37057483e-017 1.79942691e-015 8.41140114e-019
 1.38240000e+003 4.36405358e-017 1.79949170e-015 7.97946912e-019
 1.38600000e+003 4.35782249e-017 1.79955360e-015 7.57190586e-019
 1.38960000e+003 4.35186888e-017 1.79961272e-015 7.18715161e-019
 1.39320000e+003 4.34618061e-017 1.79966918e-015 6.82376118e-019
 1.39680000e+003 4.34074600e-017 1.79972311e-015 6.48039448e-019
 1.40040000e+003 4.33555390e-017 1.79977462e-015 6.15580785e-019
 1.40400000e+003 4.33059360e-017 1.79982380e-015 5.84884618e-019
 1.40760000e+003 4.32585485e-017 1.79987078e-015 5.55843581e-019
 1.41120000e+003 4.32132782e-017 1.79991563e-015 5.28357793e-019
 1.41480000e+003 4.31700312e-017 1.79995846e-015 5.02334269e-019
 1.41840000e+003 4.31287175e-017 1.79999936e-015 4.77686377e-019
 1.42200000e+003 4.30892511e-017 1.80003841e-015 4.54333342e-019
 1.42560000e+003 4.30515495e-017 1.80007569e-015 4.32199796e-019
 1.42920000e+003 4.30155341e-017 1.80011129e-015 4.11215361e-019
 1.43280000e+003 4.29811294e-017 1.80014528e-015 3.91314278e-019
 1.43640000e+003 4.29482636e-017 1.80017773e-015 3.72435054e-019
 1.44000000e+003 4.29168675e-017 1.80020871e-015 3.54520151e-019
 1.44360000e+003 4.28868756e-017 1.80023828e-015 3.37515692e-019
 1.44720000e+003 4.28582247e-017 1.80026652e-015 3.21371196e-019
 1.45080000e+003 4.28308548e-017 1.80029347e-015 3.06039335e-019
 1.45440000e+003 4.28047084e-017 1.80031920e-015 2.91475704e-019
 1.45800000e+003 4.27797306e-017 1.80034376e-015 2.77638622e-019
 1.46160000e+003 4.27558689e-017 1.80036721e-015 2.64488937e-019
 1.46520000e+003 4.27330731e-017 1.80038959e-015 2.51989850e-019
 1.46880000e+003 4.27112953e-017 1.80041095e-015 2.40106759e-019
 1.47240000e+003 4.26904898e-017 1.80043134e-015 2.28807103e-019
 1.47600000e+003 4.26706128e-017 1.80045080e-015 2.18060232e-019
 1.47960000e+003 4.26516226e-017 1.80046937e-015 2.07837275e-019
 1.48320000e+003 4.26334792e-017 1.80048710e-015 1.98111023e-019
 1.48680000e+003 4.26161446e-017 1.80050402e-015 1.88855824e-019
 1.49040000e+003 4.25995824e-017 1.80052017e-015 1.80047479e-019
 1.49400000e+003 4.25837578e-017 1.80053557e-015 1.71663153e-019
 1.49760000e+003 4.25686376e-017 1.80055028e-015 1.63681281e-019
 1.50120000e+003 4.25541900e-017 1.80056431e-015 1.56081498e-019
 1.50480000e+003 4.25403849e-017 1.80057770e-015 1.48844557e-019
 1.50840000e+003 4.25271932e-017 1.80059047e-015 1.41952262e-019
 1.51200000e+003 4.25145873e-017 1.80060266e-015 1.35387406e-019
 1.51560000e+003 4.25025409e-017 1.80061429e-015 1.29133709e-019
 1.51920000e+003 4.24910288e-017 1.80062539e-015 1.23175762e-019
 1.52280000e+003 4.24800269e-017 1.80063597e-015 1.17498976e-019
 1.52640000e+003 4.24695122e-017 1.80064607e-015 1.12089535e-019
 1.53000000e+003 4.24594627e-017 1.80065571e-015 1.06934347e-019
 1.53360000e+003 4.24498576e-017 1.80066489e-015 1.02021006e-019
 1.53720000e+003 4.24406768e-017 1.80067366e-015 9.73377506e-020
 1.54080000e+003 4.24319012e-017 1.80068202e-015 9.28734264e-020
 1.54440000e+003 4.24235125e-017 1.80068999e-015 8.86174535e-020
 1.54800000e+003 4.24154934e-017 1.80069759e-015 8.45597928e-020
 1.55160000e+003 4.24078271e-017 1.80070484e-015 8.06909164e-020
 1.55520000e+003 4.24004978e-017 1.80071176e-015 7.70017790e-020
 1.55880000e+003 4.23934903e-017 1.80071835e-015 7.34837914e-020
 1.56240000e+003 4.23867901e-017 1.80072463e-015 7.01287958e-020
 1.56600000e+003 4.23803834e-017 1.80073062e-015 6.69290419e-020
 1.56960000e+003 4.23742569e-017 1.80073633e-015 6.38771652e-020
 1.57320000e+003 4.23683981e-017 1.80074178e-015 6.09661666e-020
 1.57680000e+003 4.23627948e-017 1.80074696e-015 5.81893924e-020
 1.58040000e+003 4.23574356e-017 1.80075191e-015 5.55405163e-020
 1.58400000e+003 4.23523095e-017 1.80075662e-015 5.30135221e-020
 1.58760000e+003 4.23474060e-017 1.80076110e-015 5.06026876e-020
 1.59120000e+003 4.23427150e-017 1.80076538e-015 4.83025691e-020
 1.59480000e+003 4.23382270e-017 1.80076945e-015 4.61079873e-020
 1.59840000e+003 4.23339329e-017 1.80077333e-015 4.40140131e-020
 1.60200000e+003 4.23298238e-017 1.80077702e-015 4.20159554e-020
 1.60560000e+003 4.23258916e-017 1.80078054e-015 4.01093488e-020
 1.60920000e+003 4.23221282e-017 1.80078388e-015 3.82899419e-020
 1.61280000e+003 4.23185260e-017 1.80078707e-015 3.65536868e-020
 1.61640000e+003 4.23150777e-017 1.80079010e-015 3.48967286e-020
 1.62000000e+003 4.23117765e-017 1.80079299e-015 3.33153959e-020
 1.62360000e+003 4.23086157e-017 1.80079573e-015 3.18061919e-020
 1.62720000e+003 4.23055890e-017 1.80079834e-015 3.03657851e-020
 1.63080000e+003 4.23026903e-017 1.80080082e-015 2.89910016e-020
 1.63440000e+003 4.22999139e-017 1.80080318e-015 2.76788174e-020
 1.63800000e+003 4.22972543e-017 1.80080543e-015 2.64263506e-020
 1.64160000e+003 4.22947062e-017 1.80080756e-015 2.52308550e-020
 1.64520000e+003 4.22922646e-017 1.80080958e-015 2.40897129e-020
 1.64880000e+003 4.22899247e-017 1.80081151e-015 2.30004294e-020
 1.65240000e+003 4.22876820e-017 1.80081333e-015 2.19606260e-020
 1.65600000e+003 4.22855320e-017 1.80081507e-015 2.09680355e-020
 1.65960000e+003 4.22834706e-017 1.80081671e-015 2.00204960e-020
 1.66320000e+003 4.22814938e-017 1.80081827e-015 1.91159462e-020
 1.66680000e+003 4.22795977e-017 1.80081975e-015 1.82524209e-020
 1.67040000e+003 4.22777789e-017 1.80082116e-015 1.74280456e-020
 1.67400000e+003 4.22760337e-017 1.80082249e-015 1.66410329e-020
 1.67760000e+003 4.22743588e-017 1.80082374e-015 1.58896782e-020
 1.68120000e+003 4.22727512e-017 1.80082494e-015 1.51723553e-020
 1.68480000e+003 4.22712077e-017 1.80082606e-015 1.44875134e-020
 1.68840000e+003 4.22697255e-017 1.80082713e-015 1.38336732e-020
 1.69200000e+003 4.22683018e-017 1.80082814e-015 1.32094233e-020
 1.69560000e+003 4.22669340e-017 1.80082909e-015 1.26134174e-020
 1.69920000e+003 4.22656196e-017 1.80082999e-015 1.20443711e-020
 1.70280000e+003 4.22643562e-017 1.80083083e-015 1.15010589e-020
 1.70640000e+003 4.22631414e-017 1.80083163e-015 1.09823115e-020
 1.71000000e+003 4.22619731e-017 1.80083238e-015 1.04870135e-020
 1.71360000e+003 4.22608492e-017 1.80083309e-015 1.00141002e-020
 1.71720000e+003 4.22597677e-017 1.80083376e-015 9.56255580e-021
 1.72080000e+003 4.22587267e-017 1.80083438e-015 9.13141103e-021
 1.72440000e+003 4.22577244e-017 1.80083497e-015 8.71974082e-021
 1.72800000e+003 4.22567590e-017 1.80083552e-015 8.32666240e-021
 1.73160000e+003 4.22558288e-017 1.80083603e-015 7.95133325e-021
 1.73520000e+003 4.22549323e-017 1.80083651e-015 7.59294932e-021
 1.73880000e+003 4.22540680e-017 1.80083696e-015 7.25074318e-021
 1.74240000e+003 4.22532344e-017 1.80083738e-015 6.92398240e-021
 1.74600000e+003 4.22524301e-017 1.80083777e-015 6.61196786e-021
 1.74960000e+003 4.22516539e-017 1.80083813e-015 6.31403230e-021
 1.75320000e+003 4.22509044e-017 1.80083846e-015 6.02953878e-021
 1.75680000e+003 4.22501804e-017 1.80083877e-015 5.75787934e-021
 1.76040000e+003 4.22494808e-017 1.80083905e-015 5.49847364e-021
 1.76400000e+003 4.22488046e-017 1.80083931e-015 5.25076769e-021
 1.76760000e+003 4.22481506e-017 1.80083955e-015 5.01423269e-021
 1.77120000e+003 4.22475178e-017 1.80083976e-015 4.78836380e-021
 1.77480000e+003 4.22469053e-017 1.80083996e-015 4.57267911e-021
 1.77840000e+003 4.22463122e-017 1.80084014e-015 4.36671857e-021
 1.78200000e+003 4.22457376e-017 1.80084030e-015 4.17004297e-021
 1.78560000e+003 4.22451807e-017 1.80084044e-015 3.98223302e-021
 1.78920000e+003 4.22446407e-017 1.80084056e-015 3.80288842e-021
 1.79280000e+003 4.22441168e-017 1.80084067e-015 3.63162702e-021
 1.79640000e+003 4.22436083e-017 1.80084076e-015 3.46808394e-021
 1.80000000e+003 4.22431144e-017 1.80084084e-015 3.31191084e-021
 1.80360000e+003 4.22426347e-017 1.80084090e-015 3.16277516e-021
 1.80720000e+003 4.22421683e-017 1.80084095e-015 3.02035935e-021
 1.81080000e+003 4.22417147e-017 1.80084099e-015 2.88436026e-021
 1.81440000e+003 4.22412734e-017 1.80084101e-015 2.75448842e-021
 1.81800000e+003 4.22408438e-017 1.80084103e-015 2.63046747e-021
 1.82160000e+003 4.22404253e-017 1.80084103e-015 2.51203353e-021
 1.82520000e+003 4.22400174e-017 1.80084102e-015 2.39893465e-021
 1.82880000e+003 4.22396197e-017 1.80084100e-015 2.29093027e-021
 1.83240000e+003 4.22392318e-017 1.80084098e-015 2.18779070e-021
 1.83600000e+003 4.22388531e-017 1.80084094e-015 2.08929660e-021
 1.83960000e+003 4.22384833e-017 1.80084089e-015 1.99523856e-021
 1.84320000e+003 4.22381219e-017 1.80084084e-015 1.90541663e-021
 1.84680000e+003 4.22377686e-017 1.80084077e-015 1.81963987e-021
 1.85040000e+003 4.22374230e-017 1.80084070e-015 1.73772596e-021
 1.85400000e+003 4.22370849e-017 1.80084062e-015 1.65950084e-021
 1.85760000e+003 4.22367537e-017 1.80084054e-015 1.58479826e-021
 1.86120000e+003 4.22364293e-017 1.80084045e-015 1.51345950e-021
 1.86480000e+003 4.22361112e-017 1.80084035e-015 1.44533299e-021
 1.86840000e+003 4.22357994e-017 1.80084025e-015 1.38027401e-021
 1.87200000e+003 4.22354933e-017 1.80084014e-015 1.31814435e-021
 1.87560000e+003 4.22351929e-017 1.80084002e-015 1.25881205e-021
 1.87920000e+003 4.22348978e-017 1.80083990e-015 1.20215110e-021
 1.88280000e+003 4.22346078e-017 1.80083977e-015 1.14804116e-021
 1.88640000e+003 4.22343226e-017 1.80083964e-015 1.09636732e-021
 1.89000000e+003 4.22340422e-017 1.80083951e-015 1.04701986e-021
 1.89360000e+003 4.22337661e-017 1.80083937e-015 9.99893991e-022
 1.89720000e+003 4.22334943e-017 1.80083922e-015 9.54889668e-022
 1.90080000e+003 4.22332266e-017 1.80083907e-015 9.11911340e-022
 1.90440000e+003 4.22329627e-017 1.80083892e-015 8.70867765e-022
 1.90800000e+003 4.22327025e-017 1.80083876e-015 8.31671818e-022
 1.91160000e+003 4.22324459e-017 1.80083860e-015 7.94240294e-022
 1.91520000e+003 4.22321926e-017 1.80083844e-015 7.58493743e-022
 1.91880000e+003 4.22319425e-017 1.80083828e-015 7.24356292e-022
 1.92240000e+003 4.22316955e-017 1.80083811e-015 6.91755486e-022
 1.92600000e+003 4.22314515e-017 1.80083793e-015 6.60622136e-022
 1.92960000e+003 4.22312102e-017 1.80083776e-015 6.30890170e-022
 1.93320000e+003 4.22309716e-017 1.80083758e-015 6.02496492e-022
 1.93680000e+003 4.22307356e-017 1.80083740e-015 5.75380847e-022
 1.94040000e+003 4.22305020e-017 1.80083722e-015 5.49485698e-022
 1.94400000e+003 4.22302708e-017 1.80083703e-015 5.24756095e-022
 1.94760000e+003 4.22300418e-017 1.80083685e-015 5.01139565e-022
 1.95120000e+003 4.22298149e-017 1.80083666e-015 4.78586000e-022
 1.95480000e+003 4.22295900e-017 1.80083647e-015 4.57047547e-022
 1.95840000e+003 4.22293671e-017 1.80083627e-015 4.36478507e-022
 1.96200000e+003 4.22291460e-017 1.80083608e-015 4.16835241e-022
 1.96560000e+003 4.22289267e-017 1.80083588e-015 3.98076074e-022
 1.96920000e+003 4.22287091e-017 1.80083568e-015 3.80161209e-022
 1.97280000e+003 4.22284931e-017 1.80083548e-015 3.63052640e-022
 1.97640000e+003 4.22282787e-017 1.80083528e-015 3.46714072e-022
 1.98000000e+003 4.22280657e-017 1.80083508e-015 3.31110845e-022
 1.98360000e+003 4.22278541e-017 1.80083487e-015 3.16209860e-022
 1.98720000e+003 4.22276439e-017 1.80083467e-015 3.01979506e-022
 1.99080000e+003 4.22274349e-017 1.80083446e-015 2.88389599e-022
 1.99440000e+003 4.22272272e-017 1.80083425e-015 2.75411310e-022
 1.99800000e+003 4.22270206e-017 1.80083404e-015 2.63017111e-022
 2.00160000e+003 4.22268152e-017 1.80083383e-015 2.51180712e-022
 2.00520000e+003 4.22266108e-017 1.80083362e-015 2.39877006e-022
 2.00880000e+003 4.22264075e-017 1.80083341e-015 2.29082017e-022
 2.01240000e+003 4.22262051e-017 1.80083319e-015 2.18772849e-022
 2.01600000e+003 4.22260037e-017 1.80083298e-015 2.08927635e-022
 2.01960000e+003 4.22258031e-017 1.80083276e-015 1.99525494e-022
 2.02320000e+003 4.22256034e-017 1.80083255e-015 1.90546485e-022
 2.02680000e+003 4.22254045e-017 1.80083233e-015 1.81971563e-022
 2.03040000e+003 4.22252063e-017 1.80083211e-015 1.73782541e-022
 2.03400000e+003 4.22250089e-017 1.80083189e-015 1.65962052e-022
 2.03760000e+003 4.22248123e-017 1.80083167e-015 1.58493509e-022
 2.04120000e+003 4.22246162e-017 1.80083145e-015 1.51361072e-022
 2.04480000e+003 4.22244209e-017 1.80083123e-015 1.44549616e-022
 2.04840000e+003 4.22242261e-017 1.80083101e-015 1.38044693e-022
 2.05200000e+003 4.22240320e-017 1.80083079e-015 1.31832508e-022
 2.05560000e+003 4.22238383e-017 1.80083056e-015 1.25899887e-022
 2.05920000e+003 4.22236453e-017 1.80083034e-015 1.20234248e-022
 2.06280000e+003 4.22234527e-017 1.80083012e-015 1.14823575e-022
 2.06640000e+003 4.22232606e-017 1.80082989e-015 1.09656395e-022
 2.07000000e+003 4.22230690e-017 1.80082967e-015 1.04721747e-022
 2.07360000e+003 4.22228779e-017 1.80082944e-015 1.00009169e-022
 2.07720000e+003 4.22226871e-017 1.80082922e-015 9.55086654e-023
 2.08080000e+003 4.22224968e-017 1.80082899e-015 9.12106925e-023
 2.08440000e+003 4.22223069e-017 1.80082877e-015 8.71061356e-023
 2.08800000e+003 4.22221173e-017 1.80082854e-015 8.31862904e-023
 2.09160000e+003 4.22219281e-017 1.80082831e-015 7.94428444e-023
 2.09520000e+003 4.22217392e-017 1.80082809e-015 7.58678590e-023
 2.09880000e+003 4.22215507e-017 1.80082786e-015 7.24537529e-023
 2.10240000e+003 4.22213624e-017 1.80082763e-015 6.91932863e-023
 2.10600000e+003 4.22211745e-017 1.80082740e-015 6.60795448e-023
 2.10960000e+003 4.22209868e-017 1.80082717e-015 6.31059256e-023
 2.11320000e+003 4.22207994e-017 1.80082694e-015 6.02661227e-023
 2.11680000e+003 4.22206123e-017 1.80082672e-015 5.75541141e-023
 2.12040000e+003 4.22204254e-017 1.80082649e-015 5.49641489e-023
 2.12400000e+003 4.22202387e-017 1.80082626e-015 5.24907347e-023
 2.12760000e+003 4.22200523e-017 1.80082603e-015 5.01286265e-023
 2.13120000e+003 4.22198661e-017 1.80082580e-015 4.78728155e-023
 2.13480000e+003 4.22196801e-017 1.80082557e-015 4.57185179e-023
 2.13840000e+003 4.22194942e-017 1.80082534e-015 4.36611656e-023
 2.14200000e+003 4.22193086e-017 1.80082511e-015 4.16963958e-023
 2.14560000e+003 4.22191231e-017 1.80082488e-015 3.98200422e-023
 2.14920000e+003 4.22189379e-017 1.80082464e-015 3.80281258e-023
 2.15280000e+003 4.22187527e-017 1.80082441e-015 3.63168470e-023
 2.15640000e+003 4.22185678e-017 1.80082418e-015 3.46825769e-023
 2.16000000e+003 4.22183830e-017 1.80082395e-015 3.31218500e-023
 2.16360000e+003 4.22181983e-017 1.80082372e-015 3.16313567e-023
 2.16720000e+003 4.22180137e-017 1.80082349e-015 3.02079366e-023
 2.17080000e+003 4.22178293e-017 1.80082326e-015 2.88485711e-023
 2.17440000e+003 4.22176450e-017 1.80082302e-015 2.75503779e-023
 2.17800000e+003 4.22174609e-017 1.80082279e-015 2.63106040e-023
 2.18160000e+003 4.22172768e-017 1.80082256e-015 2.51266205e-023
 2.18520000e+003 4.22170929e-017 1.80082233e-015 2.39959168e-023
 2.18880000e+003 4.22169090e-017 1.80082210e-015 2.29160953e-023
 2.19240000e+003 4.22167253e-017 1.80082186e-015 2.18848662e-023
 2.19600000e+003 4.22165416e-017 1.80082163e-015 2.09000429e-023
 2.19960000e+003 4.22163581e-017 1.80082140e-015 1.99595370e-023
 2.20320000e+003 4.22161746e-017 1.80082117e-015 1.90613542e-023
 2.20680000e+003 4.22159912e-017 1.80082093e-015 1.82035900e-023
 2.21040000e+003 4.22158079e-017 1.80082070e-015 1.73844254e-023
 2.21400000e+003 4.22156247e-017 1.80082047e-015 1.66021235e-023
 2.21760000e+003 4.22154415e-017 1.80082023e-015 1.58550254e-023
 2.22120000e+003 4.22152584e-017 1.80082000e-015 1.51415470e-023
 2.22480000e+003 4.22150754e-017 1.80081977e-015 1.44601753e-023
 2.22840000e+003 4.22148924e-017 1.80081953e-015 1.38094655e-023
 2.23200000e+003 4.22147095e-017 1.80081930e-015 1.31880378e-023
 2.23560000e+003 4.22145266e-017 1.80081907e-015 1.25945745e-023
 2.23920000e+003 4.22143439e-017 1.80081883e-015 1.20278172e-023
 2.24280000e+003 4.22141611e-017 1.80081860e-015 1.14865642e-023
 2.24640000e+003 4.22139784e-017 1.80081837e-015 1.09696676e-023
 2.25000000e+003 4.22137958e-017 1.80081813e-015 1.04760314e-023
 2.25360000e+003 4.22136132e-017 1.80081790e-015 1.00046090e-023
 2.25720000e+003 4.22134306e-017 1.80081767e-015 9.55440070e-024
 2.26080000e+003 4.22132481e-017 1.80081743e-015 9.12445184e-024
 2.26440000e+003 4.22130656e-017 1.80081720e-015 8.71385075e-024
 2.26800000e+003 4.22128832e-017 1.80081697e-015 8.32172677e-024
 2.27160000e+003 4.22127008e-017 1.80081673e-015 7.94724844e-024
 2.27520000e+003 4.22125184e-017 1.80081650e-015 7.58962168e-024
 2.27880000e+003 4.22123361e-017 1.80081626e-015 7.24808818e-024
 2.28240000e+003 4.22121538e-017 1.80081603e-015 6.92192374e-024
 2.28600000e+003 4.22119716e-017 1.80081580e-015 6.61043673e-024
 2.28960000e+003 4.22117893e-017 1.80081556e-015 6.31296668e-024
 2.29320000e+003 4.22116071e-017 1.80081533e-015 6.02888282e-024
 2.29680000e+003 4.22114249e-017 1.80081509e-015 5.75758276e-024
 2.30040000e+003 4.22112428e-017 1.80081486e-015 5.49849123e-024
 2.30400000e+003 4.22110607e-017 1.80081463e-015 5.25105885e-024
 2.30760000e+003 4.22108786e-017 1.80081439e-015 5.01476095e-024
 2.31120000e+003 4.22106965e-017 1.80081416e-015 4.78909648e-024
 2.31480000e+003 4.22105144e-017 1.80081392e-015 4.57358693e-024
 2.31840000e+003 4.22103324e-017 1.80081369e-015 4.36777533e-024
 2.32200000e+003 4.22101504e-017 1.80081346e-015 4.17122527e-024
 2.32560000e+003 4.22099684e-017 1.80081322e-015 3.98351997e-024
 2.32920000e+003 4.22097864e-017 1.80081299e-015 3.80426143e-024
 2.33280000e+003 4.22096044e-017 1.80081275e-015 3.63306953e-024
 2.33640000e+003 4.22094225e-017 1.80081252e-015 3.46958128e-024
 2.34000000e+003 4.22092405e-017 1.80081228e-015 3.31345001e-024
 2.34360000e+003 4.22090586e-017 1.80081205e-015 3.16434466e-024
 2.34720000e+003 4.22088767e-017 1.80081182e-015 3.02194906e-024
 2.35080000e+003 4.22086948e-017 1.80081158e-015 2.88596127e-024
 2.35440000e+003 4.22085130e-017 1.80081135e-015 2.75609294e-024
 2.35800000e+003 4.22083311e-017 1.80081111e-015 2.63206869e-024
 2.36160000e+003 4.22081493e-017 1.80081088e-015 2.51362553e-024
 2.36520000e+003 4.22079674e-017 1.80081064e-015 2.40051233e-024
 2.36880000e+003 4.22077856e-017 1.80081041e-015 2.29248922e-024
 2.37240000e+003 4.22076038e-017 1.80081018e-015 2.18932716e-024
 2.37600000e+003 4.22074220e-017 1.80080994e-015 2.09080739e-024
 2.37960000e+003 4.22072402e-017 1.80080971e-015 1.99672102e-024
 2.38320000e+003 4.22070584e-017 1.80080947e-015 1.90686854e-024
 2.38680000e+003 4.22068767e-017 1.80080924e-015 1.82105942e-024
 2.39040000e+003 4.22066949e-017 1.80080900e-015 1.73911172e-024
 2.39400000e+003 4.22065132e-017 1.80080877e-015 1.66085166e-024
 2.39760000e+003 4.22063314e-017 1.80080853e-015 1.58611331e-024
 2.40120000e+003 4.22061497e-017 1.80080830e-015 1.51473819e-024
 2.40480000e+003 4.22059680e-017 1.80080807e-015 1.44657495e-024
 2.40840000e+003 4.22057862e-017 1.80080783e-015 1.38147906e-024
 2.41200000e+003 4.22056045e-017 1.80080760e-015 1.31931248e-024
 2.41560000e+003 4.22054228e-017 1.80080736e-015 1.25994341e-024
 2.41920000e+003 4.22052411e-017 1.80080713e-015 1.20324594e-024
 2.42280000e+003 4.22050594e-017 1.80080689e-015 1.14909986e-024
 2.42640000e+003 4.22048778e-017 1.80080666e-015 1.09739035e-024
 2.43000000e+003 4.22046961e-017 1.80080642e-015 1.04800777e-024
 2.43360000e+003 4.22045144e-017 1.80080619e-015 1.00084742e-024
 2.43720000e+003 4.22043327e-017 1.80080596e-015 9.55809272e-025
 2.44080000e+003 4.22041511e-017 1.80080572e-015 9.12797847e-025
 2.44440000e+003 4.22039694e-017 1.80080549e-015 8.71721936e-025
 2.44800000e+003 4.22037878e-017 1.80080525e-015 8.32494442e-025
 2.45160000e+003 4.22036061e-017 1.80080502e-015 7.95032186e-025
 2.45520000e+003 4.22034245e-017 1.80080478e-015 7.59255732e-025
 2.45880000e+003 4.22032429e-017 1.80080455e-015 7.25089219e-025
 2.46240000e+003 4.22030612e-017 1.80080431e-015 6.92460199e-025
 2.46600000e+003 4.22028796e-017 1.80080408e-015 6.61299486e-025
 2.46960000e+003 4.22026980e-017 1.80080384e-015 6.31541005e-025
 2.47320000e+003 4.22025164e-017 1.80080361e-015 6.03121656e-025
 2.47680000e+003 4.22023348e-017 1.80080338e-015 5.75981178e-025
 2.48040000e+003 4.22021532e-017 1.80080314e-015 5.50062022e-025
 2.48400000e+003 4.22019715e-017 1.80080291e-015 5.25309228e-025
 2.48760000e+003 4.22017899e-017 1.80080267e-015 5.01670311e-025
 2.49120000e+003 4.22016084e-017 1.80080244e-015 4.79095144e-025
 2.49480000e+003 4.22014268e-017 1.80080220e-015 4.57535861e-025
 2.49840000e+003 4.22012452e-017 1.80080197e-015 4.36946745e-025
 2.50200000e+003 4.22010636e-017 1.80080173e-015 4.17284140e-025
 2.50560000e+003 4.22008820e-017 1.80080150e-015 3.98506352e-025
 2.50920000e+003 4.22007004e-017 1.80080126e-015 3.80573565e-025
 2.51280000e+003 4.22005188e-017 1.80080103e-015 3.63447753e-025
 2.51640000e+003 4.22003373e-017 1.80080080e-015 3.47092603e-025
 2.52000000e+003 4.22001557e-017 1.80080056e-015 3.31473435e-025
 2.52360000e+003 4.21999741e-017 1.80080033e-015 3.16557129e-025
 2.52720000e+003 4.21997926e-017 1.80080009e-015 3.02312057e-025
 2.53080000e+003 4.21996110e-017 1.80079986e-015 2.88708014e-025
 2.53440000e+003 4.21994294e-017 1.80079962e-015 2.75716153e-025
 2.53800000e+003 4.21992479e-017 1.80079939e-015 2.63308925e-025
 2.54160000e+003 4.21990663e-017 1.80079915e-015 2.51460023e-025
 2.54520000e+003 4.21988848e-017 1.80079892e-015 2.40144321e-025
 2.54880000e+003 4.21987032e-017 1.80079868e-015 2.29337826e-025
 2.55240000e+003 4.21985217e-017 1.80079845e-015 2.19017623e-025
 2.55600000e+003 4.21983401e-017 1.80079821e-015 2.09161830e-025
 2.55960000e+003 4.21981586e-017 1.80079798e-015 1.99749547e-025
 2.56320000e+003 4.21979771e-017 1.80079775e-015 1.90760817e-025
 2.56680000e+003 4.21977955e-017 1.80079751e-015 1.82176580e-025
 2.57040000e+003 4.21976140e-017 1.80079728e-015 1.73978634e-025
 2.57400000e+003 4.21974325e-017 1.80079704e-015 1.66149595e-025
 2.57760000e+003 4.21972509e-017 1.80079681e-015 1.58672863e-025
 2.58120000e+003 4.21970694e-017 1.80079657e-015 1.51532584e-025
 2.58480000e+003 4.21968879e-017 1.80079634e-015 1.44713617e-025
 2.58840000e+003 4.21967064e-017 1.80079610e-015 1.38201504e-025
 2.59200000e+003 4.21965248e-017 1.80079587e-015 1.31982437e-025
 2.59560000e+003 4.21963433e-017 1.80079563e-015 1.26043227e-025
 2.59920000e+003 4.21961618e-017 1.80079540e-015 1.20371281e-025
 2.60280000e+003 4.21959803e-017 1.80079516e-015 1.14954574e-025
 2.60640000e+003 4.21957988e-017 1.80079493e-015 1.09781618e-025
 2.61000000e+003 4.21956173e-017 1.80079470e-015 1.04841445e-025
 2.61360000e+003 4.21954358e-017 1.80079446e-015 1.00123580e-025
 2.61720000e+003 4.21952543e-017 1.80079423e-015 9.56180185e-026
 2.62080000e+003 4.21950728e-017 1.80079399e-015 9.13152075e-026
 2.62440000e+003 4.21948912e-017 1.80079376e-015 8.72060231e-026
 2.62800000e+003 4.21947097e-017 1.80079352e-015 8.32817520e-026
 2.63160000e+003 4.21945283e-017 1.80079329e-015 7.95340731e-026
 2.63520000e+003 4.21943468e-017 1.80079305e-015 7.59550398e-026
 2.63880000e+003 4.21941653e-017 1.80079282e-015 7.25370629e-026
 2.64240000e+003 4.21939838e-017 1.80079258e-015 6.92728950e-026
 2.64600000e+003 4.21938023e-017 1.80079235e-015 6.61556147e-026
 2.64960000e+003 4.21936208e-017 1.80079211e-015 6.31786120e-026
 2.65320000e+003 4.21934393e-017 1.80079188e-015 6.03355744e-026
 2.65680000e+003 4.21932578e-017 1.80079164e-015 5.76204736e-026
 2.66040000e+003 4.21930763e-017 1.80079141e-015 5.50275522e-026
 2.66400000e+003 4.21928948e-017 1.80079117e-015 5.25513123e-026
 2.66760000e+003 4.21927134e-017 1.80079094e-015 5.01865033e-026
 2.67120000e+003 4.21925319e-017 1.80079071e-015 4.79281106e-026
 2.67480000e+003 4.21923504e-017 1.80079047e-015 4.57713456e-026
 2.67840000e+003 4.21921689e-017 1.80079024e-015 4.37116350e-026
 2.68200000e+003 4.21919875e-017 1.80079000e-015 4.17446114e-026
 2.68560000e+003 4.21918060e-017 1.80078977e-015 3.98661039e-026
 2.68920000e+003 4.21916245e-017 1.80078953e-015 3.80721292e-026
 2.69280000e+003 4.21914431e-017 1.80078930e-015 3.63588834e-026
 2.69640000e+003 4.21912616e-017 1.80078906e-015 3.47227336e-026
 2.70000000e+003 4.21910801e-017 1.80078883e-015 3.31602106e-026
 2.70360000e+003 4.21908987e-017 1.80078859e-015 3.16680011e-026
 2.70720000e+003 4.21907172e-017 1.80078836e-015 3.02429410e-026
 2.71080000e+003 4.21905357e-017 1.80078812e-015 2.88820087e-026
 2.71440000e+003 4.21903543e-017 1.80078789e-015 2.75823183e-026
 2.71800000e+003 4.21901728e-017 1.80078765e-015 2.63411140e-026
 2.72160000e+003 4.21899914e-017 1.80078742e-015 2.51557638e-026
 2.72520000e+003 4.21898099e-017 1.80078719e-015 2.40237545e-026
 2.72880000e+003 4.21896285e-017 1.80078695e-015 2.29426855e-026
 2.73240000e+003 4.21894470e-017 1.80078672e-015 2.19102646e-026
 2.73600000e+003 4.21892656e-017 1.80078648e-015 2.09243027e-026
 2.73960000e+003 4.21890841e-017 1.80078625e-015 1.99827091e-026
 2.74320000e+003 4.21889027e-017 1.80078601e-015 1.90834872e-026
 2.74680000e+003 4.21887212e-017 1.80078578e-015 1.82247303e-026
 2.75040000e+003 4.21885398e-017 1.80078554e-015 1.74046174e-026
 2.75400000e+003 4.21883584e-017 1.80078531e-015 1.66214096e-026
 2.75760000e+003 4.21881769e-017 1.80078507e-015 1.58734462e-026
 2.76120000e+003 4.21879955e-017 1.80078484e-015 1.51591411e-026
 2.76480000e+003 4.21878141e-017 1.80078460e-015 1.44769797e-026
 2.76840000e+003 4.21876326e-017 1.80078437e-015 1.38255157e-026
 2.77200000e+003 4.21874512e-017 1.80078413e-015 1.32033674e-026
 2.77560000e+003 4.21872698e-017 1.80078390e-015 1.26092159e-026
 2.77920000e+003 4.21870883e-017 1.80078366e-015 1.20418012e-026
 2.78280000e+003 4.21869069e-017 1.80078343e-015 1.14999201e-026
 2.78640000e+003 4.21867255e-017 1.80078319e-015 1.09824237e-026
 2.79000000e+003 4.21865441e-017 1.80078296e-015 1.04882147e-026
 2.79360000e+003 4.21863626e-017 1.80078273e-015 1.00162450e-026
 2.79720000e+003 4.21861812e-017 1.80078249e-015 9.56551398e-027
 2.80080000e+003 4.21859998e-017 1.80078226e-015 9.13506585e-027
 2.80440000e+003 4.21858184e-017 1.80078202e-015 8.72398788e-027
 2.80800000e+003 4.21856370e-017 1.80078179e-015 8.33140843e-027
 2.81160000e+003 4.21854556e-017 1.80078155e-015 7.95649505e-027
 2.81520000e+003 4.21852741e-017 1.80078132e-015 7.59845277e-027
 2.81880000e+003 4.21850927e-017 1.80078108e-015 7.25652239e-027
 2.82240000e+003 4.21849113e-017 1.80078085e-015 6.92997889e-027
 2.82600000e+003 4.21847299e-017 1.80078061e-015 6.61812984e-027
 2.82960000e+003 4.21845485e-017 1.80078038e-015 6.32031399e-027
 2.83320000e+003 4.21843671e-017 1.80078014e-015 6.03589986e-027
 2.83680000e+003 4.21841857e-017 1.80077991e-015 5.76428437e-027
 2.84040000e+003 4.21840043e-017 1.80077967e-015 5.50489157e-027
 2.84400000e+003 4.21838229e-017 1.80077944e-015 5.25717145e-027
 2.84760000e+003 4.21836415e-017 1.80077920e-015 5.02059874e-027
 2.85120000e+003 4.21834601e-017 1.80077897e-015 4.79467179e-027
 2.85480000e+003 4.21832787e-017 1.80077873e-015 4.57891156e-027
 2.85840000e+003 4.21830973e-017 1.80077850e-015 4.37286054e-027
 2.86200000e+003 4.21829159e-017 1.80077826e-015 4.17608182e-027
 2.86560000e+003 4.21827345e-017 1.80077803e-015 3.98815813e-027
 2.86920000e+003 4.21825532e-017 1.80077780e-015 3.80869102e-027
 2.87280000e+003 4.21823718e-017 1.80077756e-015 3.63729992e-027
 2.87640000e+003 4.21821904e-017 1.80077733e-015 3.47362143e-027
 2.88000000e+003 4.21820090e-017 1.80077709e-015 3.31730846e-027
 2.88360000e+003 4.21818276e-017 1.80077686e-015 3.16802958e-027
 2.88720000e+003 4.21816462e-017 1.80077662e-015 3.02546825e-027
 2.89080000e+003 4.21814649e-017 1.80077639e-015 2.88932218e-027
 2.89440000e+003 4.21812835e-017 1.80077615e-015 2.75930268e-027
 2.89800000e+003 4.21811021e-017 1.80077592e-015 2.63513406e-027
 2.90160000e+003 4.21809207e-017 1.80077568e-015 2.51655303e-027
 2.90520000e+003 4.21807394e-017 1.80077545e-015 2.40330814e-027
 2.90880000e+003 4.21805580e-017 1.80077521e-015 2.29515927e-027
 2.91240000e+003 4.21803766e-017 1.80077498e-015 2.19187711e-027
 2.91600000e+003 4.21801952e-017 1.80077474e-015 2.09324264e-027
 2.91960000e+003 4.21800139e-017 1.80077451e-015 1.99904672e-027
 2.92320000e+003 4.21798325e-017 1.80077427e-015 1.90908962e-027
 2.92680000e+003 4.21796512e-017 1.80077404e-015 1.82318058e-027
 2.93040000e+003 4.21794698e-017 1.80077380e-015 1.74113746e-027
 2.93400000e+003 4.21792884e-017 1.80077357e-015 1.66278627e-027
 2.93760000e+003 4.21791071e-017 1.80077333e-015 1.58796089e-027
 2.94120000e+003 4.21789257e-017 1.80077310e-015 1.51650265e-027
 2.94480000e+003 4.21787444e-017 1.80077286e-015 1.44826003e-027
 2.94840000e+003 4.21785630e-017 1.80077263e-015 1.38308833e-027
 2.95200000e+003 4.21783817e-017 1.80077240e-015 1.32084935e-027
 2.95560000e+003 4.21782003e-017 1.80077216e-015 1.26141113e-027
 2.95920000e+003 4.21780190e-017 1.80077193e-015 1.20464763e-027
 2.96280000e+003 4.21778376e-017 1.80077169e-015 1.15043849e-027
 2.96640000e+003 4.21776563e-017 1.80077146e-015 1.09866876e-027
 2.97000000e+003 4.21774749e-017 1.80077122e-015 1.04922866e-027
 2.97360000e+003 4.21772936e-017 1.80077099e-015 1.00201337e-027
 2.97720000e+003 4.21771122e-017 1.80077075e-015 9.56922771e-028
 2.98080000e+003 4.21769309e-017 1.80077052e-015 9.13861246e-028
 2.98440000e+003 4.21767496e-017 1.80077028e-015 8.72737490e-028
 2.98800000e+003 4.21765682e-017 1.80077005e-015 8.33464303e-028
 2.99160000e+003 4.21763869e-017 1.80076981e-015 7.95958409e-028
 2.99520000e+003 4.21762056e-017 1.80076958e-015 7.60140281e-028
 2.99880000e+003 4.21760242e-017 1.80076934e-015 7.25933968e-028
 3.00240000e+003 4.21758429e-017 1.80076911e-015 6.93266939e-028
 3.00600000e+003 4.21756616e-017 1.80076887e-015 6.62069927e-028
 3.00960000e+003 4.21754802e-017 1.80076864e-015 6.32276780e-028
 3.01320000e+003 4.21752989e-017 1.80076840e-015 6.03824325e-028
 3.01680000e+003 4.21751176e-017 1.80076817e-015 5.76652231e-028
 3.02040000e+003 4.21749363e-017 1.80076793e-015 5.50702880e-028
 3.02400000e+003 4.21747549e-017 1.80076770e-015 5.25921251e-028
 3.02760000e+003 4.21745736e-017 1.80076746e-015 5.02254794e-028
 3.03120000e+003 4.21743923e-017 1.80076723e-015 4.79653329e-028
 3.03480000e+003 4.21742110e-017 1.80076699e-015 4.58068929e-028
 3.03840000e+003 4.21740297e-017 1.80076676e-015 4.37455827e-028
 3.04200000e+003 4.21738484e-017 1.80076652e-015 4.17770315e-028
 3.04560000e+003 4.21736670e-017 1.80076629e-015 3.98970651e-028
 3.04920000e+003 4.21734857e-017 1.80076606e-015 3.81016971e-028
 3.05280000e+003 4.21733044e-017 1.80076582e-015 3.63871208e-028
 3.05640000e+003 4.21731231e-017 1.80076559e-015 3.47497003e-028
 3.06000000e+003 4.21729418e-017 1.80076535e-015 3.31859638e-028
 3.06360000e+003 4.21727605e-017 1.80076512e-015 3.16925954e-028
 3.06720000e+003 4.21725792e-017 1.80076488e-015 3.02664287e-028
 3.07080000e+003 4.21723979e-017 1.80076465e-015 2.89044394e-028
 3.07440000e+003 4.21722166e-017 1.80076441e-015 2.76037396e-028
 3.07800000e+003 4.21720353e-017 1.80076418e-015 2.63615713e-028
 3.08160000e+003 4.21718540e-017 1.80076394e-015 2.51753006e-028
 3.08520000e+003 4.21716727e-017 1.80076371e-015 2.40424121e-028
 3.08880000e+003 4.21714914e-017 1.80076347e-015 2.29605035e-028
 3.09240000e+003 4.21713101e-017 1.80076324e-015 2.19272809e-028
 3.09600000e+003 4.21711289e-017 1.80076300e-015 2.09405532e-028
 3.09960000e+003 4.21709476e-017 1.80076277e-015 1.99982283e-028
 3.10320000e+003 4.21707663e-017 1.80076253e-015 1.90983081e-028
 3.10680000e+003 4.21705850e-017 1.80076230e-015 1.82388842e-028
 3.11040000e+003 4.21704037e-017 1.80076206e-015 1.74181344e-028
 3.11400000e+003 4.21702224e-017 1.80076183e-015 1.66343184e-028
 3.11760000e+003 4.21700411e-017 1.80076159e-015 1.58857740e-028
 3.12120000e+003 4.21698599e-017 1.80076136e-015 1.51709142e-028
 3.12480000e+003 4.21696786e-017 1.80076112e-015 1.44882231e-028
 3.12840000e+003 4.21694973e-017 1.80076089e-015 1.38362530e-028
 3.13200000e+003 4.21693160e-017 1.80076065e-015 1.32136216e-028
 3.13560000e+003 4.21691348e-017 1.80076042e-015 1.26190087e-028
 3.13920000e+003 4.21689535e-017 1.80076018e-015 1.20511533e-028
 3.14280000e+003 4.21687722e-017 1.80075995e-015 1.15088514e-028
 3.14640000e+003 4.21685910e-017 1.80075971e-015 1.09909531e-028
 3.15000000e+003 4.21684097e-017 1.80075948e-015 1.04963602e-028
 3.15360000e+003 4.21682284e-017 1.80075924e-015 1.00240240e-028
 3.15720000e+003 4.21680472e-017 1.80075901e-015 9.57294289e-029
 3.16080000e+003 4.21678659e-017 1.80075877e-015 9.14216046e-029
 3.16440000e+003 4.21676846e-017 1.80075854e-015 8.73076324e-029
 3.16800000e+003 4.21675034e-017 1.80075830e-015 8.33787890e-029
 3.17160000e+003 4.21673221e-017 1.80075807e-015 7.96267434e-029
 3.17520000e+003 4.21671409e-017 1.80075783e-015 7.60435400e-029
 3.17880000e+003 4.21669596e-017 1.80075760e-015 7.26215807e-029
 3.18240000e+003 4.21667784e-017 1.80075736e-015 6.93536096e-029
 3.18600000e+003 4.21665971e-017 1.80075713e-015 6.62326971e-029
 3.18960000e+003 4.21664159e-017 1.80075689e-015 6.32522258e-029
 3.19320000e+003 4.21662346e-017 1.80075666e-015 6.04058756e-029
 3.19680000e+003 4.21660534e-017 1.80075643e-015 5.76876112e-029
 3.20040000e+003 4.21658721e-017 1.80075619e-015 5.50916687e-029
 3.20400000e+003 4.21656909e-017 1.80075596e-015 5.26125436e-029
 3.20760000e+003 4.21655096e-017 1.80075572e-015 5.02449791e-029
 3.21120000e+003 4.21653284e-017 1.80075549e-015 4.79839551e-029
 3.21480000e+003 4.21651472e-017 1.80075525e-015 4.58246771e-029
 3.21840000e+003 4.21649659e-017 1.80075502e-015 4.37625666e-029
 3.22200000e+003 4.21647847e-017 1.80075478e-015 4.17932511e-029
 3.22560000e+003 4.21646035e-017 1.80075455e-015 3.99125548e-029
 3.22920000e+003 4.21644222e-017 1.80075431e-015 3.81164899e-029
 3.23280000e+003 4.21642410e-017 1.80075408e-015 3.64012478e-029
 3.23640000e+003 4.21640598e-017 1.80075384e-015 3.47631917e-029
 3.24000000e+003 4.21638785e-017 1.80075361e-015 3.31988480e-029
 3.24360000e+003 4.21636973e-017 1.80075337e-015 3.17048999e-029
 3.24720000e+003 4.21635161e-017 1.80075314e-015 3.02781794e-029
 3.25080000e+003 4.21633349e-017 1.80075290e-015 2.89156613e-029
 3.25440000e+003 4.21631537e-017 1.80075267e-015 2.76144566e-029
 3.25800000e+003 4.21629724e-017 1.80075243e-015 2.63718060e-029
 3.26160000e+003 4.21627912e-017 1.80075220e-015 2.51850747e-029
 3.26520000e+003 4.21626100e-017 1.80075196e-015 2.40517464e-029
 3.26880000e+003 4.21624288e-017 1.80075173e-015 2.29694178e-029
 3.27240000e+003 4.21622476e-017 1.80075149e-015 2.19357940e-029
 3.27600000e+003 4.21620664e-017 1.80075126e-015 2.09486833e-029
 3.27960000e+003 4.21618851e-017 1.80075102e-015 2.00059925e-029
 3.28320000e+003 4.21617039e-017 1.80075079e-015 1.91057229e-029
 3.28680000e+003 4.21615227e-017 1.80075055e-015 1.82459653e-029
 3.29040000e+003 4.21613415e-017 1.80075032e-015 1.74248969e-029
 3.29400000e+003 4.21611603e-017 1.80075008e-015 1.66407765e-029
 3.29760000e+003 4.21609791e-017 1.80074985e-015 1.58919416e-029
 3.30120000e+003 4.21607979e-017 1.80074961e-015 1.51768042e-029
 3.30480000e+003 4.21606167e-017 1.80074938e-015 1.44938480e-029
 3.30840000e+003 4.21604355e-017 1.80074914e-015 1.38416249e-029
 3.31200000e+003 4.21602543e-017 1.80074891e-015 1.32187517e-029
 3.31560000e+003 4.21600731e-017 1.80074867e-015 1.26239079e-029
 3.31920000e+003 4.21598919e-017 1.80074844e-015 1.20558321e-029
 3.32280000e+003 4.21597107e-017 1.80074820e-015 1.15133196e-029
 3.32640000e+003 4.21595296e-017 1.80074797e-015 1.09952202e-029
 3.33000000e+003 4.21593484e-017 1.80074773e-015 1.05004353e-029
 3.33360000e+003 4.21591672e-017 1.80074750e-015 1.00279157e-029
 3.33720000e+003 4.21589860e-017 1.80074726e-015 9.57665952e-030
 3.34080000e+003 4.21588048e-017 1.80074703e-015 9.14570984e-030
 3.34440000e+003 4.21586236e-017 1.80074679e-015 8.73415290e-030
 3.34800000e+003 4.21584424e-017 1.80074656e-015 8.34111602e-030
 3.35160000e+003 4.21582613e-017 1.80074632e-015 7.96576580e-030
 3.35520000e+003 4.21580801e-017 1.80074609e-015 7.60730634e-030
 3.35880000e+003 4.21578989e-017 1.80074585e-015 7.26497755e-030
 3.36240000e+003 4.21577177e-017 1.80074562e-015 6.93805356e-030
 3.36600000e+003 4.21575366e-017 1.80074538e-015 6.62584115e-030
 3.36960000e+003 4.21573554e-017 1.80074515e-015 6.32767830e-030
 3.37320000e+003 4.21571742e-017 1.80074491e-015 6.04293278e-030
 3.37680000e+003 4.21569931e-017 1.80074468e-015 5.77100080e-030
 3.38040000e+003 4.21568119e-017 1.80074444e-015 5.51130577e-030
 3.38400000e+003 4.21566307e-017 1.80074421e-015 5.26329701e-030
 3.38760000e+003 4.21564496e-017 1.80074397e-015 5.02644864e-030
 3.39120000e+003 4.21562684e-017 1.80074374e-015 4.80025845e-030
 3.39480000e+003 4.21560872e-017 1.80074350e-015 4.58424682e-030
 3.39840000e+003 4.21559061e-017 1.80074327e-015 4.37795572e-030
 3.40200000e+003 4.21557249e-017 1.80074303e-015 4.18094771e-030
 3.40560000e+003 4.21555438e-017 1.80074280e-015 3.99280506e-030
 3.40920000e+003 4.21553626e-017 1.80074256e-015 3.81312883e-030
 3.41280000e+003 4.21551815e-017 1.80074233e-015 3.64153804e-030
 3.41640000e+003 4.21550003e-017 1.80074209e-015 3.47766882e-030
 3.42000000e+003 4.21548192e-017 1.80074186e-015 3.32117373e-030
 3.42360000e+003 4.21546380e-017 1.80074162e-015 3.17172091e-030
 3.42720000e+003 4.21544569e-017 1.80074139e-015 3.02899347e-030
 3.43080000e+003 4.21542757e-017 1.80074115e-015 2.89268876e-030
 3.43440000e+003 4.21540946e-017 1.80074092e-015 2.76251777e-030
 3.43800000e+003 4.21539134e-017 1.80074068e-015 2.63820447e-030
 3.44160000e+003 4.21537323e-017 1.80074045e-015 2.51948527e-030
 3.44520000e+003 4.21535512e-017 1.80074021e-015 2.40610843e-030
 3.44880000e+003 4.21533700e-017 1.80073998e-015 2.29783355e-030
 3.45240000e+003 4.21531889e-017 1.80073974e-015 2.19443104e-030
 3.45600000e+003 4.21530078e-017 1.80073951e-015 2.09568164e-030
 3.45960000e+003 4.21528266e-017 1.80073927e-015 2.00137597e-030
 3.46320000e+003 4.21526455e-017 1.80073904e-015 1.91131405e-030
 3.46680000e+003 4.21524644e-017 1.80073880e-015 1.82530492e-030
 3.47040000e+003 4.21522832e-017 1.80073857e-015 1.74316620e-030
 3.47400000e+003 4.21521021e-017 1.80073833e-015 1.66472372e-030
 3.47760000e+003 4.21519210e-017 1.80073810e-015 1.58981115e-030
 3.48120000e+003 4.21517399e-017 1.80073786e-015 1.51826965e-030
 3.48480000e+003 4.21515587e-017 1.80073763e-015 1.44994752e-030
 3.48840000e+003 4.21513776e-017 1.80073739e-015 1.38469988e-030
 3.49200000e+003 4.21511965e-017 1.80073716e-015 1.32238838e-030
 3.49560000e+003 4.21510154e-017 1.80073692e-015 1.26288091e-030
 3.49920000e+003 4.21508343e-017 1.80073669e-015 1.20605127e-030
 3.50280000e+003 4.21506532e-017 1.80073645e-015 1.15177896e-030
 3.50640000e+003 4.21504720e-017 1.80073622e-015 1.09994891e-030
 3.51000000e+003 4.21502909e-017 1.80073598e-015 1.05045120e-030
 3.51360000e+003 4.21501098e-017 1.80073575e-015 1.00318090e-030
 3.51720000e+003 4.21499287e-017 1.80073551e-015 9.58037760e-031
 3.52080000e+003 4.21497476e-017 1.80073528e-015 9.14926060e-031
 3.52440000e+003 4.21495665e-017 1.80073504e-015 8.73754388e-031
 3.52800000e+003 4.21493854e-017 1.80073481e-015 8.34435440e-031
 3.53160000e+003 4.21492043e-017 1.80073457e-015 7.96885845e-031
 3.53520000e+003 4.21490232e-017 1.80073434e-015 7.61025982e-031
 3.53880000e+003 4.21488421e-017 1.80073410e-015 7.26779813e-031
 3.54240000e+003 4.21486610e-017 1.80073387e-015 6.94074722e-031
 3.54600000e+003 4.21484799e-017 1.80073363e-015 6.62841359e-031
 3.54960000e+003 4.21482988e-017 1.80073340e-015 6.33013498e-031
 3.55320000e+003 4.21481177e-017 1.80073316e-015 6.04527891e-031
 3.55680000e+003 4.21479366e-017 1.80073293e-015 5.77324135e-031
 3.56040000e+003 4.21477556e-017 1.80073269e-015 5.51344549e-031
 3.56400000e+003 4.21475745e-017 1.80073246e-015 5.26534045e-031
 3.56760000e+003 4.21473934e-017 1.80073222e-015 5.02840013e-031
 3.57120000e+003 4.21472123e-017 1.80073199e-015 4.80212212e-031
 3.57480000e+003 4.21470312e-017 1.80073175e-015 4.58602663e-031
 3.57840000e+003 4.21468501e-017 1.80073152e-015 4.37965543e-031
 3.58200000e+003 4.21466691e-017 1.80073128e-015 4.18257093e-031
 3.58560000e+003 4.21464880e-017 1.80073105e-015 3.99435524e-031
 3.58920000e+003 4.21463069e-017 1.80073081e-015 3.81460926e-031
 3.59280000e+003 4.21461258e-017 1.80073058e-015 3.64295184e-031
 3.59640000e+003 4.21459447e-017 1.80073034e-015 3.47901901e-031
 3.60000000e+003 4.21457637e-017 1.80073011e-015 3.32246315e-031
