 0.00000000e+000 6.87479243e-015 0.00000000e+000 8.81971618e-004
 7.20000000e+000 6.72022327e-015 1.54569155e-016 7.23216727e-004
 1.44000000e+001 6.56934114e-015 3.05451276e-016 5.93037716e-004
 2.16000000e+001 6.42204870e-015 4.52743698e-016 4.86290927e-004
 2.88000000e+001 6.27825157e-015 5.96540767e-016 3.98758560e-004
 3.60000000e+001 6.13785829e-015 7.36933952e-016 3.26982019e-004
 4.32000000e+001 6.00078014e-015 8.74011951e-016 2.68125256e-004
 5.04000000e+001 5.86693110e-015 1.00786079e-015 2.19862710e-004
 5.76000000e+001 5.73622770e-015 1.13856392e-015 1.80287422e-004
 6.48000000e+001 5.60858896e-015 1.26620232e-015 1.47835686e-004
 7.20000000e+001 5.48393630e-015 1.39085455e-015 1.21225263e-004
 7.92000000e+001 5.36219346e-015 1.51259689e-015 9.94047153e-005
 8.64000000e+001 5.24328639e-015 1.63150336e-015 8.15118666e-005
 9.36000000e+001 5.12714320e-015 1.74764585e-015 6.68397306e-005
 1.00800000e+002 5.01369409e-015 1.86109417e-015 5.48085791e-005
 1.08000000e+002 4.90287125e-015 1.97191610e-015 4.49430349e-005
 1.15200000e+002 4.79460882e-015 2.08017752e-015 3.68532886e-005
 1.22400000e+002 4.68884280e-015 2.18594241e-015 3.02196966e-005
 1.29600000e+002 4.58551102e-015 2.28927294e-015 2.47801512e-005
 1.36800000e+002 4.48455305e-015 2.39022955e-015 2.03197240e-005
 1.44000000e+002 4.38591015e-015 2.48887096e-015 1.66621737e-005
 1.51200000e+002 4.28952522e-015 2.58525428e-015 1.36629824e-005
 1.58400000e+002 4.19534274e-015 2.67943502e-015 1.12036456e-005
 1.65600000e+002 4.10330873e-015 2.77146717e-015 9.18698939e-006
 1.72800000e+002 4.01337068e-015 2.86140323e-015 7.53333130e-006
 1.80000000e+002 3.92547751e-015 2.94929427e-015 6.17733166e-006
 1.87200000e+002 3.83957956e-015 3.03518996e-015 5.06541196e-006
 1.94400000e+002 3.75562848e-015 3.11913865e-015 4.15363781e-006
 2.01600000e+002 3.67357724e-015 3.20118737e-015 3.40598300e-006
 2.08800000e+002 3.59338008e-015 3.28138187e-015 2.79290606e-006
 2.16000000e+002 3.51499243e-015 3.35976673e-015 2.29018297e-006
 2.23200000e+002 3.43837095e-015 3.43638529e-015 1.87795004e-006
 2.30400000e+002 3.36347340e-015 3.51127977e-015 1.53991903e-006
 2.37600000e+002 3.29025871e-015 3.58449128e-015 1.26273361e-006
 2.44800000e+002 3.21868683e-015 3.65605983e-015 1.03544156e-006
 2.52000000e+002 3.14871879e-015 3.72602440e-015 8.49062076e-007
 2.59200000e+002 3.08031665e-015 3.79442295e-015 6.96230902e-007
 2.66400000e+002 3.01344341e-015 3.86129246e-015 5.70909340e-007
 2.73600000e+002 2.94806307e-015 3.92666894e-015 4.68145659e-007
 2.80800000e+002 2.88414053e-015 3.99058749e-015 3.83879440e-007
 2.88000000e+002 2.82164160e-015 4.05308230e-015 3.14781141e-007
 2.95200000e+002 2.76053297e-015 4.11418668e-015 2.58120536e-007
 3.02400000e+002 2.70078217e-015 4.17393310e-015 2.11658839e-007
 3.09600000e+002 2.64235756e-015 4.23235321e-015 1.73560248e-007
 3.16800000e+002 2.58522829e-015 4.28947784e-015 1.42319404e-007
 3.24000000e+002 2.52936430e-015 4.34533708e-015 1.16701911e-007
 3.31200000e+002 2.47473627e-015 4.39996022e-015 9.56955670e-008
 3.38400000e+002 2.42131564e-015 4.45337584e-015 7.84703650e-008
 3.45600000e+002 2.36907454e-015 4.50561181e-015 6.43456993e-008
 3.52800000e+002 2.31798580e-015 4.55669531e-015 5.27634735e-008
 3.60000000e+002 2.26802292e-015 4.60665282e-015 4.32660483e-008
 3.67200000e+002 2.21916007e-015 4.65551018e-015 3.54781596e-008
 3.74400000e+002 2.17137204e-015 4.70329261e-015 2.90920909e-008
 3.81600000e+002 2.12463425e-015 4.75002469e-015 2.38555146e-008
 3.88800000e+002 2.07892271e-015 4.79573039e-015 1.95615220e-008
 3.96000000e+002 2.03421403e-015 4.84043313e-015 1.60404480e-008
 4.03200000e+002 1.99048538e-015 4.88415572e-015 1.31531674e-008
 4.10400000e+002 1.94771450e-015 4.92692044e-015 1.07855973e-008
 4.17600000e+002 1.90587965e-015 4.96874902e-015 8.84418980e-009
 4.24800000e+002 1.86495962e-015 5.00966267e-015 7.25223566e-009
 4.32000000e+002 1.82493372e-015 5.04968209e-015 5.94683326e-009
 4.39200000e+002 1.78578175e-015 5.08882747e-015 4.87640329e-009
 4.46400000e+002 1.74748400e-015 5.12711853e-015 3.99865072e-009
 4.53600000e+002 1.71002122e-015 5.16457452e-015 3.27889361e-009
 4.60800000e+002 1.67337464e-015 5.20121421e-015 2.68869278e-009
 4.68000000e+002 1.63752591e-015 5.23705595e-015 2.20472809e-009
 4.75200000e+002 1.60245714e-015 5.27211764e-015 1.80787705e-009
 4.82400000e+002 1.56815085e-015 5.30641675e-015 1.48245920e-009
 4.89600000e+002 1.53458998e-015 5.33997035e-015 1.21561656e-009
 4.96800000e+002 1.50175787e-015 5.37279510e-015 9.96805597e-010
 5.04000000e+002 1.46963824e-015 5.40490728e-015 8.17380605e-010
 5.11200000e+002 1.43821521e-015 5.43632276e-015 6.70252112e-010
 5.18400000e+002 1.40747326e-015 5.46705708e-015 5.49606747e-010
 5.25600000e+002 1.37739725e-015 5.49712537e-015 4.50677547e-010
 5.32800000e+002 1.34797238e-015 5.52654244e-015 3.69555603e-010
 5.40000000e+002 1.31918419e-015 5.55532275e-015 3.03035609e-010
 5.47200000e+002 1.29101856e-015 5.58348041e-015 2.48489213e-010
 5.54400000e+002 1.26346171e-015 5.61102921e-015 2.03761168e-010
 5.61600000e+002 1.23650016e-015 5.63798263e-015 1.67084171e-010
 5.68800000e+002 1.21012075e-015 5.66435383e-015 1.37009034e-010
 5.76000000e+002 1.18431064e-015 5.69015566e-015 1.12347420e-010
 5.83200000e+002 1.15905725e-015 5.71540069e-015 9.21248971e-011
 5.90400000e+002 1.13434832e-015 5.74010119e-015 7.55424279e-011
 5.97600000e+002 1.11017187e-015 5.76426914e-015 6.19448028e-011
 6.04800000e+002 1.08651616e-015 5.78791627e-015 5.07947500e-011
 6.12000000e+002 1.06336977e-015 5.81105402e-015 4.16517065e-011
 6.19200000e+002 1.04072150e-015 5.83369357e-015 3.41544105e-011
 6.26400000e+002 1.01856042e-015 5.85584586e-015 2.80066276e-011
 6.33600000e+002 9.96875855e-016 5.87752158e-015 2.29654454e-011
 6.40800000e+002 9.75657369e-016 5.89873115e-015 1.88316757e-011
 6.48000000e+002 9.54894758e-016 5.91948478e-015 1.54419844e-011
 6.55200000e+002 9.34578054e-016 5.93979244e-015 1.26624372e-011
 6.62400000e+002 9.14697515e-016 5.95966387e-015 1.03832084e-011
 6.69600000e+002 8.95243619e-016 5.97910860e-015 8.51424052e-012
 6.76800000e+002 8.76207059e-016 5.99813594e-015 6.98168666e-012
 6.84000000e+002 8.57578740e-016 6.01675497e-015 5.72499230e-012
 6.91200000e+002 8.39349770e-016 6.03497460e-015 4.69450272e-012
 6.98400000e+002 8.21511460e-016 6.05280351e-015 3.84950108e-012
 7.05600000e+002 8.04055318e-016 6.07025020e-015 3.15659955e-012
 7.12800000e+002 7.86973042e-016 6.08732297e-015 2.58842010e-012
 7.20000000e+002 7.70256517e-016 6.10402993e-015 2.12251278e-012
 7.27200000e+002 7.53897815e-016 6.12037902e-015 1.74046860e-012
 7.34400000e+002 7.37889184e-016 6.13637798e-015 1.42719220e-012
 7.41600000e+002 7.22223049e-016 6.15203440e-015 1.17030538e-012
 7.48800000e+002 7.06892007e-016 6.16735568e-015 9.59658023e-013
 7.56000000e+002 6.91888823e-016 6.18234905e-015 7.86927030e-013
 7.63200000e+002 6.77206430e-016 6.19702158e-015 6.45287457e-013
 7.70400000e+002 6.62837920e-016 6.21138018e-015 5.29142852e-013
 7.77600000e+002 6.48776545e-016 6.22543160e-015 4.33904125e-013
 7.84800000e+002 6.35015715e-016 6.23918243e-015 3.55808220e-013
 7.92000000e+002 6.21548994e-016 6.25263911e-015 2.91769432e-013
 7.99200000e+002 6.08370096e-016 6.26580792e-015 2.39257485e-013
 8.06400000e+002 5.95472889e-016 6.27869499e-015 1.96197548e-013
 8.13600000e+002 5.82851387e-016 6.29130633e-015 1.60888264e-013
 8.20800000e+002 5.70499752e-016 6.30364775e-015 1.31934518e-013
 8.28000000e+002 5.58412293e-016 6.31572496e-015 1.08192315e-013
 8.35200000e+002 5.46583467e-016 6.32754349e-015 8.87235812e-014
 8.42400000e+002 5.35007874e-016 6.33910875e-015 7.27590939e-014
 8.49600000e+002 5.23680267e-016 6.35042599e-015 5.96680917e-014
 8.56800000e+002 5.12595543e-016 6.36150031e-015 4.89333496e-014
 8.64000000e+002 5.01748753e-016 6.37233666e-015 4.01307433e-014
 8.71200000e+002 4.91135101e-016 6.38293984e-015 3.29124907e-014
 8.78400000e+002 4.80749950e-016 6.39331448e-015 2.69934104e-014
 8.85600000e+002 4.70588828e-016 6.40346506e-015 2.21396536e-014
 8.92800000e+002 4.60647432e-016 6.41339588e-015 1.81594641e-014
 9.00000000e+002 4.50921636e-016 6.42311106e-015 1.48956018e-014
 9.07200000e+002 4.41407505e-016 6.43261455e-015 1.22191299e-014
 9.14400000e+002 4.32101300e-016 6.44191008e-015 1.00243198e-014
 9.21600000e+002 4.22999497e-016 6.45100118e-015 8.22447409e-015
 9.28800000e+002 4.14098802e-016 6.45989114e-015 6.74850089e-015
 9.36000000e+002 4.05396165e-016 6.46858301e-015 5.53810460e-015
 9.43200000e+002 3.96888807e-016 6.47707957e-015 4.54548272e-015
 9.50400000e+002 3.88574243e-016 6.48538332e-015 3.73143708e-015
 9.57600000e+002 3.80450303e-016 6.49349641e-015 3.06382501e-015
 9.64800000e+002 3.72515174e-016 6.50142066e-015 2.51628935e-015
 9.72000000e+002 3.64767420e-016 6.50915751e-015 2.06721702e-015
 9.79200000e+002 3.57206028e-016 6.51670798e-015 1.69888512e-015
 9.86400000e+002 3.49830441e-016 6.52407261e-015 1.39676061e-015
 9.93600000e+002 3.42640594e-016 6.53125148e-015 1.14892618e-015
 1.00080000e+003 3.35636954e-016 6.53824412e-015 9.45609342e-016
 1.00800000e+003 3.28820553e-016 6.54504949e-015 7.78796404e-016
 1.01520000e+003 3.22193011e-016 6.55166599e-015 6.41915826e-016
 1.02240000e+003 3.15756555e-016 6.55809138e-015 5.29578650e-016
 1.02960000e+003 3.09514012e-016 6.56432283e-015 4.37365626e-016
 1.03680000e+003 3.03468792e-016 6.57035694e-015 3.61652684e-016
 1.04400000e+003 2.97624828e-016 6.57618977e-015 2.99467820e-016
 1.05120000e+003 2.91986495e-016 6.58181695e-015 2.48373774e-016
 1.05840000e+003 2.86558479e-016 6.58723380e-015 2.06371836e-016
 1.06560000e+003 2.81345605e-016 6.59243549e-015 1.71822995e-016
 1.07280000e+003 2.76352630e-016 6.59741727e-015 1.43383298e-016
 1.08000000e+003 2.71583986e-016 6.60217469e-015 1.19950864e-016
 1.08720000e+003 2.67043512e-016 6.60670394e-015 1.00622448e-016
 1.09440000e+003 2.62734170e-016 6.61100203e-015 8.46578305e-017
 1.10160000e+003 2.58657777e-016 6.61506717e-015 7.14506008e-017
 1.10880000e+003 2.54814779e-016 6.61889889e-015 6.05041910e-017
 1.11600000e+003 2.51204076e-016 6.62249832e-015 5.14121878e-017
 1.12320000e+003 2.47822931e-016 6.62586817e-015 4.38421515e-017
 1.13040000e+003 2.44666962e-016 6.62901284e-015 3.75223049e-017
 1.13760000e+003 2.41730217e-016 6.63193827e-015 3.22305761e-017
 1.14480000e+003 2.39005326e-016 6.63465184e-015 2.77855760e-017
 1.15200000e+003 2.36483709e-016 6.63716213e-015 2.40391718e-017
 1.15920000e+003 2.34155819e-016 6.63947869e-015 2.08703778e-017
 1.16640000e+003 2.32011405e-016 6.64161177e-015 1.81803394e-017
 1.17360000e+003 2.30039767e-016 6.64357206e-015 1.58882212e-017
 1.18080000e+003 2.28229993e-016 6.64537049e-015 1.39278444e-017
 1.18800000e+003 2.26571169e-016 6.64701796e-015 1.22449443e-017
 1.19520000e+003 2.25052553e-016 6.64852521e-015 1.07949383e-017
 1.20240000e+003 2.23663714e-016 6.64990269e-015 9.54111354e-018
 1.20960000e+003 2.22394641e-016 6.65116040e-015 8.45315782e-018
 1.21680000e+003 2.21235809e-016 6.65230786e-015 7.50597043e-018
 1.22400000e+003 2.20178233e-016 6.65335407e-015 6.67870035e-018
 1.23120000e+003 2.19213493e-016 6.65430744e-015 5.95396858e-018
 1.23840000e+003 2.18333736e-016 6.65517582e-015 5.31723910e-018
 1.24560000e+003 2.17531679e-016 6.65596650e-015 4.75630989e-018
 1.25280000e+003 2.16800588e-016 6.65668621e-015 4.26090034e-018
 1.26000000e+003 2.16134257e-016 6.65734116e-015 3.82231650e-018
 1.26720000e+003 2.15526982e-016 6.65793705e-015 3.43317885e-018
 1.27440000e+003 2.14973531e-016 6.65847912e-015 3.08720039e-018
 1.28160000e+003 2.14469113e-016 6.65897215e-015 2.77900538e-018
 1.28880000e+003 2.14009348e-016 6.65942053e-015 2.50398084e-018
 1.29600000e+003 2.13590235e-016 6.65982825e-015 2.25815445e-018
 1.30320000e+003 2.13208124e-016 6.66019898e-015 2.03809405e-018
 1.31040000e+003 2.12859685e-016 6.66053602e-015 1.84082444e-018
 1.31760000e+003 2.12541887e-016 6.66084243e-015 1.66375840e-018
 1.32480000e+003 2.12251966e-016 6.66112096e-015 1.50463935e-018
 1.33200000e+003 2.11987406e-016 6.66137413e-015 1.36149336e-018
 1.33920000e+003 2.11745918e-016 6.66160423e-015 1.23258899e-018
 1.34640000e+003 2.11525418e-016 6.66181333e-015 1.11640359e-018
 1.35360000e+003 2.11324011e-016 6.66200335e-015 1.01159477e-018
 1.36080000e+003 2.11139971e-016 6.66217599e-015 9.16976305e-019
 1.36800000e+003 2.10971730e-016 6.66233284e-015 8.31497676e-019
 1.37520000e+003 2.10817860e-016 6.66247532e-015 7.54226619e-019
 1.38240000e+003 2.10677064e-016 6.66260472e-015 6.84334215e-019
 1.38960000e+003 2.10548160e-016 6.66272223e-015 6.21082103e-019
 1.39680000e+003 2.10430076e-016 6.66282892e-015 5.63811479e-019
 1.40400000e+003 2.10321833e-016 6.66292576e-015 5.11933598e-019
 1.41120000e+003 2.10222543e-016 6.66301366e-015 4.64921557e-019
 1.41840000e+003 2.10131399e-016 6.66309341e-015 4.22303162e-019
 1.42560000e+003 2.10047666e-016 6.66316574e-015 3.83654712e-019
 1.43280000e+003 2.09970674e-016 6.66323134e-015 3.48595584e-019
 1.44000000e+003 2.09899816e-016 6.66329080e-015 3.16783478e-019
 1.44720000e+003 2.09834539e-016 6.66334468e-015 2.87910260e-019
 1.45440000e+003 2.09774339e-016 6.66339348e-015 2.61698296e-019
 1.46160000e+003 2.09718758e-016 6.66343767e-015 2.37897222e-019
 1.46880000e+003 2.09667381e-016 6.66347765e-015 2.16281093e-019
 1.47600000e+003 2.09619829e-016 6.66351380e-015 1.96645854e-019
 1.48320000e+003 2.09575756e-016 6.66354648e-015 1.78807098e-019
 1.49040000e+003 2.09534849e-016 6.66357599e-015 1.62598080e-019
 1.49760000e+003 2.09496823e-016 6.66360262e-015 1.47867935e-019
 1.50480000e+003 2.09461418e-016 6.66362662e-015 1.34480101e-019
 1.51200000e+003 2.09428399e-016 6.66364825e-015 1.22310908e-019
 1.51920000e+003 2.09397551e-016 6.66366770e-015 1.11248309e-019
 1.52640000e+003 2.09368677e-016 6.66368517e-015 1.01190749e-019
 1.53360000e+003 2.09341601e-016 6.66370085e-015 9.20461550e-020
 1.54080000e+003 2.09316160e-016 6.66371490e-015 8.37310177e-020
 1.54800000e+003 2.09292208e-016 6.66372745e-015 7.61695759e-020
 1.55520000e+003 2.09269609e-016 6.66373865e-015 6.92930785e-020
 1.56240000e+003 2.09248243e-016 6.66374862e-015 6.30391203e-020
 1.56960000e+003 2.09227999e-016 6.66375747e-015 5.73510434e-020
 1.57680000e+003 2.09208775e-016 6.66376529e-015 5.21773978e-020
 1.58400000e+003 2.09190480e-016 6.66377219e-015 4.74714536e-020
 1.59120000e+003 2.09173030e-016 6.66377824e-015 4.31907608e-020
 1.59840000e+003 2.09156349e-016 6.66378353e-015 3.92967514e-020
 1.60560000e+003 2.09140368e-016 6.66378811e-015 3.57543795e-020
 1.61280000e+003 2.09125024e-016 6.66379206e-015 3.25317952e-020
 1.62000000e+003 2.09110260e-016 6.66379542e-015 2.96000500e-020
 1.62720000e+003 2.09096023e-016 6.66379826e-015 2.69328297e-020
 1.63440000e+003 2.09082267e-016 6.66380062e-015 2.45062122e-020
 1.64160000e+003 2.09068948e-016 6.66380254e-015 2.22984482e-020
 1.64880000e+003 2.09056026e-016 6.66380407e-015 2.02897620e-020
 1.65600000e+003 2.09043467e-016 6.66380523e-015 1.84621715e-020
 1.66320000e+003 2.09031237e-016 6.66380606e-015 1.67993241e-020
 1.67040000e+003 2.09019307e-016 6.66380659e-015 1.52863481e-020
 1.67760000e+003 2.09007650e-016 6.66380685e-015 1.39097183e-020
 1.68480000e+003 2.08996242e-016 6.66380686e-015 1.26571327e-020
 1.69200000e+003 2.08985059e-016 6.66380665e-015 1.15174020e-020
 1.69920000e+003 2.08974083e-016 6.66380623e-015 1.04803483e-020
 1.70640000e+003 2.08963294e-016 6.66380562e-015 9.53671327e-021
 1.71360000e+003 2.08952676e-016 6.66380484e-015 8.67807476e-021
 1.72080000e+003 2.08942212e-016 6.66380390e-015 7.89677118e-021
 1.72800000e+003 2.08931891e-016 6.66380283e-015 7.18583251e-021
 1.73520000e+003 2.08921698e-016 6.66380162e-015 6.53891773e-021
 1.74240000e+003 2.08911623e-016 6.66380030e-015 5.95025791e-021
 1.74960000e+003 2.08901654e-016 6.66379887e-015 5.41460450e-021
 1.75680000e+003 2.08891782e-016 6.66379735e-015 4.92718228e-021
 1.76400000e+003 2.08881999e-016 6.66379573e-015 4.48364659e-021
 1.77120000e+003 2.08872297e-016 6.66379404e-015 4.08004445e-021
 1.77840000e+003 2.08862668e-016 6.66379227e-015 3.71277922e-021
 1.78560000e+003 2.08853106e-016 6.66379043e-015 3.37857838e-021
 1.79280000e+003 2.08843605e-016 6.66378854e-015 3.07446434e-021
 1.80000000e+003 2.08834159e-016 6.66378658e-015 2.79772777e-021
 1.80720000e+003 2.08824764e-016 6.66378458e-015 2.54590347e-021
 1.81440000e+003 2.08815415e-016 6.66378253e-015 2.31674831e-021
 1.82160000e+003 2.08806108e-016 6.66378044e-015 2.10822122e-021
 1.82880000e+003 2.08796840e-016 6.66377831e-015 1.91846495e-021
 1.83600000e+003 2.08787606e-016 6.66377615e-015 1.74578956e-021
 1.84320000e+003 2.08778405e-016 6.66377395e-015 1.58865728e-021
 1.85040000e+003 2.08769232e-016 6.66377173e-015 1.44566884e-021
 1.85760000e+003 2.08760086e-016 6.66376948e-015 1.31555095e-021
 1.86480000e+003 2.08750964e-016 6.66376720e-015 1.19714500e-021
 1.87200000e+003 2.08741864e-016 6.66376490e-015 1.08939667e-021
 1.87920000e+003 2.08732785e-016 6.66376259e-015 9.91346603e-022
 1.88640000e+003 2.08723723e-016 6.66376025e-015 9.02121791e-022
 1.89360000e+003 2.08714679e-016 6.66375790e-015 8.20927834e-022
 1.90080000e+003 2.08705650e-016 6.66375553e-015 7.47041848e-022
 1.90800000e+003 2.08696635e-016 6.66375315e-015 6.79806027e-022
 1.91520000e+003 2.08687633e-016 6.66375075e-015 6.18621783e-022
 1.92240000e+003 2.08678643e-016 6.66374834e-015 5.62944413e-022
 1.92960000e+003 2.08669663e-016 6.66374592e-015 5.12278249e-022
 1.93680000e+003 2.08660693e-016 6.66374350e-015 4.66172240e-022
 1.94400000e+003 2.08651733e-016 6.66374106e-015 4.24215938e-022
 1.95120000e+003 2.08642780e-016 6.66373862e-015 3.86035841e-022
 1.95840000e+003 2.08633836e-016 6.66373616e-015 3.51292067e-022
 1.96560000e+003 2.08624898e-016 6.66373370e-015 3.19675326e-022
 1.97280000e+003 2.08615967e-016 6.66373124e-015 2.90904170e-022
 1.98000000e+003 2.08607042e-016 6.66372876e-015 2.64722483e-022
 1.98720000e+003 2.08598122e-016 6.66372629e-015 2.40897202e-022
 1.99440000e+003 2.08589207e-016 6.66372380e-015 2.19216240e-022
 2.00160000e+003 2.08580297e-016 6.66372132e-015 1.99486601e-022
 2.00880000e+003 2.08571392e-016 6.66371883e-015 1.81532660e-022
 2.01600000e+003 2.08562490e-016 6.66371633e-015 1.65194600e-022
 2.02320000e+003 2.08553592e-016 6.66371383e-015 1.50326985e-022
 2.03040000e+003 2.08544697e-016 6.66371133e-015 1.36797473e-022
 2.03760000e+003 2.08535806e-016 6.66370882e-015 1.24485632e-022
 2.04480000e+003 2.08526917e-016 6.66370631e-015 1.13281868e-022
 2.05200000e+003 2.08518032e-016 6.66370380e-015 1.03086452e-022
 2.05920000e+003 2.08509149e-016 6.66370129e-015 9.38086324e-023
 2.06640000e+003 2.08500268e-016 6.66369877e-015 8.53658231e-023
 2.07360000e+003 2.08491389e-016 6.66369625e-015 7.76828721e-023
 2.08080000e+003 2.08482513e-016 6.66369373e-015 7.06913914e-023
 2.08800000e+003 2.08473639e-016 6.66369121e-015 6.43291478e-023
 2.09520000e+003 2.08464767e-016 6.66368868e-015 5.85395092e-023
 2.10240000e+003 2.08455896e-016 6.66368616e-015 5.32709408e-023
 2.10960000e+003 2.08447027e-016 6.66368363e-015 4.84765456e-023
 2.11680000e+003 2.08438160e-016 6.66368110e-015 4.41136479e-023
 2.12400000e+003 2.08429294e-016 6.66367857e-015 4.01434124e-023
 2.13120000e+003 2.08420430e-016 6.66367603e-015 3.65304993e-023
 2.13840000e+003 2.08411567e-016 6.66367350e-015 3.32427495e-023
 2.14560000e+003 2.08402706e-016 6.66367096e-015 3.02508979e-023
 2.15280000e+003 2.08393846e-016 6.66366843e-015 2.75283137e-023
 2.16000000e+003 2.08384987e-016 6.66366589e-015 2.50507627e-023
 2.16720000e+003 2.08376129e-016 6.66366335e-015 2.27961918e-023
 2.17440000e+003 2.08367272e-016 6.66366081e-015 2.07445326e-023
 2.18160000e+003 2.08358417e-016 6.66365827e-015 1.88775231e-023
 2.18880000e+003 2.08349563e-016 6.66365572e-015 1.71785447e-023
 2.19600000e+003 2.08340709e-016 6.66365318e-015 1.56324746e-023
 2.20320000e+003 2.08331857e-016 6.66365064e-015 1.42255510e-023
 2.21040000e+003 2.08323006e-016 6.66364809e-015 1.29452506e-023
 2.21760000e+003 2.08314155e-016 6.66364554e-015 1.17801774e-023
 2.22480000e+003 2.08305306e-016 6.66364300e-015 1.07199610e-023
 2.23200000e+003 2.08296458e-016 6.66364045e-015 9.75516405e-024
 2.23920000e+003 2.08287610e-016 6.66363790e-015 8.87719894e-024
 2.24640000e+003 2.08278764e-016 6.66363535e-015 8.07825074e-024
 2.25360000e+003 2.08269918e-016 6.66363280e-015 7.35120793e-024
 2.26080000e+003 2.08261073e-016 6.66363024e-015 6.68959902e-024
 2.26800000e+003 2.08252229e-016 6.66362769e-015 6.08753494e-024
 2.27520000e+003 2.08243386e-016 6.66362514e-015 5.53965666e-024
 2.28240000e+003 2.08234544e-016 6.66362258e-015 5.04108745e-024
 2.28960000e+003 2.08225703e-016 6.66362003e-015 4.58738949e-024
 2.29680000e+003 2.08216862e-016 6.66361747e-015 4.17452435e-024
 2.30400000e+003 2.08208023e-016 6.66361491e-015 3.79881710e-024
 2.31120000e+003 2.08199184e-016 6.66361235e-015 3.45692351e-024
 2.31840000e+003 2.08190346e-016 6.66360980e-015 3.14580035e-024
 2.32560000e+003 2.08181508e-016 6.66360724e-015 2.86267828e-024
 2.33280000e+003 2.08172672e-016 6.66360468e-015 2.60503720e-024
 2.34000000e+003 2.08163836e-016 6.66360211e-015 2.37058383e-024
 2.34720000e+003 2.08155001e-016 6.66359955e-015 2.15723126e-024
 2.35440000e+003 2.08146167e-016 6.66359699e-015 1.96308043e-024
 2.36160000e+003 2.08137334e-016 6.66359443e-015 1.78640318e-024
 2.36880000e+003 2.08128501e-016 6.66359186e-015 1.62562688e-024
 2.37600000e+003 2.08119670e-016 6.66358930e-015 1.47932045e-024
 2.38320000e+003 2.08110839e-016 6.66358673e-015 1.34618160e-024
 2.39040000e+003 2.08102008e-016 6.66358416e-015 1.22502525e-024
 2.39760000e+003 2.08093179e-016 6.66358160e-015 1.11477297e-024
 2.40480000e+003 2.08084350e-016 6.66357903e-015 1.01444340e-024
 2.41200000e+003 2.08075523e-016 6.66357646e-015 9.23143492e-025
 2.41920000e+003 2.08066695e-016 6.66357389e-015 8.40060575e-025
 2.42640000e+003 2.08057869e-016 6.66357132e-015 7.64455121e-025
 2.43360000e+003 2.08049043e-016 6.66356875e-015 6.95654158e-025
 2.44080000e+003 2.08040219e-016 6.66356618e-015 6.33045282e-025
 2.44800000e+003 2.08031395e-016 6.66356360e-015 5.76071205e-025
 2.45520000e+003 2.08022571e-016 6.66356103e-015 5.24224795e-025
 2.46240000e+003 2.08013749e-016 6.66355846e-015 4.77044563e-025
 2.46960000e+003 2.08004927e-016 6.66355588e-015 4.34110551e-025
 2.47680000e+003 2.07996106e-016 6.66355330e-015 3.95040601e-025
 2.48400000e+003 2.07987286e-016 6.66355073e-015 3.59486946e-025
 2.49120000e+003 2.07978466e-016 6.66354815e-015 3.27133121e-025
 2.49840000e+003 2.07969647e-016 6.66354557e-015 2.97691139e-025
 2.50560000e+003 2.07960829e-016 6.66354299e-015 2.70898936e-025
 2.51280000e+003 2.07952012e-016 6.66354041e-015 2.46518032e-025
 2.52000000e+003 2.07943195e-016 6.66353783e-015 2.24331409e-025
 2.52720000e+003 2.07934380e-016 6.66353525e-015 2.04141582e-025
 2.53440000e+003 2.07925565e-016 6.66353267e-015 1.85768839e-025
 2.54160000e+003 2.07916750e-016 6.66353009e-015 1.69049644e-025
 2.54880000e+003 2.07907937e-016 6.66352751e-015 1.53835176e-025
 2.55600000e+003 2.07899124e-016 6.66352492e-015 1.39990010e-025
 2.56320000e+003 2.07890312e-016 6.66352234e-015 1.27390909e-025
 2.57040000e+003 2.07881501e-016 6.66351975e-015 1.15925727e-025
 2.57760000e+003 2.07872690e-016 6.66351717e-015 1.05492411e-025
 2.58480000e+003 2.07863881e-016 6.66351458e-015 9.59980944e-026
 2.59200000e+003 2.07855072e-016 6.66351199e-015 8.73582658e-026
 2.59920000e+003 2.07846263e-016 6.66350940e-015 7.94960219e-026
 2.60640000e+003 2.07837456e-016 6.66350681e-015 7.23413799e-026
 2.61360000e+003 2.07828649e-016 6.66350422e-015 6.58306557e-026
 2.62080000e+003 2.07819843e-016 6.66350163e-015 5.99058967e-026
 2.62800000e+003 2.07811038e-016 6.66349904e-015 5.45143659e-026
 2.63520000e+003 2.07802233e-016 6.66349645e-015 4.96080730e-026
 2.64240000e+003 2.07793429e-016 6.66349386e-015 4.51433464e-026
 2.64960000e+003 2.07784626e-016 6.66349126e-015 4.10804452e-026
 2.65680000e+003 2.07775824e-016 6.66348867e-015 3.73832052e-026
 2.66400000e+003 2.07767022e-016 6.66348608e-015 3.40187167e-026
 2.67120000e+003 2.07758222e-016 6.66348348e-015 3.09570322e-026
 2.67840000e+003 2.07749422e-016 6.66348088e-015 2.81708993e-026
 2.68560000e+003 2.07740622e-016 6.66347829e-015 2.56355183e-026
 2.69280000e+003 2.07731824e-016 6.66347569e-015 2.33283217e-026
 2.70000000e+003 2.07723026e-016 6.66347309e-015 2.12287727e-026
 2.70720000e+003 2.07714229e-016 6.66347049e-015 1.93181832e-026
 2.71440000e+003 2.07705432e-016 6.66346789e-015 1.75795467e-026
 2.72160000e+003 2.07696637e-016 6.66346529e-015 1.59973875e-026
 2.72880000e+003 2.07687842e-016 6.66346269e-015 1.45576226e-026
 2.73600000e+003 2.07679048e-016 6.66346009e-015 1.32474366e-026
 2.74320000e+003 2.07670255e-016 6.66345748e-015 1.20551673e-026
 2.75040000e+003 2.07661462e-016 6.66345488e-015 1.09702022e-026
 2.75760000e+003 2.07652670e-016 6.66345227e-015 9.98288403e-027
 2.76480000e+003 2.07643879e-016 6.66344967e-015 9.08442447e-027
 2.77200000e+003 2.07635089e-016 6.66344706e-015 8.26682627e-027
 2.77920000e+003 2.07626299e-016 6.66344446e-015 7.52281190e-027
 2.78640000e+003 2.07617510e-016 6.66344185e-015 6.84575883e-027
 2.79360000e+003 2.07608722e-016 6.66343924e-015 6.22964054e-027
 2.80080000e+003 2.07599935e-016 6.66343663e-015 5.66897289e-027
 2.80800000e+003 2.07591148e-016 6.66343402e-015 5.15876533e-027
 2.81520000e+003 2.07582362e-016 6.66343141e-015 4.69447645e-027
 2.82240000e+003 2.07573577e-016 6.66342880e-015 4.27197357e-027
 2.82960000e+003 2.07564792e-016 6.66342619e-015 3.88749595e-027
 2.83680000e+003 2.07556009e-016 6.66342358e-015 3.53762131e-027
 2.84400000e+003 2.07547226e-016 6.66342096e-015 3.21923539e-027
 2.85120000e+003 2.07538444e-016 6.66341835e-015 2.92950421e-027
 2.85840000e+003 2.07529662e-016 6.66341573e-015 2.66584883e-027
 2.86560000e+003 2.07520882e-016 6.66341312e-015 2.42592243e-027
 2.87280000e+003 2.07512102e-016 6.66341050e-015 2.20758942e-027
 2.88000000e+003 2.07503322e-016 6.66340788e-015 2.00890637e-027
 2.88720000e+003 2.07494544e-016 6.66340527e-015 1.82810479e-027
 2.89440000e+003 2.07485766e-016 6.66340265e-015 1.66357536e-027
 2.90160000e+003 2.07476989e-016 6.66340003e-015 1.51385358e-027
 2.90880000e+003 2.07468213e-016 6.66339741e-015 1.37760676e-027
 2.91600000e+003 2.07459437e-016 6.66339479e-015 1.25362215e-027
 2.92320000e+003 2.07450663e-016 6.66339217e-015 1.14079616e-027
 2.93040000e+003 2.07441889e-016 6.66338954e-015 1.03812450e-027
 2.93760000e+003 2.07433115e-016 6.66338692e-015 9.44693297e-028
 2.94480000e+003 2.07424343e-016 6.66338430e-015 8.59670900e-028
 2.95200000e+003 2.07415571e-016 6.66338167e-015 7.82300519e-028
 2.95920000e+003 2.07406800e-016 6.66337905e-015 7.11893473e-028
 2.96640000e+003 2.07398030e-016 6.66337642e-015 6.47823060e-028
 2.97360000e+003 2.07389260e-016 6.66337380e-015 5.89518985e-028
 2.98080000e+003 2.07380491e-016 6.66337117e-015 5.36462276e-028
 2.98800000e+003 2.07371723e-016 6.66336854e-015 4.88180671e-028
 2.99520000e+003 2.07362956e-016 6.66336591e-015 4.44244411e-028
 3.00240000e+003 2.07354189e-016 6.66336328e-015 4.04262414e-028
 3.00960000e+003 2.07345423e-016 6.66336065e-015 3.67878797e-028
 3.01680000e+003 2.07336658e-016 6.66335802e-015 3.34769705e-028
 3.02400000e+003 2.07327894e-016 6.66335539e-015 3.04640431e-028
 3.03120000e+003 2.07319130e-016 6.66335276e-015 2.77222793e-028
 3.03840000e+003 2.07310367e-016 6.66335012e-015 2.52272741e-028
 3.04560000e+003 2.07301605e-016 6.66334749e-015 2.29568195e-028
 3.05280000e+003 2.07292844e-016 6.66334486e-015 2.08907057e-028
 3.06000000e+003 2.07284083e-016 6.66334222e-015 1.90105422e-028
 3.06720000e+003 2.07275323e-016 6.66333958e-015 1.72995934e-028
 3.07440000e+003 2.07266564e-016 6.66333695e-015 1.57426300e-028
 3.08160000e+003 2.07257806e-016 6.66333431e-015 1.43257933e-028
 3.08880000e+003 2.07249048e-016 6.66333167e-015 1.30364719e-028
 3.09600000e+003 2.07240291e-016 6.66332903e-015 1.18631894e-028
 3.10320000e+003 2.07231535e-016 6.66332639e-015 1.07955024e-028
 3.11040000e+003 2.07222779e-016 6.66332375e-015 9.82390716e-029
 3.11760000e+003 2.07214024e-016 6.66332111e-015 8.93975552e-029
 3.12480000e+003 2.07205270e-016 6.66331847e-015 8.13517752e-029
 3.13200000e+003 2.07196517e-016 6.66331583e-015 7.40301154e-029
 3.13920000e+003 2.07187765e-016 6.66331318e-015 6.73674050e-029
 3.14640000e+003 2.07179013e-016 6.66331054e-015 6.13043386e-029
 3.15360000e+003 2.07170262e-016 6.66330789e-015 5.57869481e-029
 3.16080000e+003 2.07161511e-016 6.66330525e-015 5.07661228e-029
 3.16800000e+003 2.07152762e-016 6.66330260e-015 4.61971717e-029
 3.17520000e+003 2.07144013e-016 6.66329996e-015 4.20394263e-029
 3.18240000e+003 2.07135265e-016 6.66329731e-015 3.82558779e-029
 3.18960000e+003 2.07126518e-016 6.66329466e-015 3.48128489e-029
 3.19680000e+003 2.07117771e-016 6.66329201e-015 3.16796925e-029
 3.20400000e+003 2.07109025e-016 6.66328936e-015 2.88285202e-029
 3.21120000e+003 2.07100280e-016 6.66328671e-015 2.62339534e-029
 3.21840000e+003 2.07091536e-016 6.66328406e-015 2.38728976e-029
 3.22560000e+003 2.07082792e-016 6.66328141e-015 2.17243368e-029
 3.23280000e+003 2.07074049e-016 6.66327875e-015 1.97691465e-029
 3.24000000e+003 2.07065307e-016 6.66327610e-015 1.79899233e-029
 3.24720000e+003 2.07056565e-016 6.66327344e-015 1.63708302e-029
 3.25440000e+003 2.07047825e-016 6.66327079e-015 1.48974555e-029
 3.26160000e+003 2.07039085e-016 6.66326813e-015 1.35566845e-029
 3.26880000e+003 2.07030345e-016 6.66326548e-015 1.23365829e-029
 3.27600000e+003 2.07021607e-016 6.66326282e-015 1.12262904e-029
 3.28320000e+003 2.07012869e-016 6.66326016e-015 1.02159243e-029
 3.29040000e+003 2.07004132e-016 6.66325750e-015 9.29649109e-030
 3.29760000e+003 2.06995396e-016 6.66325484e-015 8.45980690e-030
 3.30480000e+003 2.06986660e-016 6.66325218e-015 7.69842428e-030
 3.31200000e+003 2.06977925e-016 6.66324952e-015 7.00556609e-030
 3.31920000e+003 2.06969191e-016 6.66324686e-015 6.37506514e-030
 3.32640000e+003 2.06960458e-016 6.66324420e-015 5.80130928e-030
 3.33360000e+003 2.06951725e-016 6.66324154e-015 5.27919144e-030
 3.34080000e+003 2.06942994e-016 6.66323887e-015 4.80406421e-030
 3.34800000e+003 2.06934262e-016 6.66323621e-015 4.37169844e-030
 3.35520000e+003 2.06925532e-016 6.66323354e-015 3.97824558e-030
 3.36240000e+003 2.06916802e-016 6.66323088e-015 3.62020347e-030
 3.36960000e+003 2.06908074e-016 6.66322821e-015 3.29438516e-030
 3.37680000e+003 2.06899345e-016 6.66322554e-015 2.99789050e-030
 3.38400000e+003 2.06890618e-016 6.66322287e-015 2.72808035e-030
 3.39120000e+003 2.06881891e-016 6.66322020e-015 2.48255312e-030
 3.39840000e+003 2.06873165e-016 6.66321754e-015 2.25912334e-030
 3.40560000e+003 2.06864440e-016 6.66321486e-015 2.05580224e-030
 3.41280000e+003 2.06855715e-016 6.66321219e-015 1.87078004e-030
 3.42000000e+003 2.06846992e-016 6.66320952e-015 1.70240983e-030
 3.42720000e+003 2.06838269e-016 6.66320685e-015 1.54919295e-030
 3.43440000e+003 2.06829546e-016 6.66320418e-015 1.40976558e-030
 3.44160000e+003 2.06820825e-016 6.66320150e-015 1.28288668e-030
 3.44880000e+003 2.06812104e-016 6.66319883e-015 1.16742688e-030
 3.45600000e+003 2.06803384e-016 6.66319615e-015 1.06235846e-030
 3.46320000e+003 2.06794665e-016 6.66319348e-015 9.66746199e-031
 3.47040000e+003 2.06785946e-016 6.66319080e-015 8.79739041e-031
 3.47760000e+003 2.06777228e-016 6.66318812e-015 8.00562528e-031
 3.48480000e+003 2.06768511e-016 6.66318544e-015 7.28511900e-031
 3.49200000e+003 2.06759795e-016 6.66318276e-015 6.62945829e-031
 3.49920000e+003 2.06751079e-016 6.66318008e-015 6.03280704e-031
 3.50640000e+003 2.06742364e-016 6.66317740e-015 5.48985441e-031
 3.51360000e+003 2.06733650e-016 6.66317472e-015 4.99576751e-031
 3.52080000e+003 2.06724936e-016 6.66317204e-015 4.54614844e-031
 3.52800000e+003 2.06716224e-016 6.66316936e-015 4.13699508e-031
 3.53520000e+003 2.06707512e-016 6.66316667e-015 3.76466552e-031
 3.54240000e+003 2.06698800e-016 6.66316399e-015 3.42584562e-031
 3.54960000e+003 2.06690090e-016 6.66316131e-015 3.11751952e-031
 3.55680000e+003 2.06681380e-016 6.66315862e-015 2.83694276e-031
 3.56400000e+003 2.06672671e-016 6.66315593e-015 2.58161791e-031
 3.57120000e+003 2.06663963e-016 6.66315325e-015 2.34927230e-031
 3.57840000e+003 2.06655255e-016 6.66315056e-015 2.13783779e-031
 3.58560000e+003 2.06646548e-016 6.66314787e-015 1.94543239e-031
 3.59280000e+003 2.06637842e-016 6.66314518e-015 1.77034348e-031
 3.60000000e+003 2.06629137e-016 6.66314249e-015 1.61101256e-031
 3.60720000e+003 2.06620432e-016 6.66313980e-015 1.46602143e-031
 3.61440000e+003 2.06611728e-016 6.66313711e-015 1.33407950e-031
 3.62160000e+003 2.06603025e-016 6.66313442e-015 1.21401235e-031
 3.62880000e+003 2.06594322e-016 6.66313172e-015 1.10475124e-031
 3.63600000e+003 2.06585621e-016 6.66312903e-015 1.00532363e-031
 3.64320000e+003 2.06576920e-016 6.66312634e-015 9.14844500e-032
 3.65040000e+003 2.06568219e-016 6.66312364e-015 8.32508495e-032
 3.65760000e+003 2.06559520e-016 6.66312095e-015 7.57582730e-032
 3.66480000e+003 2.06550821e-016 6.66311825e-015 6.89400285e-032
 3.67200000e+003 2.06542123e-016 6.66311555e-015 6.27354259e-032
 3.67920000e+003 2.06533426e-016 6.66311285e-015 5.70892376e-032
 3.68640000e+003 2.06524729e-016 6.66311015e-015 5.19512062e-032
 3.69360000e+003 2.06516033e-016 6.66310746e-015 4.72755976e-032
 3.70080000e+003 2.06507338e-016 6.66310476e-015 4.30207938e-032
 3.70800000e+003 2.06498644e-016 6.66310205e-015 3.91489224e-032
 3.71520000e+003 2.06489950e-016 6.66309935e-015 3.56255194e-032
 3.72240000e+003 2.06481257e-016 6.66309665e-015 3.24192226e-032
 3.72960000e+003 2.06472565e-016 6.66309395e-015 2.95014926e-032
 3.73680000e+003 2.06463873e-016 6.66309124e-015 2.68463583e-032
 3.74400000e+003 2.06455183e-016 6.66308854e-015 2.44301860e-032
 3.75120000e+003 2.06446493e-016 6.66308583e-015 2.22314693e-032
 3.75840000e+003 2.06437803e-016 6.66308313e-015 2.02306370e-032
 3.76560000e+003 2.06429115e-016 6.66308042e-015 1.84098797e-032
 3.77280000e+003 2.06420427e-016 6.66307772e-015 1.67529905e-032
 3.78000000e+003 2.06411740e-016 6.66307501e-015 1.52452214e-032
 3.78720000e+003 2.06403053e-016 6.66307230e-015 1.38731515e-032
 3.79440000e+003 2.06394368e-016 6.66306959e-015 1.26245678e-032
 3.80160000e+003 2.06385683e-016 6.66306688e-015 1.14883567e-032
 3.80880000e+003 2.06376999e-016 6.66306417e-015 1.04544046e-032
 3.81600000e+003 2.06368315e-016 6.66306146e-015 9.51350820e-033
 3.82320000e+003 2.06359633e-016 6.66305874e-015 8.65729247e-033
 3.83040000e+003 2.06350951e-016 6.66305603e-015 7.87813614e-033
 3.83760000e+003 2.06342269e-016 6.66305332e-015 7.16910389e-033
 3.84480000e+003 2.06333589e-016 6.66305060e-015 6.52388454e-033
 3.85200000e+003 2.06324909e-016 6.66304789e-015 5.93673493e-033
 3.85920000e+003 2.06316230e-016 6.66304517e-015 5.40242879e-033
 3.86640000e+003 2.06307552e-016 6.66304245e-015 4.91621020e-033
 3.87360000e+003 2.06298874e-016 6.66303974e-015 4.47375128e-033
 3.88080000e+003 2.06290197e-016 6.66303702e-015 4.07111366e-033
 3.88800000e+003 2.06281521e-016 6.66303430e-015 3.70471343e-033
 3.89520000e+003 2.06272846e-016 6.66303158e-015 3.37128923e-033
 3.90240000e+003 2.06264171e-016 6.66302886e-015 3.06787320e-033
 3.90960000e+003 2.06255497e-016 6.66302614e-015 2.79176461e-033
 3.91680000e+003 2.06246824e-016 6.66302342e-015 2.54050579e-033
 3.92400000e+003 2.06238151e-016 6.66302070e-015 2.31186027e-033
 3.93120000e+003 2.06229480e-016 6.66301797e-015 2.10379285e-033
 3.93840000e+003 2.06220809e-016 6.66301525e-015 1.91445149e-033
 3.94560000e+003 2.06212138e-016 6.66301252e-015 1.74215086e-033
 3.95280000e+003 2.06203469e-016 6.66300980e-015 1.58535728e-033
 3.96000000e+003 2.06194800e-016 6.66300707e-015 1.44267512e-033
 3.96720000e+003 2.06186132e-016 6.66300435e-015 1.31283436e-033
 3.97440000e+003 2.06177465e-016 6.66300162e-015 1.19467927e-033
 3.98160000e+003 2.06168798e-016 6.66299889e-015 1.08715814e-033
 3.98880000e+003 2.06160132e-016 6.66299616e-015 9.89313904e-034
 3.99600000e+003 2.06151467e-016 6.66299343e-015 9.00275653e-034
 4.00320000e+003 2.06142802e-016 6.66299070e-015 8.19250844e-034
 4.01040000e+003 2.06134139e-016 6.66298797e-015 7.45518268e-034
 4.01760000e+003 2.06125476e-016 6.66298524e-015 6.78421624e-034
 4.02480000e+003 2.06116813e-016 6.66298251e-015 6.17363678e-034
 4.03200000e+003 2.06108152e-016 6.66297977e-015 5.61800947e-034
 4.03920000e+003 2.06099491e-016 6.66297704e-015 5.11238861e-034
 4.04640000e+003 2.06090831e-016 6.66297430e-015 4.65227364e-034
 4.05360000e+003 2.06082171e-016 6.66297157e-015 4.23356901e-034
 4.06080000e+003 2.06073513e-016 6.66296883e-015 3.85254780e-034
 4.06800000e+003 2.06064855e-016 6.66296610e-015 3.50581850e-034
 4.07520000e+003 2.06056198e-016 6.66296336e-015 3.19029483e-034
 4.08240000e+003 2.06047541e-016 6.66296062e-015 2.90316830e-034
 4.08960000e+003 2.06038886e-016 6.66295788e-015 2.64188315e-034
 4.09680000e+003 2.06030231e-016 6.66295514e-015 2.40411367e-034
 4.10400000e+003 2.06021576e-016 6.66295240e-015 2.18774344e-034
 4.11120000e+003 2.06012923e-016 6.66294966e-015 1.99084653e-034
 4.11840000e+003 2.06004270e-016 6.66294692e-015 1.81167034e-034
 4.12560000e+003 2.05995618e-016 6.66294417e-015 1.64862001e-034
 4.13280000e+003 2.05986966e-016 6.66294143e-015 1.50024421e-034
 4.14000000e+003 2.05978316e-016 6.66293869e-015 1.36522223e-034
 4.14720000e+003 2.05969666e-016 6.66293594e-015 1.24235223e-034
 4.15440000e+003 2.05961017e-016 6.66293320e-015 1.13054053e-034
 4.16160000e+003 2.05952368e-016 6.66293045e-015 1.02879188e-034
 4.16880000e+003 2.05943720e-016 6.66292770e-015 9.36200612e-035
 4.17600000e+003 2.05935073e-016 6.66292496e-015 8.51942557e-035
 4.18320000e+003 2.05926427e-016 6.66292221e-015 7.75267727e-035
 4.19040000e+003 2.05917782e-016 6.66291946e-015 7.05493632e-035
 4.19760000e+003 2.05909137e-016 6.66291671e-015 6.41999205e-035
 4.20480000e+003 2.05900493e-016 6.66291396e-015 5.84219276e-035
 4.21200000e+003 2.05891849e-016 6.66291121e-015 5.31639541e-035
 4.21920000e+003 2.05883207e-016 6.66290846e-015 4.83791983e-035
 4.22640000e+003 2.05874565e-016 6.66290570e-015 4.40250704e-035
 4.23360000e+003 2.05865924e-016 6.66290295e-015 4.00628141e-035
 4.24080000e+003 2.05857283e-016 6.66290020e-015 3.64571608e-035
 4.24800000e+003 2.05848643e-016 6.66289744e-015 3.31760163e-035
 4.25520000e+003 2.05840004e-016 6.66289469e-015 3.01901749e-035
 4.26240000e+003 2.05831366e-016 6.66289193e-015 2.74730591e-035
 4.26960000e+003 2.05822728e-016 6.66288917e-015 2.50004838e-035
 4.27680000e+003 2.05814092e-016 6.66288642e-015 2.27504403e-035
 4.28400000e+003 2.05805455e-016 6.66288366e-015 2.07029006e-035
 4.29120000e+003 2.05796820e-016 6.66288090e-015 1.88396396e-035
 4.29840000e+003 2.05788185e-016 6.66287814e-015 1.71440720e-035
 4.30560000e+003 2.05779551e-016 6.66287538e-015 1.56011055e-035
 4.31280000e+003 2.05770918e-016 6.66287262e-015 1.41970060e-035
 4.32000000e+003 2.05762286e-016 6.66286985e-015 1.29192755e-035
 4.32720000e+003 2.05753654e-016 6.66286709e-015 1.17565407e-035
 4.33440000e+003 2.05745023e-016 6.66286433e-015 1.06984520e-035
 4.34160000e+003 2.05736392e-016 6.66286156e-015 9.73559136e-036
 4.34880000e+003 2.05727763e-016 6.66285880e-015 8.85938814e-036
 4.35600000e+003 2.05719134e-016 6.66285603e-015 8.06204320e-036
 4.36320000e+003 2.05710506e-016 6.66285327e-015 7.33645931e-036
 4.37040000e+003 2.05701878e-016 6.66285050e-015 6.67617798e-036
 4.37760000e+003 2.05693252e-016 6.66284773e-015 6.07532196e-036
 4.38480000e+003 2.05684626e-016 6.66284497e-015 5.52854298e-036
 4.39200000e+003 2.05676000e-016 6.66284220e-015 5.03097411e-036
 4.39920000e+003 2.05667376e-016 6.66283943e-015 4.57818644e-036
 4.40640000e+003 2.05658752e-016 6.66283666e-015 4.16614966e-036
 4.41360000e+003 2.05650129e-016 6.66283388e-015 3.79119619e-036
 4.42080000e+003 2.05641507e-016 6.66283111e-015 3.44998854e-036
 4.42800000e+003 2.05632885e-016 6.66282834e-015 3.13948957e-036
 4.43520000e+003 2.05624264e-016 6.66282557e-015 2.85693551e-036
 4.44240000e+003 2.05615644e-016 6.66282279e-015 2.59981131e-036
 4.44960000e+003 2.05607024e-016 6.66282002e-015 2.36582829e-036
 4.45680000e+003 2.05598406e-016 6.66281724e-015 2.15290375e-036
 4.46400000e+003 2.05589788e-016 6.66281447e-015 1.95914241e-036
 4.47120000e+003 2.05581170e-016 6.66281169e-015 1.78281959e-036
 4.47840000e+003 2.05572554e-016 6.66280891e-015 1.62236583e-036
 4.48560000e+003 2.05563938e-016 6.66280613e-015 1.47635290e-036
 4.49280000e+003 2.05555323e-016 6.66280335e-015 1.34348114e-036
 4.50000000e+003 2.05546708e-016 6.66280057e-015 1.22256784e-036
 4.50720000e+003 2.05538094e-016 6.66279779e-015 1.11253673e-036
 4.51440000e+003 2.05529482e-016 6.66279501e-015 1.01240843e-036
 4.52160000e+003 2.05520869e-016 6.66279223e-015 9.21291670e-037
 4.52880000e+003 2.05512258e-016 6.66278945e-015 8.38375420e-037
 4.53600000e+003 2.05503647e-016 6.66278667e-015 7.62921632e-037
 4.54320000e+003 2.05495037e-016 6.66278388e-015 6.94258685e-037
 4.55040000e+003 2.05486427e-016 6.66278110e-015 6.31775404e-037
 4.55760000e+003 2.05477819e-016 6.66277831e-015 5.74915617e-037
 4.56480000e+003 2.05469211e-016 6.66277552e-015 5.23173212e-037
 4.57200000e+003 2.05460604e-016 6.66277274e-015 4.76087623e-037
 4.57920000e+003 2.05451997e-016 6.66276995e-015 4.33239737e-037
 4.58640000e+003 2.05443391e-016 6.66276716e-015 3.94248160e-037
 4.59360000e+003 2.05434786e-016 6.66276437e-015 3.58765826e-037
 4.60080000e+003 2.05426182e-016 6.66276158e-015 3.26476902e-037
 4.60800000e+003 2.05417578e-016 6.66275879e-015 2.97093980e-037
 4.61520000e+003 2.05408976e-016 6.66275600e-015 2.70355522e-037
 4.62240000e+003 2.05400373e-016 6.66275321e-015 2.46023525e-037
 4.62960000e+003 2.05391772e-016 6.66275042e-015 2.23881408e-037
 4.63680000e+003 2.05383171e-016 6.66274762e-015 2.03732081e-037
 4.64400000e+003 2.05374571e-016 6.66274483e-015 1.85396194e-037
 4.65120000e+003 2.05365972e-016 6.66274204e-015 1.68710536e-037
 4.65840000e+003 2.05357373e-016 6.66273924e-015 1.53526588e-037
 4.66560000e+003 2.05348776e-016 6.66273644e-015 1.39709195e-037
 4.67280000e+003 2.05340178e-016 6.66273365e-015 1.27135368e-037
 4.68000000e+003 2.05331582e-016 6.66273085e-015 1.15693185e-037
 4.68720000e+003 2.05322986e-016 6.66272805e-015 1.05280798e-037
 4.69440000e+003 2.05314391e-016 6.66272525e-015 9.58055261e-038
 4.70160000e+003 2.05305797e-016 6.66272245e-015 8.71830288e-038
 4.70880000e+003 2.05297204e-016 6.66271965e-015 7.93365562e-038
 4.71600000e+003 2.05288611e-016 6.66271685e-015 7.21962661e-038
 4.72320000e+003 2.05280019e-016 6.66271405e-015 6.56986022e-038
 4.73040000e+003 2.05271427e-016 6.66271125e-015 5.97857280e-038
 4.73760000e+003 2.05262837e-016 6.66270844e-015 5.44050125e-038
 4.74480000e+003 2.05254247e-016 6.66270564e-015 4.95085613e-038
 4.75200000e+003 2.05245658e-016 6.66270284e-015 4.50527908e-038
 4.75920000e+003 2.05237069e-016 6.66270003e-015 4.09980396e-038
 4.76640000e+003 2.05228481e-016 6.66269722e-015 3.73082161e-038
 4.77360000e+003 2.05219894e-016 6.66269442e-015 3.39504766e-038
 4.78080000e+003 2.05211308e-016 6.66269161e-015 3.08949337e-038
 4.78800000e+003 2.05202722e-016 6.66268880e-015 2.81143897e-038
 4.79520000e+003 2.05194137e-016 6.66268599e-015 2.55840946e-038
 4.80240000e+003 2.05185553e-016 6.66268318e-015 2.32815261e-038
 4.80960000e+003 2.05176970e-016 6.66268037e-015 2.11861888e-038
 4.81680000e+003 2.05168387e-016 6.66267756e-015 1.92794318e-038
 4.82400000e+003 2.05159805e-016 6.66267475e-015 1.75442829e-038
 4.83120000e+003 2.05151224e-016 6.66267194e-015 1.59652975e-038
 4.83840000e+003 2.05142643e-016 6.66266912e-015 1.45284207e-038
 4.84560000e+003 2.05134063e-016 6.66266631e-015 1.32208628e-038
 4.85280000e+003 2.05125484e-016 6.66266350e-015 1.20309852e-038
 4.86000000e+003 2.05116906e-016 6.66266068e-015 1.09481965e-038
 4.86720000e+003 2.05108328e-016 6.66265786e-015 9.96285882e-039
 4.87440000e+003 2.05099751e-016 6.66265505e-015 9.06620152e-039
 4.88160000e+003 2.05091175e-016 6.66265223e-015 8.25024339e-039
 4.88880000e+003 2.05082599e-016 6.66264941e-015 7.50772148e-039
 4.89600000e+003 2.05074024e-016 6.66264659e-015 6.83202655e-039
 4.90320000e+003 2.05065450e-016 6.66264377e-015 6.21714416e-039
 4.91040000e+003 2.05056877e-016 6.66264095e-015 5.65760118e-039
 4.91760000e+003 2.05048304e-016 6.66263813e-015 5.14841708e-039
 4.92480000e+003 2.05039732e-016 6.66263531e-015 4.68505954e-039
 4.93200000e+003 2.05031161e-016 6.66263249e-015 4.26340418e-039
 4.93920000e+003 2.05022590e-016 6.66262967e-015 3.87969781e-039
 4.94640000e+003 2.05014020e-016 6.66262684e-015 3.53052500e-039
 4.95360000e+003 2.05005451e-016 6.66262402e-015 3.21277775e-039
 4.96080000e+003 2.04996883e-016 6.66262119e-015 2.92362775e-039
 4.96800000e+003 2.04988315e-016 6.66261837e-015 2.66050126e-039
 4.97520000e+003 2.04979748e-016 6.66261554e-015 2.42105614e-039
 4.98240000e+003 2.04971182e-016 6.66261271e-015 2.20316109e-039
 4.98960000e+003 2.04962616e-016 6.66260989e-015 2.00487659e-039
 4.99680000e+003 2.04954052e-016 6.66260706e-015 1.82443770e-039
 5.00400000e+003 2.04945488e-016 6.66260423e-015 1.66023831e-039
 5.01120000e+003 2.04936924e-016 6.66260140e-015 1.51081686e-039
 5.01840000e+003 2.04928361e-016 6.66259857e-015 1.37484334e-039
 5.02560000e+003 2.04919800e-016 6.66259573e-015 1.25110744e-039
 5.03280000e+003 2.04911238e-016 6.66259290e-015 1.13850777e-039
 5.04000000e+003 2.04902678e-016 6.66259007e-015 1.03604207e-039
 5.04720000e+003 2.04894118e-016 6.66258724e-015 9.42798285e-040
 5.05440000e+003 2.04885559e-016 6.66258440e-015 8.57946440e-040
 5.06160000e+003 2.04877000e-016 6.66258157e-015 7.80731260e-040
 5.06880000e+003 2.04868443e-016 6.66257873e-015 7.10465447e-040
 5.07600000e+003 2.04859886e-016 6.66257589e-015 6.46523556e-040
 5.08320000e+003 2.04851330e-016 6.66257306e-015 5.88336436e-040
 5.09040000e+003 2.04842774e-016 6.66257022e-015 5.35386157e-040
 5.09760000e+003 2.04834219e-016 6.66256738e-015 4.87201403e-040
 5.10480000e+003 2.04825665e-016 6.66256454e-015 4.43353277e-040
 5.11200000e+003 2.04817112e-016 6.66256170e-015 4.03451482e-040
 5.11920000e+003 2.04808559e-016 6.66255886e-015 3.67140848e-040
 5.12640000e+003 2.04800007e-016 6.66255602e-015 3.34098172e-040
 5.13360000e+003 2.04791456e-016 6.66255318e-015 3.04029337e-040
 5.14080000e+003 2.04782905e-016 6.66255033e-015 2.76666696e-040
 5.14800000e+003 2.04774356e-016 6.66254749e-015 2.51766694e-040
 5.15520000e+003 2.04765807e-016 6.66254465e-015 2.29107691e-040
 5.16240000e+003 2.04757258e-016 6.66254180e-015 2.08487999e-040
 5.16960000e+003 2.04748711e-016 6.66253896e-015 1.89724079e-040
 5.17680000e+003 2.04740164e-016 6.66253611e-015 1.72648912e-040
 5.18400000e+003 2.04731617e-016 6.66253326e-015 1.57110510e-040
 5.19120000e+003 2.04723072e-016 6.66253042e-015 1.42970564e-040
 5.19840000e+003 2.04714527e-016 6.66252757e-015 1.30103213e-040
 5.20560000e+003 2.04705983e-016 6.66252472e-015 1.18393924e-040
 5.21280000e+003 2.04697440e-016 6.66252187e-015 1.07738471e-040
 5.22000000e+003 2.04688897e-016 6.66251902e-015 9.80420085e-041
 5.22720000e+003 2.04680355e-016 6.66251617e-015 8.92182277e-041
 5.23440000e+003 2.04671814e-016 6.66251331e-015 8.11885872e-041
 5.24160000e+003 2.04663273e-016 6.66251046e-015 7.38816144e-041
 5.24880000e+003 2.04654733e-016 6.66250761e-015 6.72322691e-041
 5.25600000e+003 2.04646194e-016 6.66250475e-015 6.11813649e-041
 5.26320000e+003 2.04637656e-016 6.66250190e-015 5.56750420e-041
 5.27040000e+003 2.04629118e-016 6.66249904e-015 5.06642883e-041
 5.27760000e+003 2.04620581e-016 6.66249619e-015 4.61045023e-041
 5.28480000e+003 2.04612045e-016 6.66249333e-015 4.19550971e-041
 5.29200000e+003 2.04603509e-016 6.66249047e-015 3.81791384e-041
 5.29920000e+003 2.04594975e-016 6.66248761e-015 3.47430159e-041
 5.30640000e+003 2.04586440e-016 6.66248476e-015 3.16161445e-041
 5.31360000e+003 2.04577907e-016 6.66248190e-015 2.87706915e-041
 5.32080000e+003 2.04569374e-016 6.66247904e-015 2.61813292e-041
 5.32800000e+003 2.04560842e-016 6.66247617e-015 2.38250096e-041
 5.33520000e+003 2.04552311e-016 6.66247331e-015 2.16807587e-041
 5.34240000e+003 2.04543780e-016 6.66247045e-015 1.97294905e-041
 5.34960000e+003 2.04535251e-016 6.66246759e-015 1.79538363e-041
 5.35680000e+003 2.04526722e-016 6.66246472e-015 1.63379910e-041
 5.36400000e+003 2.04518193e-016 6.66246186e-015 1.48675719e-041
 5.37120000e+003 2.04509665e-016 6.66245899e-015 1.35294904e-041
 5.37840000e+003 2.04501138e-016 6.66245613e-015 1.23118363e-041
 5.38560000e+003 2.04492612e-016 6.66245326e-015 1.12037710e-041
 5.39280000e+003 2.04484086e-016 6.66245039e-015 1.01954316e-041
 5.40000000e+003 2.04475562e-016 6.66244753e-015 9.27784276e-042
 5.40720000e+003 2.04467037e-016 6.66244466e-015 8.44283691e-042
 5.41440000e+003 2.04458514e-016 6.66244179e-015 7.68298159e-042
 5.42160000e+003 2.04449991e-016 6.66243892e-015 6.99151324e-042
 5.42880000e+003 2.04441469e-016 6.66243605e-015 6.36227705e-042
 5.43600000e+003 2.04432948e-016 6.66243317e-015 5.78967212e-042
 5.44320000e+003 2.04424427e-016 6.66243030e-015 5.26860163e-042
 5.45040000e+003 2.04415907e-016 6.66242743e-015 4.79442748e-042
 5.45760000e+003 2.04407388e-016 6.66242456e-015 4.36292901e-042
 5.46480000e+003 2.04398870e-016 6.66242168e-015 3.97026540e-042
 5.47200000e+003 2.04390352e-016 6.66241881e-015 3.61294151e-042
 5.47920000e+003 2.04381835e-016 6.66241593e-015 3.28777677e-042
 5.48640000e+003 2.04373319e-016 6.66241305e-015 2.99187687e-042
 5.49360000e+003 2.04364803e-016 6.66241018e-015 2.72260795e-042
 5.50080000e+003 2.04356288e-016 6.66240730e-015 2.47757323e-042
 5.50800000e+003 2.04347774e-016 6.66240442e-015 2.25459164e-042
 5.51520000e+003 2.04339260e-016 6.66240154e-015 2.05167839e-042
 5.52240000e+003 2.04330747e-016 6.66239866e-015 1.86702734e-042
 5.52960000e+003 2.04322235e-016 6.66239578e-015 1.69899488e-042
 5.53680000e+003 2.04313724e-016 6.66239290e-015 1.54608534e-042
 5.54400000e+003 2.04305213e-016 6.66239002e-015 1.40693766e-042
 5.55120000e+003 2.04296703e-016 6.66238713e-015 1.28031327e-042
 5.55840000e+003 2.04288194e-016 6.66238425e-015 1.16508507e-042
 5.56560000e+003 2.04279686e-016 6.66238137e-015 1.06022742e-042
 5.57280000e+003 2.04271178e-016 6.66237848e-015 9.64806950e-043
 5.58000000e+003 2.04262671e-016 6.66237560e-015 8.77974325e-043
 5.58720000e+003 2.04254164e-016 6.66237271e-015 7.98956636e-043
 5.59440000e+003 2.04245658e-016 6.66236982e-015 7.27050538e-043
 5.60160000e+003 2.04237153e-016 6.66236693e-015 6.61615990e-043
 5.60880000e+003 2.04228649e-016 6.66236405e-015 6.02070551e-043
 5.61600000e+003 2.04220146e-016 6.66236116e-015 5.47884201e-043
 5.62320000e+003 2.04211643e-016 6.66235827e-015 4.98574623e-043
 5.63040000e+003 2.04203141e-016 6.66235538e-015 4.53702907e-043
 5.63760000e+003 2.04194639e-016 6.66235249e-015 4.12869645e-043
 5.64480000e+003 2.04186138e-016 6.66234959e-015 3.75711377e-043
 5.65200000e+003 2.04177638e-016 6.66234670e-015 3.41897353e-043
 5.65920000e+003 2.04169139e-016 6.66234381e-015 3.11126592e-043
 5.66640000e+003 2.04160640e-016 6.66234091e-015 2.83125198e-043
 5.67360000e+003 2.04152142e-016 6.66233802e-015 2.57643930e-043
 5.68080000e+003 2.04143645e-016 6.66233512e-015 2.34455977e-043
 5.68800000e+003 2.04135149e-016 6.66233223e-015 2.13354939e-043
 5.69520000e+003 2.04126653e-016 6.66232933e-015 1.94152994e-043
 5.70240000e+003 2.04118158e-016 6.66232643e-015 1.76679225e-043
 5.70960000e+003 2.04109663e-016 6.66232354e-015 1.60778095e-043
 5.71680000e+003 2.04101170e-016 6.66232064e-015 1.46308066e-043
 5.72400000e+003 2.04092677e-016 6.66231774e-015 1.33140340e-043
 5.73120000e+003 2.04084184e-016 6.66231484e-015 1.21157710e-043
 5.73840000e+003 2.04075693e-016 6.66231194e-015 1.10253516e-043
 5.74560000e+003 2.04067202e-016 6.66230903e-015 1.00330699e-043
 5.75280000e+003 2.04058712e-016 6.66230613e-015 9.13009363e-044
 5.76000000e+003 2.04050222e-016 6.66230323e-015 8.30838521e-044
 5.76720000e+003 2.04041734e-016 6.66230033e-015 7.56063054e-044
 5.77440000e+003 2.04033246e-016 6.66229742e-015 6.88017379e-044
 5.78160000e+003 2.04024758e-016 6.66229452e-015 6.26095815e-044
 5.78880000e+003 2.04016272e-016 6.66229161e-015 5.69747191e-044
 5.79600000e+003 2.04007786e-016 6.66228870e-015 5.18469944e-044
 5.80320000e+003 2.03999301e-016 6.66228580e-015 4.71807649e-044
 5.81040000e+003 2.03990816e-016 6.66228289e-015 4.29344961e-044
 5.81760000e+003 2.03982332e-016 6.66227998e-015 3.90703914e-044
 5.82480000e+003 2.03973849e-016 6.66227707e-015 3.55540562e-044
 5.83200000e+003 2.03965367e-016 6.66227416e-015 3.23541911e-044
 5.83920000e+003 2.03956885e-016 6.66227125e-015 2.94423139e-044
 5.84640000e+003 2.03948404e-016 6.66226834e-015 2.67925057e-044
 5.85360000e+003 2.03939924e-016 6.66226543e-015 2.43811802e-044
 5.86080000e+003 2.03931444e-016 6.66226251e-015 2.21868740e-044
 5.86800000e+003 2.03922966e-016 6.66225960e-015 2.01900553e-044
 5.87520000e+003 2.03914487e-016 6.66225669e-015 1.83729503e-044
 5.88240000e+003 2.03906010e-016 6.66225377e-015 1.67193848e-044
 5.88960000e+003 2.03897533e-016 6.66225086e-015 1.52146402e-044
 5.89680000e+003 2.03889057e-016 6.66224794e-015 1.38453226e-044
 5.90400000e+003 2.03880582e-016 6.66224502e-015 1.25992435e-044
 5.91120000e+003 2.03872107e-016 6.66224210e-015 1.14653116e-044
 5.91840000e+003 2.03863633e-016 6.66223919e-015 1.04334336e-044
 5.92560000e+003 2.03855160e-016 6.66223627e-015 9.49442454e-045
 5.93280000e+003 2.03846688e-016 6.66223335e-015 8.63992633e-045
 5.94000000e+003 2.03838216e-016 6.66223043e-015 7.86233296e-045
 5.94720000e+003 2.03829745e-016 6.66222751e-015 7.15472299e-045
 5.95440000e+003 2.03821274e-016 6.66222458e-015 6.51079793e-045
 5.96160000e+003 2.03812805e-016 6.66222166e-015 5.92482611e-045
 5.96880000e+003 2.03804336e-016 6.66221874e-015 5.39159176e-045
 5.97600000e+003 2.03795867e-016 6.66221581e-015 4.90634850e-045
 5.98320000e+003 2.03787400e-016 6.66221289e-015 4.46477714e-045
 5.99040000e+003 2.03778933e-016 6.66220996e-015 4.06294720e-045
 5.99760000e+003 2.03770467e-016 6.66220704e-015 3.69728195e-045
 6.00480000e+003 2.03762001e-016 6.66220411e-015 3.36452657e-045
 6.01200000e+003 2.03753536e-016 6.66220118e-015 3.06171918e-045
 6.01920000e+003 2.03745072e-016 6.66219826e-015 2.78616445e-045
 6.02640000e+003 2.03736609e-016 6.66219533e-015 2.53540965e-045
 6.03360000e+003 2.03728146e-016 6.66219240e-015 2.30722279e-045
 6.04080000e+003 2.03719684e-016 6.66218947e-015 2.09957273e-045
 6.04800000e+003 2.03711223e-016 6.66218654e-015 1.91061119e-045
 6.05520000e+003 2.03702763e-016 6.66218361e-015 1.73865618e-045
 6.06240000e+003 2.03694303e-016 6.66218067e-015 1.58217713e-045
 6.06960000e+003 2.03685844e-016 6.66217774e-015 1.43978118e-045
 6.07680000e+003 2.03677385e-016 6.66217481e-015 1.31020088e-045
 6.08400000e+003 2.03668927e-016 6.66217187e-015 1.19228280e-045
 6.09120000e+003 2.03660470e-016 6.66216894e-015 1.08497735e-045
 6.09840000e+003 2.03652014e-016 6.66216600e-015 9.87329385e-046
 6.10560000e+003 2.03643558e-016 6.66216307e-015 8.98469741e-046
 6.11280000e+003 2.03635103e-016 6.66216013e-015 8.17607464e-046
 6.12000000e+003 2.03626649e-016 6.66215719e-015 7.44022792e-046
 6.12720000e+003 2.03618196e-016 6.66215425e-015 6.77060741e-046
 6.13440000e+003 2.03609743e-016 6.66215131e-015 6.16125274e-046
 6.14160000e+003 2.03601291e-016 6.66214837e-015 5.60674000e-046
 6.14880000e+003 2.03592839e-016 6.66214543e-015 5.10213340e-046
 6.15600000e+003 2.03584389e-016 6.66214249e-015 4.64294139e-046
 6.16320000e+003 2.03575939e-016 6.66213955e-015 4.22507667e-046
 6.17040000e+003 2.03567489e-016 6.66213661e-015 3.84481977e-046
 6.17760000e+003 2.03559041e-016 6.66213366e-015 3.49878599e-046
 6.18480000e+003 2.03550593e-016 6.66213072e-015 3.18389525e-046
 6.19200000e+003 2.03542145e-016 6.66212778e-015 2.89734468e-046
 6.19920000e+003 2.03533699e-016 6.66212483e-015 2.63658365e-046
 6.20640000e+003 2.03525253e-016 6.66212188e-015 2.39929113e-046
 6.21360000e+003 2.03516808e-016 6.66211894e-015 2.18335492e-046
 6.22080000e+003 2.03508364e-016 6.66211599e-015 1.98685298e-046
 6.22800000e+003 2.03499920e-016 6.66211304e-015 1.80803621e-046
 6.23520000e+003 2.03491477e-016 6.66211009e-015 1.64531295e-046
 6.24240000e+003 2.03483035e-016 6.66210714e-015 1.49723479e-046
 6.24960000e+003 2.03474593e-016 6.66210419e-015 1.36248366e-046
 6.25680000e+003 2.03466152e-016 6.66210124e-015 1.23986013e-046
 6.26400000e+003 2.03457712e-016 6.66209829e-015 1.12827272e-046
 6.27120000e+003 2.03449272e-016 6.66209534e-015 1.02672817e-046
 6.27840000e+003 2.03440834e-016 6.66209239e-015 9.34322636e-047
 6.28560000e+003 2.03432395e-016 6.66208943e-015 8.50233599e-047
 6.29280000e+003 2.03423958e-016 6.66208648e-015 7.73712575e-047
 6.30000000e+003 2.03415521e-016 6.66208352e-015 7.04078443e-047
 6.30720000e+003 2.03407085e-016 6.66208057e-015 6.40711383e-047
 6.31440000e+003 2.03398650e-016 6.66207761e-015 5.83047359e-047
 6.32160000e+003 2.03390215e-016 6.66207465e-015 5.30573097e-047
 6.32880000e+003 2.03381781e-016 6.66207170e-015 4.82821518e-047
 6.33600000e+003 2.03373348e-016 6.66206874e-015 4.39367581e-047
 6.34320000e+003 2.03364916e-016 6.66206578e-015 3.99824499e-047
 6.35040000e+003 2.03356484e-016 6.66206282e-015 3.63840294e-047
 6.35760000e+003 2.03348053e-016 6.66205986e-015 3.31094668e-047
 6.36480000e+003 2.03339622e-016 6.66205690e-015 3.01296148e-047
 6.37200000e+003 2.03331193e-016 6.66205393e-015 2.74179494e-047
 6.37920000e+003 2.03322764e-016 6.66205097e-015 2.49503340e-047
 6.38640000e+003 2.03314335e-016 6.66204801e-015 2.27048039e-047
 6.39360000e+003 2.03305908e-016 6.66204505e-015 2.06613716e-047
 6.40080000e+003 2.03297481e-016 6.66204208e-015 1.88018481e-047
 6.40800000e+003 2.03289055e-016 6.66203912e-015 1.71096818e-047
 6.41520000e+003 2.03280629e-016 6.66203615e-015 1.55698104e-047
 6.42240000e+003 2.03272204e-016 6.66203318e-015 1.41685275e-047
 6.42960000e+003 2.03263780e-016 6.66203021e-015 1.28933600e-047
 6.43680000e+003 2.03255357e-016 6.66202725e-015 1.17329576e-047
 6.44400000e+003 2.03246934e-016 6.66202428e-015 1.06769914e-047
 6.45120000e+003 2.03238512e-016 6.66202131e-015 9.71606220e-048
 6.45840000e+003 2.03230091e-016 6.66201834e-015 8.84161661e-048
 6.46560000e+003 2.03221670e-016 6.66201537e-015 8.04587111e-048
 6.47280000e+003 2.03213250e-016 6.66201240e-015 7.32174271e-048
 6.48000000e+003 2.03204831e-016 6.66200942e-015 6.66278587e-048
 6.48720000e+003 2.03196412e-016 6.66200645e-015 6.06313514e-048
 6.49440000e+003 2.03187994e-016 6.66200348e-015 5.51745298e-048
 6.50160000e+003 2.03179577e-016 6.66200050e-015 5.02088221e-048
 6.50880000e+003 2.03171161e-016 6.66199753e-015 4.56900281e-048
 6.51600000e+003 2.03162745e-016 6.66199455e-015 4.15779256e-048
 6.52320000e+003 2.03154330e-016 6.66199158e-015 3.78359123e-048
 6.53040000e+003 2.03145916e-016 6.66198860e-015 3.44306802e-048
 6.53760000e+003 2.03137502e-016 6.66198562e-015 3.13319190e-048
 6.54480000e+003 2.03129089e-016 6.66198264e-015 2.85120462e-048
 6.55200000e+003 2.03120677e-016 6.66197966e-015 2.59459621e-048
 6.55920000e+003 2.03112265e-016 6.66197668e-015 2.36108255e-048
 6.56640000e+003 2.03103854e-016 6.66197370e-015 2.14858512e-048
 6.57360000e+003 2.03095444e-016 6.66197072e-015 1.95521246e-048
 6.58080000e+003 2.03087035e-016 6.66196774e-015 1.77924334e-048
 6.58800000e+003 2.03078626e-016 6.66196476e-015 1.61911144e-048
 6.59520000e+003 2.03070218e-016 6.66196177e-015 1.47339141e-048
 6.60240000e+003 2.03061810e-016 6.66195879e-015 1.34078618e-048
 6.60960000e+003 2.03053404e-016 6.66195581e-015 1.22011543e-048
 6.61680000e+003 2.03044998e-016 6.66195282e-015 1.11030504e-048
 6.62400000e+003 2.03036592e-016 6.66194983e-015 1.01037758e-048
 6.63120000e+003 2.03028188e-016 6.66194685e-015 9.19443601e-049
 6.63840000e+003 2.03019784e-016 6.66194386e-015 8.36693677e-049
 6.64560000e+003 2.03011381e-016 6.66194087e-015 7.61391246e-049
 6.65280000e+003 2.03002978e-016 6.66193788e-015 6.92866034e-049
 6.66000000e+003 2.02994576e-016 6.66193489e-015 6.30508091e-049
 6.66720000e+003 2.02986175e-016 6.66193190e-015 5.73762363e-049
 6.67440000e+003 2.02977775e-016 6.66192891e-015 5.22123750e-049
 6.68160000e+003 2.02969375e-016 6.66192592e-015 4.75132612e-049
 6.68880000e+003 2.02960976e-016 6.66192293e-015 4.32370677e-049
 6.69600000e+003 2.02952578e-016 6.66191994e-015 3.93457316e-049
 6.70320000e+003 2.02944180e-016 6.66191694e-015 3.58046158e-049
 6.71040000e+003 2.02935783e-016 6.66191395e-015 3.25822004e-049
 6.71760000e+003 2.02927387e-016 6.66191096e-015 2.96498023e-049
 6.72480000e+003 2.02918991e-016 6.66190796e-015 2.69813201e-049
 6.73200000e+003 2.02910596e-016 6.66190496e-015 2.45530013e-049
 6.73920000e+003 2.02902202e-016 6.66190197e-015 2.23432312e-049
 6.74640000e+003 2.02893809e-016 6.66189897e-015 2.03323404e-049
 6.75360000e+003 2.02885416e-016 6.66189597e-015 1.85024298e-049
 6.76080000e+003 2.02877024e-016 6.66189297e-015 1.68372111e-049
 6.76800000e+003 2.02868632e-016 6.66188997e-015 1.53218621e-049
 6.77520000e+003 2.02860242e-016 6.66188697e-015 1.39428945e-049
 6.78240000e+003 2.02851852e-016 6.66188397e-015 1.26880340e-049
 6.78960000e+003 2.02843462e-016 6.66188097e-015 1.15461109e-049
 6.79680000e+003 2.02835074e-016 6.66187797e-015 1.05069609e-049
 6.80400000e+003 2.02826686e-016 6.66187496e-015 9.56133446e-050
 6.81120000e+003 2.02818299e-016 6.66187196e-015 8.70081436e-050
 6.81840000e+003 2.02809912e-016 6.66186896e-015 7.91774107e-050
 6.82560000e+003 2.02801526e-016 6.66186595e-015 7.20514437e-050
 6.83280000e+003 2.02793141e-016 6.66186294e-015 6.55668138e-050
 6.84000000e+003 2.02784757e-016 6.66185994e-015 5.96658005e-050
 6.84720000e+003 2.02776373e-016 6.66185693e-015 5.42958785e-050
 6.85440000e+003 2.02767990e-016 6.66185392e-015 4.94092494e-050
 6.86160000e+003 2.02759607e-016 6.66185091e-015 4.49624170e-050
 6.86880000e+003 2.02751226e-016 6.66184790e-015 4.09157994e-050
 6.87600000e+003 2.02742845e-016 6.66184489e-015 3.72333775e-050
 6.88320000e+003 2.02734464e-016 6.66184188e-015 3.38823735e-050
 6.89040000e+003 2.02726085e-016 6.66183887e-015 3.08329599e-050
 6.89760000e+003 2.02717706e-016 6.66183586e-015 2.80579935e-050
 6.90480000e+003 2.02709328e-016 6.66183285e-015 2.55327741e-050
 6.91200000e+003 2.02700950e-016 6.66182984e-015 2.32348244e-050
 6.91920000e+003 2.02692573e-016 6.66182682e-015 2.11436902e-050
 6.92640000e+003 2.02684197e-016 6.66182381e-015 1.92407581e-050
 6.93360000e+003 2.02675822e-016 6.66182079e-015 1.75090899e-050
 6.94080000e+003 2.02667447e-016 6.66181778e-015 1.59332718e-050
 6.94800000e+003 2.02659073e-016 6.66181476e-015 1.44992773e-050
 6.95520000e+003 2.02650699e-016 6.66181174e-015 1.31943424e-050
 6.96240000e+003 2.02642327e-016 6.66180872e-015 1.20068516e-050
 6.96960000e+003 2.02633955e-016 6.66180570e-015 1.09262349e-050
 6.97680000e+003 2.02625583e-016 6.66180268e-015 9.94287377e-051
 6.98400000e+003 2.02617213e-016 6.66179966e-015 9.04801513e-051
 6.99120000e+003 2.02608843e-016 6.66179664e-015 8.23369377e-051
 6.99840000e+003 2.02600474e-016 6.66179362e-015 7.49266133e-051
 7.00560000e+003 2.02592105e-016 6.66179060e-015 6.81832181e-051
 7.01280000e+003 2.02583737e-016 6.66178758e-015 6.20467285e-051
 7.02000000e+003 2.02575370e-016 6.66178455e-015 5.64625229e-051
 7.02720000e+003 2.02567004e-016 6.66178153e-015 5.13808959e-051
 7.03440000e+003 2.02558638e-016 6.66177850e-015 4.67566152e-051
 7.04160000e+003 2.02550273e-016 6.66177548e-015 4.25485199e-051
 7.04880000e+003 2.02541908e-016 6.66177245e-015 3.87191531e-051
 7.05600000e+003 2.02533545e-016 6.66176943e-015 3.52344293e-051
 7.06320000e+003 2.02525182e-016 6.66176640e-015 3.20633307e-051
 7.07040000e+003 2.02516819e-016 6.66176337e-015 2.91776309e-051
 7.07760000e+003 2.02508458e-016 6.66176034e-015 2.65516441e-051
 7.08480000e+003 2.02500097e-016 6.66175731e-015 2.41619962e-051
 7.09200000e+003 2.02491736e-016 6.66175428e-015 2.19874165e-051
 7.09920000e+003 2.02483377e-016 6.66175125e-015 2.00085490e-051
 7.10640000e+003 2.02475018e-016 6.66174822e-015 1.82077796e-051
 7.11360000e+003 2.02466660e-016 6.66174519e-015 1.65690794e-051
 7.12080000e+003 2.02458302e-016 6.66174215e-015 1.50778623e-051
 7.12800000e+003 2.02449946e-016 6.66173912e-015 1.37208547e-051
 7.13520000e+003 2.02441589e-016 6.66173608e-015 1.24859778e-051
 7.14240000e+003 2.02433234e-016 6.66173305e-015 1.13622398e-051
 7.14960000e+003 2.02424879e-016 6.66173001e-015 1.03396382e-051
 7.15680000e+003 2.02416525e-016 6.66172698e-015 9.40907075e-052
 7.16400000e+003 2.02408172e-016 6.66172394e-015 8.56225438e-052
 7.17120000e+003 2.02399819e-016 6.66172090e-015 7.79165149e-052
 7.17840000e+003 2.02391467e-016 6.66171786e-015 7.09040285e-052
 7.18560000e+003 2.02383116e-016 6.66171482e-015 6.45226660e-052
 7.19280000e+003 2.02374765e-016 6.66171178e-015 5.87156260e-052
 7.20000000e+003 2.02366415e-016 6.66170874e-015 5.34312197e-052
