 9.29435330e+001 3.70308867e-015 0.00000000e+000 8.81971618e-004
 1.00050589e+002 3.69346403e-015 9.62464738e-018 8.80934846e-004
 1.07157646e+002 3.68385317e-015 1.91027285e-017 8.79898082e-004
 1.14264702e+002 3.67425611e-015 2.84359605e-017 8.78861326e-004
 1.21371759e+002 3.66467282e-015 3.76260425e-017 8.77824579e-004
 1.28478815e+002 3.65510332e-015 4.66746564e-017 8.76787839e-004
 1.35585872e+002 3.64554760e-015 5.55834666e-017 8.75751107e-004
 1.42692928e+002 3.63600565e-015 6.43541200e-017 8.74714384e-004
 1.49799985e+002 3.62647748e-015 7.29882470e-017 8.73677669e-004
 1.56907041e+002 3.61696307e-015 8.14874604e-017 8.72640962e-004
 1.64014098e+002 3.60746242e-015 8.98533569e-017 8.71604263e-004
 1.71121154e+002 3.59797553e-015 9.80875161e-017 8.70567572e-004
 1.78228211e+002 3.58850240e-015 1.06191501e-016 8.69530890e-004
 1.85335267e+002 3.57904302e-015 1.14166860e-016 8.68494215e-004
 1.92442324e+002 3.56959740e-015 1.22015122e-016 8.67457550e-004
 1.99549380e+002 3.56016551e-015 1.29737804e-016 8.66420892e-004
 2.06656436e+002 3.55074737e-015 1.37336403e-016 8.65384243e-004
 2.13763493e+002 3.54134297e-015 1.44812404e-016 8.64347602e-004
 2.20870549e+002 3.53195230e-015 1.52167273e-016 8.63310969e-004
 2.27977606e+002 3.52257537e-015 1.59402464e-016 8.62274345e-004
 2.35084662e+002 3.51321216e-015 1.66519414e-016 8.61237729e-004
 2.42191719e+002 3.50386267e-015 1.73519544e-016 8.60201122e-004
 2.49298775e+002 3.49452691e-015 1.80404262e-016 8.59164523e-004
 2.56405832e+002 3.48520486e-015 1.87174959e-016 8.58127933e-004
 2.63512888e+002 3.47589652e-015 1.93833013e-016 8.57091351e-004
 2.70619945e+002 3.46660190e-015 2.00379787e-016 8.56054777e-004
 2.77727001e+002 3.45732098e-015 2.06816630e-016 8.55018212e-004
 2.84834058e+002 3.44805376e-015 2.13144874e-016 8.53981656e-004
 2.91941114e+002 3.43880024e-015 2.19365842e-016 8.52945108e-004
 2.99048171e+002 3.42956042e-015 2.25480837e-016 8.51908569e-004
 3.06155227e+002 3.42033429e-015 2.31491153e-016 8.50872038e-004
 3.13262283e+002 3.41112184e-015 2.37398068e-016 8.49835516e-004
 3.20369340e+002 3.40192308e-015 2.43202846e-016 8.48799002e-004
 3.27476396e+002 3.39273800e-015 2.48906738e-016 8.47762498e-004
 3.34583453e+002 3.38356659e-015 2.54510982e-016 8.46726002e-004
 3.41690509e+002 3.37440886e-015 2.60016803e-016 8.45689514e-004
 3.48797566e+002 3.36526480e-015 2.65425412e-016 8.44653036e-004
 3.55904622e+002 3.35613440e-015 2.70738008e-016 8.43616566e-004
 3.63011679e+002 3.34701767e-015 2.75955775e-016 8.42580105e-004
 3.70118735e+002 3.33791459e-015 2.81079887e-016 8.41543652e-004
 3.77225792e+002 3.32882517e-015 2.86111503e-016 8.40507209e-004
 3.84332848e+002 3.31974940e-015 2.91051772e-016 8.39470774e-004
 3.91439905e+002 3.31068727e-015 2.95901828e-016 8.38434348e-004
 3.98546961e+002 3.30163879e-015 3.00662795e-016 8.37397931e-004
 4.05654018e+002 3.29260395e-015 3.05335783e-016 8.36361523e-004
 4.12761074e+002 3.28358275e-015 3.09921890e-016 8.35325124e-004
 4.19868130e+002 3.27457518e-015 3.14422204e-016 8.34288734e-004
 4.26975187e+002 3.26558123e-015 3.18837800e-016 8.33252353e-004
 4.34082243e+002 3.25660091e-015 3.23169740e-016 8.32215981e-004
 4.41189300e+002 3.24763421e-015 3.27419077e-016 8.31179617e-004
 4.48296356e+002 3.23868113e-015 3.31586851e-016 8.30143263e-004
 4.55403413e+002 3.22974167e-015 3.35674091e-016 8.29106918e-004
 4.62510469e+002 3.22081581e-015 3.39681813e-016 8.28070582e-004
 4.69617526e+002 3.21190356e-015 3.43611026e-016 8.27034255e-004
 4.76724582e+002 3.20300491e-015 3.47462724e-016 8.25997937e-004
 4.83831639e+002 3.19411986e-015 3.51237891e-016 8.24961628e-004
 4.90938695e+002 3.18524841e-015 3.54937502e-016 8.23925329e-004
 4.98045752e+002 3.17639054e-015 3.58562519e-016 8.22889039e-004
 5.05152808e+002 3.16754627e-015 3.62113894e-016 8.21852757e-004
 5.12259865e+002 3.15871557e-015 3.65592571e-016 8.20816485e-004
 5.19366921e+002 3.14989846e-015 3.68999479e-016 8.19780223e-004
 5.26473977e+002 3.14109493e-015 3.72335540e-016 8.18743969e-004
 5.33581034e+002 3.13230496e-015 3.75601666e-016 8.17707725e-004
 5.40688090e+002 3.12352857e-015 3.78798757e-016 8.16671491e-004
 5.47795147e+002 3.11476574e-015 3.81927703e-016 8.15635265e-004
 5.54902203e+002 3.10601647e-015 3.84989386e-016 8.14599049e-004
 5.62009260e+002 3.09728076e-015 3.87984677e-016 8.13562843e-004
 5.69116316e+002 3.08855860e-015 3.90914437e-016 8.12526645e-004
 5.76223373e+002 3.07984999e-015 3.93779519e-016 8.11490458e-004
 5.83330429e+002 3.07115493e-015 3.96580764e-016 8.10454279e-004
 5.90437486e+002 3.06247341e-015 3.99319005e-016 8.09418111e-004
 5.97544542e+002 3.05380543e-015 4.01995066e-016 8.08381951e-004
 6.04651599e+002 3.04515098e-015 4.04609761e-016 8.07345802e-004
 6.11758655e+002 3.03651007e-015 4.07163895e-016 8.06309662e-004
 6.18865712e+002 3.02788268e-015 4.09658265e-016 8.05273531e-004
 6.25972768e+002 3.01926881e-015 4.12093657e-016 8.04237410e-004
 6.33079824e+002 3.01066846e-015 4.14470851e-016 8.03201299e-004
 6.40186881e+002 3.00208163e-015 4.16790614e-016 8.02165197e-004
 6.47293937e+002 2.99350831e-015 4.19053708e-016 8.01129105e-004
 6.54400994e+002 2.98494850e-015 4.21260886e-016 8.00093023e-004
 6.61508050e+002 2.97640219e-015 4.23412891e-016 7.99056950e-004
 6.68615107e+002 2.96786938e-015 4.25510457e-016 7.98020888e-004
 6.75722163e+002 2.95935007e-015 4.27554313e-016 7.96984835e-004
 6.82829220e+002 2.95084425e-015 4.29545176e-016 7.95948792e-004
 6.89936276e+002 2.94235192e-015 4.31483756e-016 7.94912758e-004
 6.97043333e+002 2.93387307e-015 4.33370757e-016 7.93876735e-004
 7.04150389e+002 2.92540770e-015 4.35206873e-016 7.92840721e-004
 7.11257446e+002 2.91695581e-015 4.36992789e-016 7.91804718e-004
 7.18364502e+002 2.90851740e-015 4.38729184e-016 7.90768724e-004
 7.25471559e+002 2.90009245e-015 4.40416729e-016 7.89732740e-004
 7.32578615e+002 2.89168097e-015 4.42056087e-016 7.88696767e-004
 7.39685671e+002 2.88328295e-015 4.43647913e-016 7.87660803e-004
 7.46792728e+002 2.87489838e-015 4.45192855e-016 7.86624849e-004
 7.53899784e+002 2.86652728e-015 4.46691554e-016 7.85588906e-004
 7.61006841e+002 2.85816962e-015 4.48144641e-016 7.84552972e-004
 7.68113897e+002 2.84982540e-015 4.49552744e-016 7.83517049e-004
 7.75220954e+002 2.84149463e-015 4.50916480e-016 7.82481135e-004
 7.82328010e+002 2.83317730e-015 4.52236460e-016 7.81445232e-004
 7.89435067e+002 2.82487340e-015 4.53513289e-016 7.80409339e-004
 7.96542123e+002 2.81658293e-015 4.54747563e-016 7.79373457e-004
 8.03649180e+002 2.80830588e-015 4.55939874e-016 7.78337584e-004
 8.10756236e+002 2.80004226e-015 4.57090803e-016 7.77301722e-004
 8.17863293e+002 2.79179206e-015 4.58200928e-016 7.76265871e-004
 8.24970349e+002 2.78355527e-015 4.59270819e-016 7.75230029e-004
 8.32077406e+002 2.77533189e-015 4.60301037e-016 7.74194198e-004
 8.39184462e+002 2.76712192e-015 4.61292141e-016 7.73158377e-004
 8.46291519e+002 2.75892535e-015 4.62244679e-016 7.72122567e-004
 8.53398575e+002 2.75074218e-015 4.63159196e-016 7.71086767e-004
 8.60505631e+002 2.74257240e-015 4.64036228e-016 7.70050978e-004
 8.67612688e+002 2.73441602e-015 4.64876306e-016 7.69015199e-004
 8.74719744e+002 2.72627302e-015 4.65679954e-016 7.67979431e-004
 8.81826801e+002 2.71814341e-015 4.66447692e-016 7.66943673e-004
 8.88933857e+002 2.71002717e-015 4.67180030e-016 7.65907926e-004
 8.96040914e+002 2.70192431e-015 4.67877476e-016 7.64872189e-004
 9.03147970e+002 2.69383482e-015 4.68540528e-016 7.63836464e-004
 9.10255027e+002 2.68575869e-015 4.69169682e-016 7.62800748e-004
 9.17362083e+002 2.67769593e-015 4.69765426e-016 7.61765044e-004
 9.24469140e+002 2.66964653e-015 4.70328242e-016 7.60729350e-004
 9.31576196e+002 2.66161048e-015 4.70858607e-016 7.59693667e-004
 9.38683253e+002 2.65358778e-015 4.71356991e-016 7.58657995e-004
 9.45790309e+002 2.64557843e-015 4.71823861e-016 7.57622333e-004
 9.52897366e+002 2.63758242e-015 4.72259676e-016 7.56586683e-004
 9.60004422e+002 2.62959975e-015 4.72664890e-016 7.55551043e-004
 9.67111478e+002 2.62163042e-015 4.73039952e-016 7.54515414e-004
 9.74218535e+002 2.61367442e-015 4.73385305e-016 7.53479796e-004
 9.81325591e+002 2.60573174e-015 4.73701389e-016 7.52444189e-004
 9.88432648e+002 2.59780239e-015 4.73988634e-016 7.51408594e-004
 9.95539704e+002 2.58988635e-015 4.74247470e-016 7.50373009e-004
 1.00264676e+003 2.58198363e-015 4.74478319e-016 7.49337435e-004
 1.00975382e+003 2.57409422e-015 4.74681597e-016 7.48301872e-004
 1.01686087e+003 2.56621812e-015 4.74857717e-016 7.47266320e-004
 1.02396793e+003 2.55835532e-015 4.75007086e-016 7.46230780e-004
 1.03107499e+003 2.55050581e-015 4.75130107e-016 7.45195251e-004
 1.03818204e+003 2.54266960e-015 4.75227177e-016 7.44159733e-004
 1.04528910e+003 2.53484669e-015 4.75298688e-016 7.43124226e-004
 1.05239616e+003 2.52703705e-015 4.75345028e-016 7.42088730e-004
 1.05950321e+003 2.51924070e-015 4.75366580e-016 7.41053246e-004
 1.06661027e+003 2.51145763e-015 4.75363723e-016 7.40017773e-004
 1.07371733e+003 2.50368783e-015 4.75336830e-016 7.38982311e-004
 1.08082438e+003 2.49593130e-015 4.75286270e-016 7.37946861e-004
 1.08793144e+003 2.48818804e-015 4.75212408e-016 7.36911422e-004
 1.09503849e+003 2.48045804e-015 4.75115603e-016 7.35875995e-004
 1.10214555e+003 2.47274129e-015 4.74996212e-016 7.34840579e-004
 1.10925261e+003 2.46503780e-015 4.74854585e-016 7.33805175e-004
 1.11635966e+003 2.45734756e-015 4.74691070e-016 7.32769782e-004
 1.12346672e+003 2.44967056e-015 4.74506009e-016 7.31734401e-004
 1.13057378e+003 2.44200681e-015 4.74299739e-016 7.30699031e-004
 1.13768083e+003 2.43435629e-015 4.74072597e-016 7.29663673e-004
 1.14478789e+003 2.42671900e-015 4.73824910e-016 7.28628327e-004
 1.15189495e+003 2.41909494e-015 4.73557006e-016 7.27592993e-004
 1.15900200e+003 2.41148411e-015 4.73269205e-016 7.26557670e-004
 1.16610906e+003 2.40388650e-015 4.72961826e-016 7.25522359e-004
 1.17321612e+003 2.39630210e-015 4.72635183e-016 7.24487060e-004
 1.18032317e+003 2.38873091e-015 4.72289584e-016 7.23451772e-004
 1.18743023e+003 2.38117293e-015 4.71925337e-016 7.22416497e-004
 1.19453729e+003 2.37362816e-015 4.71542743e-016 7.21381233e-004
 1.20164434e+003 2.36609658e-015 4.71142101e-016 7.20345982e-004
 1.20875140e+003 2.35857820e-015 4.70723705e-016 7.19310742e-004
 1.21585845e+003 2.35107302e-015 4.70287845e-016 7.18275515e-004
 1.22296551e+003 2.34358101e-015 4.69834810e-016 7.17240299e-004
 1.23007257e+003 2.33610219e-015 4.69364882e-016 7.16205096e-004
 1.23717962e+003 2.32863655e-015 4.68878342e-016 7.15169904e-004
 1.24428668e+003 2.32118409e-015 4.68375465e-016 7.14134725e-004
 1.25139374e+003 2.31374479e-015 4.67856525e-016 7.13099558e-004
 1.25850079e+003 2.30631866e-015 4.67321791e-016 7.12064404e-004
 1.26560785e+003 2.29890569e-015 4.66771529e-016 7.11029261e-004
 1.27271491e+003 2.29150587e-015 4.66206001e-016 7.09994131e-004
 1.27982196e+003 2.28411921e-015 4.65625466e-016 7.08959013e-004
 1.28692902e+003 2.27674570e-015 4.65030181e-016 7.07923907e-004
 1.29403608e+003 2.26938534e-015 4.64420398e-016 7.06888814e-004
 1.30114313e+003 2.26203811e-015 4.63796366e-016 7.05853734e-004
 1.30825019e+003 2.25470402e-015 4.63158332e-016 7.04818666e-004
 1.31535725e+003 2.24738306e-015 4.62506537e-016 7.03783610e-004
 1.32246430e+003 2.24007523e-015 4.61841223e-016 7.02748567e-004
 1.32957136e+003 2.23278053e-015 4.61162625e-016 7.01713536e-004
 1.33667841e+003 2.22549894e-015 4.60470978e-016 7.00678518e-004
 1.34378547e+003 2.21823046e-015 4.59766511e-016 6.99643513e-004
 1.35089253e+003 2.21097510e-015 4.59049453e-016 6.98608520e-004
 1.35799958e+003 2.20373284e-015 4.58320028e-016 6.97573541e-004
 1.36510664e+003 2.19650369e-015 4.57578457e-016 6.96538573e-004
 1.37221370e+003 2.18928763e-015 4.56824960e-016 6.95503619e-004
 1.37932075e+003 2.18208467e-015 4.56059753e-016 6.94468678e-004
 1.38642781e+003 2.17489479e-015 4.55283048e-016 6.93433749e-004
 1.39353487e+003 2.16771800e-015 4.54495056e-016 6.92398834e-004
 1.40064192e+003 2.16055429e-015 4.53695985e-016 6.91363931e-004
 1.40774898e+003 2.15340365e-015 4.52886038e-016 6.90329041e-004
 1.41485604e+003 2.14626609e-015 4.52065419e-016 6.89294165e-004
 1.42196309e+003 2.13914160e-015 4.51234327e-016 6.88259301e-004
 1.42907015e+003 2.13203016e-015 4.50392959e-016 6.87224450e-004
 1.43617721e+003 2.12493179e-015 4.49541508e-016 6.86189613e-004
 1.44328426e+003 2.11784647e-015 4.48680167e-016 6.85154789e-004
 1.45039132e+003 2.11077420e-015 4.47809125e-016 6.84119978e-004
 1.45749837e+003 2.10371497e-015 4.46928567e-016 6.83085180e-004
 1.46460543e+003 2.09666879e-015 4.46038679e-016 6.82050396e-004
 1.47171249e+003 2.08963564e-015 4.45139641e-016 6.81015625e-004
 1.47881954e+003 2.08261553e-015 4.44231634e-016 6.79980868e-004
 1.48592660e+003 2.07560844e-015 4.43314834e-016 6.78946123e-004
 1.49303366e+003 2.06861438e-015 4.42389414e-016 6.77911393e-004
 1.50014071e+003 2.06163334e-015 4.41455548e-016 6.76876676e-004
 1.50724777e+003 2.05466531e-015 4.40513405e-016 6.75841972e-004
 1.51435483e+003 2.04771029e-015 4.39563153e-016 6.74807282e-004
 1.52146188e+003 2.04076828e-015 4.38604957e-016 6.73772605e-004
 1.52856894e+003 2.03383927e-015 4.37638979e-016 6.72737943e-004
 1.53567600e+003 2.02692325e-015 4.36665381e-016 6.71703294e-004
 1.54278305e+003 2.02002023e-015 4.35684321e-016 6.70668658e-004
 1.54989011e+003 2.01313020e-015 4.34695956e-016 6.69634037e-004
 1.55699717e+003 2.00625315e-015 4.33700440e-016 6.68599429e-004
 1.56410422e+003 1.99938908e-015 4.32697925e-016 6.67564835e-004
 1.57121128e+003 1.99253799e-015 4.31688561e-016 6.66530256e-004
 1.57831833e+003 1.98569987e-015 4.30672496e-016 6.65495690e-004
 1.58542539e+003 1.97887471e-015 4.29649877e-016 6.64461138e-004
 1.59253245e+003 1.97206251e-015 4.28620848e-016 6.63426600e-004
 1.59963950e+003 1.96526327e-015 4.27585550e-016 6.62392076e-004
 1.60674656e+003 1.95847699e-015 4.26544123e-016 6.61357567e-004
 1.61385362e+003 1.95170365e-015 4.25496706e-016 6.60323071e-004
 1.62096067e+003 1.94494325e-015 4.24443436e-016 6.59288590e-004
 1.62806773e+003 1.93819580e-015 4.23384446e-016 6.58254123e-004
 1.63517479e+003 1.93146128e-015 4.22319869e-016 6.57219671e-004
 1.64228184e+003 1.92473969e-015 4.21249835e-016 6.56185233e-004
 1.64938890e+003 1.91803102e-015 4.20174474e-016 6.55150809e-004
 1.65649596e+003 1.91133528e-015 4.19093913e-016 6.54116399e-004
 1.66360301e+003 1.90465245e-015 4.18008277e-016 6.53082005e-004
 1.67071007e+003 1.89798253e-015 4.16917689e-016 6.52047624e-004
 1.67781713e+003 1.89132553e-015 4.15822271e-016 6.51013259e-004
 1.68492418e+003 1.88468142e-015 4.14722144e-016 6.49978907e-004
 1.69203124e+003 1.87805021e-015 4.13617425e-016 6.48944571e-004
 1.69913829e+003 1.87143190e-015 4.12508232e-016 6.47910249e-004
 1.70624535e+003 1.86482648e-015 4.11394680e-016 6.46875942e-004
 1.71335241e+003 1.85823394e-015 4.10276882e-016 6.45841650e-004
 1.72045946e+003 1.85165428e-015 4.09154950e-016 6.44807373e-004
 1.72756652e+003 1.84508750e-015 4.08028994e-016 6.43773111e-004
 1.73467358e+003 1.83853358e-015 4.06899123e-016 6.42738863e-004
 1.74178063e+003 1.83199254e-015 4.05765444e-016 6.41704631e-004
 1.74888769e+003 1.82546435e-015 4.04628063e-016 6.40670414e-004
 1.75599475e+003 1.81894903e-015 4.03487084e-016 6.39636211e-004
 1.76310180e+003 1.81244655e-015 4.02342610e-016 6.38602024e-004
 1.77020886e+003 1.80595692e-015 4.01194741e-016 6.37567852e-004
 1.77731592e+003 1.79948014e-015 4.00043578e-016 6.36533696e-004
 1.78442297e+003 1.79301620e-015 3.98889219e-016 6.35499554e-004
 1.79153003e+003 1.78656509e-015 3.97731760e-016 6.34465428e-004
 1.79863709e+003 1.78012680e-015 3.96571298e-016 6.33431318e-004
 1.80574414e+003 1.77370135e-015 3.95407926e-016 6.32397223e-004
 1.81285120e+003 1.76728871e-015 3.94241737e-016 6.31363143e-004
 1.81995825e+003 1.76088889e-015 3.93072822e-016 6.30329079e-004
 1.82706531e+003 1.75450188e-015 3.91901272e-016 6.29295030e-004
 1.83417237e+003 1.74812768e-015 3.90727175e-016 6.28260997e-004
 1.84127942e+003 1.74176627e-015 3.89550618e-016 6.27226980e-004
 1.84838648e+003 1.73541767e-015 3.88371689e-016 6.26192979e-004
 1.85549354e+003 1.72908186e-015 3.87190471e-016 6.25158993e-004
 1.86260059e+003 1.72275883e-015 3.86007049e-016 6.24125023e-004
 1.86970765e+003 1.71644859e-015 3.84821504e-016 6.23091069e-004
 1.87681471e+003 1.71015112e-015 3.83633919e-016 6.22057131e-004
 1.88392176e+003 1.70386643e-015 3.82444373e-016 6.21023209e-004
 1.89102882e+003 1.69759450e-015 3.81252944e-016 6.19989304e-004
 1.89813588e+003 1.69133534e-015 3.80059712e-016 6.18955414e-004
 1.90524293e+003 1.68508894e-015 3.78864752e-016 6.17921540e-004
 1.91234999e+003 1.67885529e-015 3.77668139e-016 6.16887683e-004
 1.91945705e+003 1.67263440e-015 3.76469948e-016 6.15853842e-004
 1.92656410e+003 1.66642624e-015 3.75270252e-016 6.14820017e-004
 1.93367116e+003 1.66023083e-015 3.74069123e-016 6.13786208e-004
 1.94077821e+003 1.65404815e-015 3.72866632e-016 6.12752416e-004
 1.94788527e+003 1.64787821e-015 3.71662849e-016 6.11718641e-004
 1.95499233e+003 1.64172099e-015 3.70457843e-016 6.10684882e-004
 1.96209938e+003 1.63557649e-015 3.69251682e-016 6.09651139e-004
 1.96920644e+003 1.62944470e-015 3.68044432e-016 6.08617414e-004
 1.97631350e+003 1.62332563e-015 3.66836159e-016 6.07583705e-004
 1.98342055e+003 1.61721926e-015 3.65626929e-016 6.06550012e-004
 1.99052761e+003 1.61112560e-015 3.64416804e-016 6.05516337e-004
 1.99763467e+003 1.60504463e-015 3.63205848e-016 6.04482678e-004
 2.00474172e+003 1.59897635e-015 3.61994123e-016 6.03449037e-004
 2.01184878e+003 1.59292077e-015 3.60781689e-016 6.02415412e-004
 2.01895584e+003 1.58687786e-015 3.59568606e-016 6.01381805e-004
 2.02606289e+003 1.58084763e-015 3.58354935e-016 6.00348214e-004
 2.03316995e+003 1.57483007e-015 3.57140732e-016 5.99314641e-004
 2.04027700e+003 1.56882519e-015 3.55926055e-016 5.98281085e-004
 2.04738406e+003 1.56283296e-015 3.54710961e-016 5.97247546e-004
 2.05449112e+003 1.55685339e-015 3.53495504e-016 5.96214024e-004
 2.06159817e+003 1.55088648e-015 3.52279741e-016 5.95180520e-004
 2.06870523e+003 1.54493221e-015 3.51063724e-016 5.94147034e-004
 2.07581229e+003 1.53899059e-015 3.49847506e-016 5.93113565e-004
 2.08291934e+003 1.53306161e-015 3.48631140e-016 5.92080113e-004
 2.09002640e+003 1.52714526e-015 3.47414676e-016 5.91046679e-004
 2.09713346e+003 1.52124153e-015 3.46198167e-016 5.90013263e-004
 2.10424051e+003 1.51535044e-015 3.44981660e-016 5.88979865e-004
 2.11134757e+003 1.50947196e-015 3.43765206e-016 5.87946484e-004
 2.11845463e+003 1.50360609e-015 3.42548851e-016 5.86913121e-004
 2.12556168e+003 1.49775283e-015 3.41332645e-016 5.85879776e-004
 2.13266874e+003 1.49191218e-015 3.40116633e-016 5.84846450e-004
 2.13977580e+003 1.48608413e-015 3.38900862e-016 5.83813141e-004
 2.14688285e+003 1.48026867e-015 3.37685375e-016 5.82779850e-004
 2.15398991e+003 1.47446580e-015 3.36470219e-016 5.81746578e-004
 2.16109696e+003 1.46867551e-015 3.35255437e-016 5.80713324e-004
 2.16820402e+003 1.46289780e-015 3.34041072e-016 5.79680088e-004
 2.17531108e+003 1.45713267e-015 3.32827165e-016 5.78646871e-004
 2.18241813e+003 1.45138011e-015 3.31613760e-016 5.77613672e-004
 2.18952519e+003 1.44564010e-015 3.30400897e-016 5.76580492e-004
 2.19663225e+003 1.43991266e-015 3.29188616e-016 5.75547330e-004
 2.20373930e+003 1.43419778e-015 3.27976957e-016 5.74514187e-004
 2.21084636e+003 1.42849544e-015 3.26765958e-016 5.73481062e-004
 2.21795342e+003 1.42280564e-015 3.25555660e-016 5.72447956e-004
 2.22506047e+003 1.41712839e-015 3.24346099e-016 5.71414870e-004
 2.23216753e+003 1.41146367e-015 3.23137312e-016 5.70381802e-004
 2.23927459e+003 1.40581147e-015 3.21929336e-016 5.69348753e-004
 2.24638164e+003 1.40017180e-015 3.20722207e-016 5.68315723e-004
 2.25348870e+003 1.39454465e-015 3.19515960e-016 5.67282712e-004
 2.26059576e+003 1.38893001e-015 3.18310631e-016 5.66249721e-004
 2.26770281e+003 1.38332789e-015 3.17106252e-016 5.65216748e-004
 2.27480987e+003 1.37773826e-015 3.15902859e-016 5.64183795e-004
 2.28191692e+003 1.37216113e-015 3.14700484e-016 5.63150862e-004
 2.28902398e+003 1.36659650e-015 3.13499160e-016 5.62117948e-004
 2.29613104e+003 1.36104435e-015 3.12298918e-016 5.61085053e-004
 2.30323809e+003 1.35550469e-015 3.11099790e-016 5.60052178e-004
 2.31034515e+003 1.34997750e-015 3.09901807e-016 5.59019323e-004
 2.31745221e+003 1.34446279e-015 3.08705000e-016 5.57986487e-004
 2.32455926e+003 1.33896054e-015 3.07509397e-016 5.56953672e-004
 2.33166632e+003 1.33347076e-015 3.06315030e-016 5.55920876e-004
 2.33877338e+003 1.32799343e-015 3.05121926e-016 5.54888100e-004
 2.34588043e+003 1.32252856e-015 3.03930114e-016 5.53855344e-004
 2.35298749e+003 1.31707613e-015 3.02739622e-016 5.52822608e-004
 2.36009455e+003 1.31163614e-015 3.01550477e-016 5.51789893e-004
 2.36720160e+003 1.30620859e-015 3.00362706e-016 5.50757198e-004
 2.37430866e+003 1.30079347e-015 2.99176336e-016 5.49724523e-004
 2.38141572e+003 1.29539078e-015 2.97991393e-016 5.48691868e-004
 2.38852277e+003 1.29000051e-015 2.96807902e-016 5.47659234e-004
 2.39562983e+003 1.28462265e-015 2.95625888e-016 5.46626621e-004
 2.40273688e+003 1.27925720e-015 2.94445377e-016 5.45594028e-004
 2.40984394e+003 1.27390416e-015 2.93266393e-016 5.44561456e-004
 2.41695100e+003 1.26856351e-015 2.92088958e-016 5.43528905e-004
 2.42405805e+003 1.26323527e-015 2.90913098e-016 5.42496374e-004
 2.43116511e+003 1.25791941e-015 2.89738834e-016 5.41463865e-004
 2.43827217e+003 1.25261593e-015 2.88566189e-016 5.40431376e-004
 2.44537922e+003 1.24732483e-015 2.87395187e-016 5.39398909e-004
 2.45248628e+003 1.24204611e-015 2.86225847e-016 5.38366463e-004
 2.45959334e+003 1.23677975e-015 2.85058193e-016 5.37334038e-004
 2.46670039e+003 1.23152576e-015 2.83892244e-016 5.36301635e-004
 2.47380745e+003 1.22628412e-015 2.82728022e-016 5.35269253e-004
 2.48091451e+003 1.22105484e-015 2.81565547e-016 5.34236892e-004
 2.48802156e+003 1.21583790e-015 2.80404838e-016 5.33204553e-004
 2.49512862e+003 1.21063330e-015 2.79245916e-016 5.32172236e-004
 2.50223568e+003 1.20544104e-015 2.78088800e-016 5.31139940e-004
 2.50934273e+003 1.20026111e-015 2.76933507e-016 5.30107666e-004
 2.51644979e+003 1.19509351e-015 2.75780058e-016 5.29075415e-004
 2.52355684e+003 1.18993822e-015 2.74628470e-016 5.28043185e-004
 2.53066390e+003 1.18479525e-015 2.73478761e-016 5.27010977e-004
 2.53777096e+003 1.17966459e-015 2.72330949e-016 5.25978792e-004
 2.54487801e+003 1.17454623e-015 2.71185050e-016 5.24946629e-004
 2.55198507e+003 1.16944017e-015 2.70041082e-016 5.23914488e-004
 2.55909213e+003 1.16434640e-015 2.68899061e-016 5.22882369e-004
 2.56619918e+003 1.15926492e-015 2.67759003e-016 5.21850273e-004
 2.57330624e+003 1.15419572e-015 2.66620924e-016 5.20818200e-004
 2.58041330e+003 1.14913879e-015 2.65484841e-016 5.19786149e-004
 2.58752035e+003 1.14409414e-015 2.64350768e-016 5.18754122e-004
 2.59462741e+003 1.13906175e-015 2.63218720e-016 5.17722117e-004
 2.60173447e+003 1.13404163e-015 2.62088712e-016 5.16690135e-004
 2.60884152e+003 1.12903375e-015 2.60960759e-016 5.15658176e-004
 2.61594858e+003 1.12403813e-015 2.59834875e-016 5.14626240e-004
 2.62305564e+003 1.11905475e-015 2.58711073e-016 5.13594328e-004
 2.63016269e+003 1.11408361e-015 2.57589368e-016 5.12562438e-004
 2.63726975e+003 1.10912469e-015 2.56469772e-016 5.11530573e-004
 2.64437680e+003 1.10417801e-015 2.55352300e-016 5.10498730e-004
 2.65148386e+003 1.09924355e-015 2.54236963e-016 5.09466912e-004
 2.65859092e+003 1.09432130e-015 2.53123775e-016 5.08435117e-004
 2.66569797e+003 1.08941126e-015 2.52012748e-016 5.07403346e-004
 2.67280503e+003 1.08451343e-015 2.50903893e-016 5.06371598e-004
 2.67991209e+003 1.07962780e-015 2.49797224e-016 5.05339875e-004
 2.68701914e+003 1.07475436e-015 2.48692751e-016 5.04308176e-004
 2.69412620e+003 1.06989311e-015 2.47590486e-016 5.03276501e-004
 2.70123326e+003 1.06504404e-015 2.46490440e-016 5.02244850e-004
 2.70834031e+003 1.06020714e-015 2.45392624e-016 5.01213224e-004
 2.71544737e+003 1.05538242e-015 2.44297048e-016 5.00181622e-004
 2.72255443e+003 1.05056986e-015 2.43203724e-016 4.99150045e-004
 2.72966148e+003 1.04576946e-015 2.42112662e-016 4.98118492e-004
 2.73676854e+003 1.04098122e-015 2.41023872e-016 4.97086964e-004
 2.74387560e+003 1.03620512e-015 2.39937363e-016 4.96055461e-004
 2.75098265e+003 1.03144117e-015 2.38853145e-016 4.95023983e-004
 2.75808971e+003 1.02668935e-015 2.37771228e-016 4.93992531e-004
 2.76519676e+003 1.02194967e-015 2.36691621e-016 4.92961103e-004
 2.77230382e+003 1.01722211e-015 2.35614333e-016 4.91929700e-004
 2.77941088e+003 1.01250667e-015 2.34539373e-016 4.90898323e-004
 2.78651793e+003 1.00780334e-015 2.33466749e-016 4.89866972e-004
 2.79362499e+003 1.00311212e-015 2.32396471e-016 4.88835646e-004
 2.80073205e+003 9.98433005e-016 2.31328546e-016 4.87804346e-004
 2.80783910e+003 9.93765986e-016 2.30262983e-016 4.86773071e-004
 2.81494616e+003 9.89111058e-016 2.29199790e-016 4.85741823e-004
 2.82205322e+003 9.84468215e-016 2.28138973e-016 4.84710600e-004
 2.82916027e+003 9.79837452e-016 2.27080542e-016 4.83679404e-004
 2.83626733e+003 9.75218762e-016 2.26024503e-016 4.82648234e-004
 2.84337439e+003 9.70612140e-016 2.24970864e-016 4.81617090e-004
 2.85048144e+003 9.66017580e-016 2.23919632e-016 4.80585973e-004
 2.85758850e+003 9.61435076e-016 2.22870813e-016 4.79554882e-004
 2.86469556e+003 9.56864622e-016 2.21824415e-016 4.78523818e-004
 2.87180261e+003 9.52306213e-016 2.20780444e-016 4.77492781e-004
 2.87890967e+003 9.47759842e-016 2.19738906e-016 4.76461771e-004
 2.88601672e+003 9.43225504e-016 2.18699809e-016 4.75430788e-004
 2.89312378e+003 9.38703193e-016 2.17663158e-016 4.74399832e-004
 2.90023084e+003 9.34192902e-016 2.16628959e-016 4.73368903e-004
 2.90733789e+003 9.29694627e-016 2.15597218e-016 4.72338002e-004
 2.91444495e+003 9.25208361e-016 2.14567941e-016 4.71307128e-004
 2.92155201e+003 9.20734098e-016 2.13541134e-016 4.70276281e-004
 2.92865906e+003 9.16271832e-016 2.12516801e-016 4.69245463e-004
 2.93576612e+003 9.11821557e-016 2.11494949e-016 4.68214672e-004
 2.94287318e+003 9.07383268e-016 2.10475582e-016 4.67183910e-004
 2.94998023e+003 9.02956958e-016 2.09458705e-016 4.66153175e-004
 2.95708729e+003 8.98542622e-016 2.08444325e-016 4.65122469e-004
 2.96419435e+003 8.94140253e-016 2.07432444e-016 4.64091790e-004
 2.97130140e+003 8.89749845e-016 2.06423069e-016 4.63061141e-004
 2.97840846e+003 8.85371392e-016 2.05416203e-016 4.62030520e-004
 2.98551552e+003 8.81004889e-016 2.04411852e-016 4.60999928e-004
 2.99262257e+003 8.76650329e-016 2.03410018e-016 4.59969364e-004
 2.99972963e+003 8.72307707e-016 2.02410708e-016 4.58938830e-004
 3.00683668e+003 8.67977015e-016 2.01413924e-016 4.57908324e-004
 3.01394374e+003 8.63658249e-016 2.00419671e-016 4.56877848e-004
 3.02105080e+003 8.59351402e-016 1.99427953e-016 4.55847401e-004
 3.02815785e+003 8.55056468e-016 1.98438773e-016 4.54816984e-004
 3.03526491e+003 8.50773440e-016 1.97452136e-016 4.53786596e-004
 3.04237197e+003 8.46502314e-016 1.96468044e-016 4.52756238e-004
 3.04947902e+003 8.42243081e-016 1.95486501e-016 4.51725910e-004
 3.05658608e+003 8.37995738e-016 1.94507511e-016 4.50695612e-004
 3.06369314e+003 8.33760276e-016 1.93531077e-016 4.49665344e-004
 3.07080019e+003 8.29536691e-016 1.92557201e-016 4.48635107e-004
 3.07790725e+003 8.25324976e-016 1.91585888e-016 4.47604899e-004
 3.08501431e+003 8.21125125e-016 1.90617140e-016 4.46574723e-004
 3.09212136e+003 8.16937131e-016 1.89650960e-016 4.45544577e-004
 3.09922842e+003 8.12760988e-016 1.88687351e-016 4.44514462e-004
 3.10633548e+003 8.08596691e-016 1.87726315e-016 4.43484378e-004
 3.11344253e+003 8.04444233e-016 1.86767856e-016 4.42454324e-004
 3.12054959e+003 8.00303607e-016 1.85811975e-016 4.41424303e-004
 3.12765664e+003 7.96174808e-016 1.84858675e-016 4.40394312e-004
 3.13476370e+003 7.92057829e-016 1.83907959e-016 4.39364353e-004
 3.14187076e+003 7.87952663e-016 1.82959829e-016 4.38334426e-004
 3.14897781e+003 7.83859306e-016 1.82014287e-016 4.37304531e-004
 3.15608487e+003 7.79777749e-016 1.81071335e-016 4.36274668e-004
 3.16319193e+003 7.75707988e-016 1.80130975e-016 4.35244837e-004
 3.17029898e+003 7.71650015e-016 1.79193209e-016 4.34215038e-004
 3.17740604e+003 7.67603824e-016 1.78258040e-016 4.33185271e-004
 3.18451310e+003 7.63569410e-016 1.77325468e-016 4.32155537e-004
 3.19162015e+003 7.59546765e-016 1.76395496e-016 4.31125836e-004
 3.19872721e+003 7.55535883e-016 1.75468126e-016 4.30096168e-004
 3.20583427e+003 7.51536758e-016 1.74543359e-016 4.29066532e-004
 3.21294132e+003 7.47549383e-016 1.73621196e-016 4.28036930e-004
 3.22004838e+003 7.43573752e-016 1.72701640e-016 4.27007362e-004
 3.22715543e+003 7.39609859e-016 1.71784690e-016 4.25977827e-004
 3.23426249e+003 7.35657697e-016 1.70870350e-016 4.24948325e-004
 3.24136955e+003 7.31717259e-016 1.69958620e-016 4.23918857e-004
 3.24847660e+003 7.27788540e-016 1.69049501e-016 4.22889424e-004
 3.25558366e+003 7.23871532e-016 1.68142995e-016 4.21860024e-004
 3.26269072e+003 7.19966229e-016 1.67239103e-016 4.20830659e-004
 3.26979777e+003 7.16072626e-016 1.66337825e-016 4.19801328e-004
 3.27690483e+003 7.12190714e-016 1.65439163e-016 4.18772032e-004
 3.28401189e+003 7.08320488e-016 1.64543118e-016 4.17742771e-004
 3.29111894e+003 7.04461940e-016 1.63649690e-016 4.16713544e-004
 3.29822600e+003 7.00615066e-016 1.62758880e-016 4.15684353e-004
 3.30533306e+003 6.96779857e-016 1.61870690e-016 4.14655197e-004
 3.31244011e+003 6.92956307e-016 1.60985119e-016 4.13626077e-004
 3.31954717e+003 6.89144411e-016 1.60102169e-016 4.12596992e-004
 3.32665423e+003 6.85344160e-016 1.59221840e-016 4.11567943e-004
 3.33376128e+003 6.81555549e-016 1.58344133e-016 4.10538930e-004
 3.34086834e+003 6.77778570e-016 1.57469048e-016 4.09509954e-004
 3.34797539e+003 6.74013218e-016 1.56596585e-016 4.08481013e-004
 3.35508245e+003 6.70259485e-016 1.55726746e-016 4.07452110e-004
 3.36218951e+003 6.66517365e-016 1.54859530e-016 4.06423243e-004
 3.36929656e+003 6.62786851e-016 1.53994937e-016 4.05394413e-004
 3.37640362e+003 6.59067937e-016 1.53132969e-016 4.04365620e-004
 3.38351068e+003 6.55360615e-016 1.52273625e-016 4.03336864e-004
 3.39061773e+003 6.51664879e-016 1.51416906e-016 4.02308146e-004
 3.39772479e+003 6.47980722e-016 1.50562811e-016 4.01279465e-004
 3.40483185e+003 6.44308137e-016 1.49711341e-016 4.00250822e-004
 3.41193890e+003 6.40647118e-016 1.48862495e-016 3.99222217e-004
 3.41904596e+003 6.36997658e-016 1.48016275e-016 3.98193651e-004
 3.42615302e+003 6.33359750e-016 1.47172679e-016 3.97165123e-004
 3.43326007e+003 6.29733387e-016 1.46331708e-016 3.96136633e-004
 3.44036713e+003 6.26118562e-016 1.45493361e-016 3.95108183e-004
 3.44747419e+003 6.22515269e-016 1.44657639e-016 3.94079771e-004
 3.45458124e+003 6.18923500e-016 1.43824542e-016 3.93051398e-004
 3.46168830e+003 6.15343248e-016 1.42994068e-016 3.92023065e-004
 3.46879535e+003 6.11774508e-016 1.42166219e-016 3.90994772e-004
 3.47590241e+003 6.08217271e-016 1.41340993e-016 3.89966518e-004
 3.48300947e+003 6.04671531e-016 1.40518390e-016 3.88938304e-004
 3.49011652e+003 6.01137282e-016 1.39698411e-016 3.87910131e-004
 3.49722358e+003 5.97614515e-016 1.38881054e-016 3.86881998e-004
 3.50433064e+003 5.94103224e-016 1.38066319e-016 3.85853906e-004
 3.51143769e+003 5.90603402e-016 1.37254206e-016 3.84825854e-004
 3.51854475e+003 5.87115042e-016 1.36444714e-016 3.83797844e-004
 3.52565181e+003 5.83638137e-016 1.35637843e-016 3.82769874e-004
 3.53275886e+003 5.80172680e-016 1.34833592e-016 3.81741947e-004
 3.53986592e+003 5.76718663e-016 1.34031961e-016 3.80714061e-004
 3.54697298e+003 5.73276081e-016 1.33232949e-016 3.79686217e-004
 3.55408003e+003 5.69844925e-016 1.32436556e-016 3.78658415e-004
 3.56118709e+003 5.66425188e-016 1.31642780e-016 3.77630655e-004
 3.56829415e+003 5.63016864e-016 1.30851621e-016 3.76602939e-004
 3.57540120e+003 5.59619946e-016 1.30063079e-016 3.75575265e-004
 3.58250826e+003 5.56234425e-016 1.29277153e-016 3.74547634e-004
 3.58961531e+003 5.52860295e-016 1.28493841e-016 3.73520046e-004
 3.59672237e+003 5.49497549e-016 1.27713144e-016 3.72492502e-004
 3.60382943e+003 5.46146180e-016 1.26935060e-016 3.71465001e-004
 3.61093648e+003 5.42806180e-016 1.26159589e-016 3.70437545e-004
 3.61804354e+003 5.39477542e-016 1.25386729e-016 3.69410133e-004
 3.62515060e+003 5.36160259e-016 1.24616481e-016 3.68382765e-004
 3.63225765e+003 5.32854324e-016 1.23848842e-016 3.67355442e-004
 3.63936471e+003 5.29559728e-016 1.23083812e-016 3.66328164e-004
 3.64647177e+003 5.26276466e-016 1.22321390e-016 3.65300931e-004
 3.65357882e+003 5.23004529e-016 1.21561575e-016 3.64273744e-004
 3.66068588e+003 5.19743911e-016 1.20804366e-016 3.63246602e-004
 3.66779294e+003 5.16494603e-016 1.20049762e-016 3.62219507e-004
 3.67489999e+003 5.13256599e-016 1.19297762e-016 3.61192457e-004
 3.68200705e+003 5.10029891e-016 1.18548365e-016 3.60165454e-004
 3.68911411e+003 5.06814472e-016 1.17801570e-016 3.59138498e-004
 3.69622116e+003 5.03610335e-016 1.17057376e-016 3.58111589e-004
 3.70332822e+003 5.00417471e-016 1.16315781e-016 3.57084727e-004
 3.71043527e+003 4.97235873e-016 1.15576785e-016 3.56057912e-004
 3.71754233e+003 4.94065534e-016 1.14840386e-016 3.55031145e-004
 3.72464939e+003 4.90906447e-016 1.14106583e-016 3.54004427e-004
 3.73175644e+003 4.87758604e-016 1.13375376e-016 3.52977756e-004
 3.73886350e+003 4.84621996e-016 1.12646762e-016 3.51951135e-004
 3.74597056e+003 4.81496618e-016 1.11920740e-016 3.50924562e-004
 3.75307761e+003 4.78382461e-016 1.11197310e-016 3.49898038e-004
 3.76018467e+003 4.75279518e-016 1.10476470e-016 3.48871564e-004
 3.76729173e+003 4.72187780e-016 1.09758218e-016 3.47845139e-004
 3.77439878e+003 4.69107241e-016 1.09042554e-016 3.46818765e-004
 3.78150584e+003 4.66037892e-016 1.08329476e-016 3.45792441e-004
 3.78861290e+003 4.62979727e-016 1.07618983e-016 3.44766167e-004
 3.79571995e+003 4.59932737e-016 1.06911073e-016 3.43739944e-004
 3.80282701e+003 4.56896914e-016 1.06205745e-016 3.42713773e-004
 3.80993407e+003 4.53872252e-016 1.05502998e-016 3.41687652e-004
 3.81704112e+003 4.50858741e-016 1.04802830e-016 3.40661584e-004
 3.82414818e+003 4.47856375e-016 1.04105240e-016 3.39635568e-004
 3.83125523e+003 4.44865146e-016 1.03410226e-016 3.38609604e-004
 3.83836229e+003 4.41885045e-016 1.02717788e-016 3.37583693e-004
 3.84546935e+003 4.38916066e-016 1.02027922e-016 3.36557835e-004
 3.85257640e+003 4.35958199e-016 1.01340629e-016 3.35532030e-004
 3.85968346e+003 4.33011438e-016 1.00655907e-016 3.34506279e-004
 3.86679052e+003 4.30075774e-016 9.99737530e-017 3.33480582e-004
 3.87389757e+003 4.27151200e-016 9.92941670e-017 3.32454939e-004
 3.88100463e+003 4.24237707e-016 9.86171470e-017 3.31429350e-004
 3.88811169e+003 4.21335287e-016 9.79426915e-017 3.30403817e-004
 3.89521874e+003 4.18443933e-016 9.72707989e-017 3.29378339e-004
 3.90232580e+003 4.15563637e-016 9.66014676e-017 3.28352916e-004
 3.90943286e+003 4.12694391e-016 9.59346961e-017 3.27327550e-004
 3.91653991e+003 4.09836186e-016 9.52704828e-017 3.26302240e-004
 3.92364697e+003 4.06989014e-016 9.46088260e-017 3.25276986e-004
 3.93075403e+003 4.04152868e-016 9.39497242e-017 3.24251789e-004
 3.93786108e+003 4.01327740e-016 9.32931757e-017 3.23226650e-004
 3.94496814e+003 3.98513620e-016 9.26391789e-017 3.22201568e-004
 3.95207519e+003 3.95710502e-016 9.19877322e-017 3.21176545e-004
 3.95918225e+003 3.92918376e-016 9.13388338e-017 3.20151580e-004
 3.96628931e+003 3.90137236e-016 9.06924820e-017 3.19126673e-004
 3.97339636e+003 3.87367071e-016 9.00486753e-017 3.18101826e-004
 3.98050342e+003 3.84607876e-016 8.94074119e-017 3.17077038e-004
 3.98761048e+003 3.81859640e-016 8.87686901e-017 3.16052310e-004
 3.99471753e+003 3.79122356e-016 8.81325081e-017 3.15027643e-004
 4.00182459e+003 3.76396015e-016 8.74988643e-017 3.14003036e-004
 4.00893165e+003 3.73680610e-016 8.68677568e-017 3.12978490e-004
 4.01603870e+003 3.70976131e-016 8.62391840e-017 3.11954005e-004
 4.02314576e+003 3.68282571e-016 8.56131440e-017 3.10929582e-004
 4.03025282e+003 3.65599921e-016 8.49896352e-017 3.09905222e-004
 4.03735987e+003 3.62928172e-016 8.43686556e-017 3.08880924e-004
 4.04446693e+003 3.60267317e-016 8.37502036e-017 3.07856689e-004
 4.05157399e+003 3.57617347e-016 8.31342772e-017 3.06832517e-004
 4.05868104e+003 3.54978252e-016 8.25208747e-017 3.05808410e-004
 4.06578810e+003 3.52350026e-016 8.19099943e-017 3.04784366e-004
 4.07289515e+003 3.49732659e-016 8.13016341e-017 3.03760388e-004
 4.08000221e+003 3.47126142e-016 8.06957923e-017 3.02736474e-004
 4.08710927e+003 3.44530468e-016 8.00924669e-017 3.01712626e-004
 4.09421632e+003 3.41945627e-016 7.94916563e-017 3.00688843e-004
 4.10132338e+003 3.39371611e-016 7.88933583e-017 2.99665127e-004
 4.10843044e+003 3.36808411e-016 7.82975713e-017 2.98641478e-004
 4.11553749e+003 3.34256019e-016 7.77042932e-017 2.97617896e-004
 4.12264455e+003 3.31714425e-016 7.71135223e-017 2.96594382e-004
 4.12975161e+003 3.29183622e-016 7.65252564e-017 2.95570936e-004
 4.13685866e+003 3.26663600e-016 7.59394939e-017 2.94547559e-004
 4.14396572e+003 3.24154350e-016 7.53562326e-017 2.93524251e-004
 4.15107278e+003 3.21655864e-016 7.47754707e-017 2.92501012e-004
 4.15817983e+003 3.19168133e-016 7.41972062e-017 2.91477844e-004
 4.16528689e+003 3.16691149e-016 7.36214371e-017 2.90454745e-004
 4.17239395e+003 3.14224901e-016 7.30481615e-017 2.89431718e-004
 4.17950100e+003 3.11769382e-016 7.24773774e-017 2.88408763e-004
 4.18660806e+003 3.09324582e-016 7.19090828e-017 2.87385879e-004
 4.19371511e+003 3.06890492e-016 7.13432757e-017 2.86363068e-004
 4.20082217e+003 3.04467104e-016 7.07799541e-017 2.85340329e-004
 4.20792923e+003 3.02054408e-016 7.02191160e-017 2.84317664e-004
 4.21503628e+003 2.99652395e-016 6.96607594e-017 2.83295074e-004
 4.22214334e+003 2.97261056e-016 6.91048821e-017 2.82272557e-004
 4.22925040e+003 2.94880383e-016 6.85514823e-017 2.81250116e-004
 4.23635745e+003 2.92510366e-016 6.80005577e-017 2.80227750e-004
 4.24346451e+003 2.90150995e-016 6.74521065e-017 2.79205460e-004
 4.25057157e+003 2.87802262e-016 6.69061264e-017 2.78183247e-004
 4.25767862e+003 2.85464158e-016 6.63626155e-017 2.77161112e-004
 4.26478568e+003 2.83136672e-016 6.58215716e-017 2.76139053e-004
 4.27189274e+003 2.80819797e-016 6.52829926e-017 2.75117074e-004
 4.27899979e+003 2.78513522e-016 6.47468764e-017 2.74095173e-004
 4.28610685e+003 2.76217838e-016 6.42132210e-017 2.73073351e-004
 4.29321390e+003 2.73932736e-016 6.36820242e-017 2.72051609e-004
 4.30032096e+003 2.71658207e-016 6.31532838e-017 2.71029948e-004
 4.30742802e+003 2.69394241e-016 6.26269978e-017 2.70008368e-004
 4.31453507e+003 2.67140828e-016 6.21031639e-017 2.68986870e-004
 4.32164213e+003 2.64897960e-016 6.15817800e-017 2.67965455e-004
 4.32874919e+003 2.62665626e-016 6.10628440e-017 2.66944122e-004
 4.33585624e+003 2.60443817e-016 6.05463537e-017 2.65922873e-004
 4.34296330e+003 2.58232524e-016 6.00323069e-017 2.64901708e-004
 4.35007036e+003 2.56031736e-016 5.95207013e-017 2.63880627e-004
 4.35717741e+003 2.53841445e-016 5.90115349e-017 2.62859633e-004
 4.36428447e+003 2.51661641e-016 5.85048053e-017 2.61838724e-004
 4.37139153e+003 2.49492313e-016 5.80005105e-017 2.60817902e-004
 4.37849858e+003 2.47333452e-016 5.74986480e-017 2.59797168e-004
 4.38560564e+003 2.45185049e-016 5.69992158e-017 2.58776521e-004
 4.39271270e+003 2.43047093e-016 5.65022116e-017 2.57755964e-004
 4.39981975e+003 2.40919575e-016 5.60076330e-017 2.56735496e-004
 4.40692681e+003 2.38802485e-016 5.55154779e-017 2.55715118e-004
 4.41403386e+003 2.36695813e-016 5.50257440e-017 2.54694830e-004
 4.42114092e+003 2.34599549e-016 5.45384289e-017 2.53674634e-004
 4.42824798e+003 2.32513682e-016 5.40535305e-017 2.52654531e-004
 4.43535503e+003 2.30438204e-016 5.35710464e-017 2.51634520e-004
 4.44246209e+003 2.28373104e-016 5.30909742e-017 2.50614603e-004
 4.44956915e+003 2.26318372e-016 5.26133118e-017 2.49594781e-004
 4.45667620e+003 2.24273997e-016 5.21380567e-017 2.48575054e-004
 4.46378326e+003 2.22239971e-016 5.16652066e-017 2.47555422e-004
 4.47089032e+003 2.20216281e-016 5.11947592e-017 2.46535887e-004
 4.47799737e+003 2.18202919e-016 5.07267121e-017 2.45516450e-004
 4.48510443e+003 2.16199874e-016 5.02610630e-017 2.44497111e-004
 4.49221149e+003 2.14207136e-016 4.97978094e-017 2.43477871e-004
 4.49931854e+003 2.12224694e-016 4.93369491e-017 2.42458731e-004
 4.50642560e+003 2.10252538e-016 4.88784796e-017 2.41439691e-004
 4.51353266e+003 2.08290658e-016 4.84223985e-017 2.40420753e-004
 4.52063971e+003 2.06339043e-016 4.79687034e-017 2.39401917e-004
 4.52774677e+003 2.04397683e-016 4.75173919e-017 2.38383184e-004
 4.53485382e+003 2.02466567e-016 4.70684615e-017 2.37364555e-004
 4.54196088e+003 2.00545684e-016 4.66219099e-017 2.36346031e-004
 4.54906794e+003 1.98635025e-016 4.61777345e-017 2.35327613e-004
 4.55617499e+003 1.96734578e-016 4.57359330e-017 2.34309301e-004
 4.56328205e+003 1.94844332e-016 4.52965028e-017 2.33291097e-004
 4.57038911e+003 1.92964278e-016 4.48594414e-017 2.32273001e-004
 4.57749616e+003 1.91094404e-016 4.44247465e-017 2.31255014e-004
 4.58460322e+003 1.89234700e-016 4.39924154e-017 2.30237138e-004
 4.59171028e+003 1.87385154e-016 4.35624458e-017 2.29219372e-004
 4.59881733e+003 1.85545756e-016 4.31348349e-017 2.28201719e-004
 4.60592439e+003 1.83716494e-016 4.27095805e-017 2.27184179e-004
 4.61303145e+003 1.81897359e-016 4.22866798e-017 2.26166753e-004
 4.62013850e+003 1.80088339e-016 4.18661304e-017 2.25149442e-004
 4.62724556e+003 1.78289422e-016 4.14479296e-017 2.24132247e-004
 4.63435262e+003 1.76500598e-016 4.10320750e-017 2.23115169e-004
 4.64145967e+003 1.74721856e-016 4.06185639e-017 2.22098209e-004
 4.64856673e+003 1.72953184e-016 4.02073938e-017 2.21081368e-004
 4.65567378e+003 1.71194572e-016 3.97985621e-017 2.20064647e-004
 4.66278084e+003 1.69446007e-016 3.93920661e-017 2.19048048e-004
 4.66988790e+003 1.67707480e-016 3.89879032e-017 2.18031571e-004
 4.67699495e+003 1.65978977e-016 3.85860708e-017 2.17015217e-004
 4.68410201e+003 1.64260488e-016 3.81865663e-017 2.15998988e-004
 4.69120907e+003 1.62552002e-016 3.77893869e-017 2.14982884e-004
 4.69831612e+003 1.60853507e-016 3.73945301e-017 2.13966907e-004
 4.70542318e+003 1.59164991e-016 3.70019932e-017 2.12951058e-004
 4.71253024e+003 1.57486444e-016 3.66117734e-017 2.11935338e-004
 4.71963729e+003 1.55817852e-016 3.62238680e-017 2.10919749e-004
 4.72674435e+003 1.54159205e-016 3.58382745e-017 2.09904291e-004
 4.73385141e+003 1.52510490e-016 3.54549899e-017 2.08888966e-004
 4.74095846e+003 1.50871697e-016 3.50740117e-017 2.07873774e-004
 4.74806552e+003 1.49242813e-016 3.46953370e-017 2.06858718e-004
 4.75517258e+003 1.47623826e-016 3.43189631e-017 2.05843799e-004
 4.76227963e+003 1.46014725e-016 3.39448872e-017 2.04829017e-004
 4.76938669e+003 1.44415496e-016 3.35731065e-017 2.03814374e-004
 4.77649374e+003 1.42826130e-016 3.32036183e-017 2.02799871e-004
 4.78360080e+003 1.41246612e-016 3.28364198e-017 2.01785511e-004
 4.79070786e+003 1.39676932e-016 3.24715081e-017 2.00771293e-004
 4.79781491e+003 1.38117076e-016 3.21088803e-017 1.99757220e-004
 4.80492197e+003 1.36567033e-016 3.17485338e-017 1.98743293e-004
 4.81202903e+003 1.35026791e-016 3.13904655e-017 1.97729513e-004
 4.81913608e+003 1.33496336e-016 3.10346726e-017 1.96715882e-004
 4.82624314e+003 1.31975658e-016 3.06811523e-017 1.95702402e-004
 4.83335020e+003 1.30464742e-016 3.03299016e-017 1.94689073e-004
 4.84045725e+003 1.28963577e-016 2.99809176e-017 1.93675897e-004
 4.84756431e+003 1.27472150e-016 2.96341975e-017 1.92662876e-004
 4.85467137e+003 1.25990448e-016 2.92897382e-017 1.91650011e-004
 4.86177842e+003 1.24518459e-016 2.89475368e-017 1.90637304e-004
 4.86888548e+003 1.23056170e-016 2.86075905e-017 1.89624757e-004
 4.87599254e+003 1.21603568e-016 2.82698961e-017 1.88612371e-004
 4.88309959e+003 1.20160641e-016 2.79344507e-017 1.87600148e-004
 4.89020665e+003 1.18727374e-016 2.76012513e-017 1.86588089e-004
 4.89731370e+003 1.17303757e-016 2.72702949e-017 1.85576196e-004
 4.90442076e+003 1.15889774e-016 2.69415784e-017 1.84564471e-004
 4.91152782e+003 1.14485413e-016 2.66150988e-017 1.83552916e-004
 4.91863487e+003 1.13090662e-016 2.62908530e-017 1.82541533e-004
 4.92574193e+003 1.11705506e-016 2.59688380e-017 1.81530322e-004
 4.93284899e+003 1.10329932e-016 2.56490506e-017 1.80519287e-004
 4.93995604e+003 1.08963928e-016 2.53314878e-017 1.79508429e-004
 4.94706310e+003 1.07607479e-016 2.50161464e-017 1.78497749e-004
 4.95417016e+003 1.06260572e-016 2.47030232e-017 1.77487250e-004
 4.96127721e+003 1.04923194e-016 2.43921152e-017 1.76476934e-004
 4.96838427e+003 1.03595331e-016 2.40834192e-017 1.75466803e-004
 4.97549133e+003 1.02276968e-016 2.37769320e-017 1.74456859e-004
 4.98259838e+003 1.00968093e-016 2.34726503e-017 1.73447103e-004
 4.98970544e+003 9.96686921e-017 2.31705709e-017 1.72437539e-004
 4.99681250e+003 9.83787503e-017 2.28706907e-017 1.71428167e-004
 5.00391955e+003 9.70982542e-017 2.25730063e-017 1.70418990e-004
 5.01102661e+003 9.58271895e-017 2.22775146e-017 1.69410011e-004
 5.01813366e+003 9.45655423e-017 2.19842121e-017 1.68401232e-004
 5.02524072e+003 9.33132982e-017 2.16930956e-017 1.67392655e-004
 5.03234778e+003 9.20704430e-017 2.14041618e-017 1.66384281e-004
 5.03945483e+003 9.08369623e-017 2.11174074e-017 1.65376115e-004
 5.04656189e+003 8.96128417e-017 2.08328289e-017 1.64368157e-004
 5.05366895e+003 8.83980666e-017 2.05504230e-017 1.63360410e-004
 5.06077600e+003 8.71926225e-017 2.02701864e-017 1.62352878e-004
 5.06788306e+003 8.59964947e-017 1.99921155e-017 1.61345562e-004
 5.07499012e+003 8.48096684e-017 1.97162071e-017 1.60338465e-004
 5.08209717e+003 8.36321287e-017 1.94424575e-017 1.59331589e-004
 5.08920423e+003 8.24638608e-017 1.91708634e-017 1.58324938e-004
 5.09631129e+003 8.13048496e-017 1.89014213e-017 1.57318513e-004
 5.10341834e+003 8.01550801e-017 1.86341276e-017 1.56312318e-004
 5.11052540e+003 7.90145370e-017 1.83689788e-017 1.55306356e-004
 5.11763246e+003 7.78832051e-017 1.81059714e-017 1.54300628e-004
 5.12473951e+003 7.67610691e-017 1.78451018e-017 1.53295140e-004
 5.13184657e+003 7.56481135e-017 1.75863665e-017 1.52289892e-004
 5.13895362e+003 7.45443227e-017 1.73297617e-017 1.51284888e-004
 5.14606068e+003 7.34496812e-017 1.70752839e-017 1.50280131e-004
 5.15316774e+003 7.23641732e-017 1.68229295e-017 1.49275625e-004
 5.16027479e+003 7.12877829e-017 1.65726947e-017 1.48271373e-004
 5.16738185e+003 7.02204945e-017 1.63245758e-017 1.47267377e-004
 5.17448891e+003 6.91622918e-017 1.60785692e-017 1.46263641e-004
 5.18159596e+003 6.81131589e-017 1.58346710e-017 1.45260168e-004
 5.18870302e+003 6.70730795e-017 1.55928776e-017 1.44256963e-004
 5.19581008e+003 6.60420373e-017 1.53531851e-017 1.43254027e-004
 5.20291713e+003 6.50200159e-017 1.51155898e-017 1.42251366e-004
 5.21002419e+003 6.40069989e-017 1.48800877e-017 1.41248982e-004
 5.21713125e+003 6.30029696e-017 1.46466751e-017 1.40246880e-004
 5.22423830e+003 6.20079113e-017 1.44153479e-017 1.39245062e-004
 5.23134536e+003 6.10218072e-017 1.41861025e-017 1.38243533e-004
 5.23845242e+003 6.00446403e-017 1.39589347e-017 1.37242297e-004
 5.24555947e+003 5.90763937e-017 1.37338407e-017 1.36241358e-004
 5.25266653e+003 5.81170502e-017 1.35108164e-017 1.35240720e-004
 5.25977358e+003 5.71665924e-017 1.32898578e-017 1.34240387e-004
 5.26688064e+003 5.62250032e-017 1.30709610e-017 1.33240363e-004
 5.27398770e+003 5.52922649e-017 1.28541218e-017 1.32240653e-004
 5.28109475e+003 5.43683599e-017 1.26393361e-017 1.31241261e-004
 5.28820181e+003 5.34532706e-017 1.24265998e-017 1.30242192e-004
 5.29530887e+003 5.25469790e-017 1.22159088e-017 1.29243450e-004
 5.30241592e+003 5.16494672e-017 1.20072589e-017 1.28245040e-004
 5.30952298e+003 5.07607171e-017 1.18006459e-017 1.27246967e-004
 5.31663004e+003 4.98807105e-017 1.15960656e-017 1.26249236e-004
 5.32373709e+003 4.90094290e-017 1.13935136e-017 1.25251852e-004
 5.33084415e+003 4.81468541e-017 1.11929857e-017 1.24254819e-004
 5.33795121e+003 4.72929672e-017 1.09944775e-017 1.23258144e-004
 5.34505826e+003 4.64477496e-017 1.07979847e-017 1.22261832e-004
 5.35216532e+003 4.56111823e-017 1.06035030e-017 1.21265887e-004
 5.35927238e+003 4.47832464e-017 1.04110278e-017 1.20270317e-004
 5.36637943e+003 4.39639226e-017 1.02205547e-017 1.19275126e-004
 5.37348649e+003 4.31531917e-017 1.00320793e-017 1.18280321e-004
 5.38059354e+003 4.23510341e-017 9.84559692e-018 1.17285907e-004
 5.38770060e+003 4.15574303e-017 9.66110313e-018 1.16291891e-004
 5.39480766e+003 4.07723605e-017 9.47859328e-018 1.15298278e-004
 5.40191471e+003 3.99958048e-017 9.29806275e-018 1.14305076e-004
 5.40902177e+003 3.92277430e-017 9.11950687e-018 1.13312292e-004
 5.41612883e+003 3.84681551e-017 8.94292094e-018 1.12319931e-004
 5.42323588e+003 3.77170205e-017 8.76830022e-018 1.11328000e-004
 5.43034294e+003 3.69743188e-017 8.59563993e-018 1.10336508e-004
 5.43745000e+003 3.62400292e-017 8.42493525e-018 1.09345461e-004
 5.44455705e+003 3.55141308e-017 8.25618133e-018 1.08354866e-004
 5.45166411e+003 3.47966025e-017 8.08937326e-018 1.07364731e-004
 5.45877117e+003 3.40874231e-017 7.92450611e-018 1.06375065e-004
 5.46587822e+003 3.33865712e-017 7.76157490e-018 1.05385875e-004
 5.47298528e+003 3.26940251e-017 7.60057460e-018 1.04397169e-004
 5.48009233e+003 3.20097632e-017 7.44150015e-018 1.03408955e-004
 5.48719939e+003 3.13337633e-017 7.28434643e-018 1.02421244e-004
 5.49430645e+003 3.06660034e-017 7.12910831e-018 1.01434042e-004
 5.50141350e+003 3.00064610e-017 6.97578056e-018 1.00447360e-004
 5.50852056e+003 2.93551136e-017 6.82435795e-018 9.94612070e-005
 5.51562762e+003 2.87119384e-017 6.67483519e-018 9.84755922e-005
 5.52273467e+003 2.80769124e-017 6.52720692e-018 9.74905258e-005
 5.52984173e+003 2.74500124e-017 6.38146776e-018 9.65060179e-005
 5.53694879e+003 2.68312151e-017 6.23761227e-018 9.55220788e-005
 5.54405584e+003 2.62204968e-017 6.09563494e-018 9.45387193e-005
 5.55116290e+003 2.56178336e-017 5.95553025e-018 9.35559505e-005
 5.55826996e+003 2.50232015e-017 5.81729258e-018 9.25737835e-005
 5.56537701e+003 2.44365762e-017 5.68091629e-018 9.15922302e-005
 5.57248407e+003 2.38579330e-017 5.54639567e-018 9.06113023e-005
 5.57959113e+003 2.32872472e-017 5.41372494e-018 8.96310124e-005
 5.58669818e+003 2.27244937e-017 5.28289829e-018 8.86513729e-005
 5.59380524e+003 2.21696473e-017 5.15390984e-018 8.76723971e-005
 5.60091229e+003 2.16226823e-017 5.02675364e-018 8.66940982e-005
 5.60801935e+003 2.10835730e-017 4.90142369e-018 8.57164902e-005
 5.61512641e+003 2.05522932e-017 4.77791392e-018 8.47395874e-005
 5.62223346e+003 2.00288166e-017 4.65621820e-018 8.37634043e-005
 5.62934052e+003 1.95131165e-017 4.53633033e-018 8.27879562e-005
 5.63644758e+003 1.90051660e-017 4.41824405e-018 8.18132587e-005
 5.64355463e+003 1.85049378e-017 4.30195303e-018 8.08393279e-005
 5.65066169e+003 1.80124044e-017 4.18745085e-018 7.98661803e-005
 5.65776875e+003 1.75275379e-017 4.07473106e-018 7.88938332e-005
 5.66487580e+003 1.70503102e-017 3.96378708e-018 7.79223042e-005
 5.67198286e+003 1.65806927e-017 3.85461231e-018 7.69516117e-005
 5.67908992e+003 1.61186566e-017 3.74720003e-018 7.59817744e-005
 5.68619697e+003 1.56641728e-017 3.64154348e-018 7.50128120e-005
 5.69330403e+003 1.52172117e-017 3.53763577e-018 7.40447445e-005
 5.70041109e+003 1.47777435e-017 3.43546998e-018 7.30775928e-005
 5.70751814e+003 1.43457379e-017 3.33503906e-018 7.21113786e-005
 5.71462520e+003 1.39211642e-017 3.23633590e-018 7.11461240e-005
 5.72173225e+003 1.35039916e-017 3.13935329e-018 7.01818522e-005
 5.72883931e+003 1.30941885e-017 3.04408393e-018 6.92185871e-005
 5.73594637e+003 1.26917232e-017 2.95052043e-018 6.82563536e-005
 5.74305342e+003 1.22965635e-017 2.85865529e-018 6.72951771e-005
 5.75016048e+003 1.19086766e-017 2.76848093e-018 6.63350844e-005
 5.75726754e+003 1.15280296e-017 2.67998965e-018 6.53761031e-005
 5.76437459e+003 1.11545888e-017 2.59317365e-018 6.44182616e-005
 5.77148165e+003 1.07883203e-017 2.50802503e-018 6.34615899e-005
 5.77858871e+003 1.04291896e-017 2.42453577e-018 6.25061186e-005
 5.78569576e+003 1.00771616e-017 2.34269773e-018 6.15518799e-005
 5.79280282e+003 9.73220098e-018 2.26250268e-018 6.05989069e-005
 5.79990988e+003 9.39427165e-018 2.18394224e-018 5.96472344e-005
 5.80701693e+003 9.06333709e-018 2.10700791e-018 5.86968982e-005
 5.81412399e+003 8.73936021e-018 2.03169108e-018 5.77479359e-005
 5.82123105e+003 8.42230335e-018 1.95798299e-018 5.68003864e-005
 5.82833810e+003 8.11212827e-018 1.88587474e-018 5.58542903e-005
 5.83544516e+003 7.80879610e-018 1.81535730e-018 5.49096899e-005
 5.84255221e+003 7.51226738e-018 1.74642151e-018 5.39666293e-005
 5.84965927e+003 7.22250199e-018 1.67905802e-018 5.30251545e-005
 5.85676633e+003 6.93945915e-018 1.61325737e-018 5.20853135e-005
 5.86387338e+003 6.66309738e-018 1.54900990e-018 5.11471564e-005
 5.87098044e+003 6.39337450e-018 1.48630582e-018 5.02107356e-005
 5.87808750e+003 6.13024761e-018 1.42513515e-018 4.92761058e-005
 5.88519455e+003 5.87367302e-018 1.36548772e-018 4.83433243e-005
 5.89230161e+003 5.62360628e-018 1.30735322e-018 4.74124509e-005
 5.89940867e+003 5.38000212e-018 1.25072111e-018 4.64835484e-005
 5.90651572e+003 5.14281442e-018 1.19558068e-018 4.55566825e-005
 5.91362278e+003 4.91199620e-018 1.14192099e-018 4.46319220e-005
 5.92072984e+003 4.68749957e-018 1.08973092e-018 4.37093392e-005
 5.92783689e+003 4.46927569e-018 1.03899912e-018 4.27890100e-005
 5.93494395e+003 4.25727477e-018 9.89714003e-019 4.18710141e-005
 5.94205101e+003 4.05144599e-018 9.41863761e-019 4.09554350e-005
 5.94915806e+003 3.85173748e-018 8.95436335e-019 4.00423610e-005
 5.95626512e+003 3.65809629e-018 8.50419416e-019 3.91318846e-005
 5.96337217e+003 3.47046833e-018 8.06800427e-019 3.82241036e-005
 5.97047923e+003 3.28879832e-018 7.64566519e-019 3.73191206e-005
 5.97758629e+003 3.11302976e-018 7.23704557e-019 3.64170443e-005
 5.98469334e+003 2.94310488e-018 6.84201108e-019 3.55179892e-005
 5.99180040e+003 2.77896455e-018 6.46042428e-019 3.46220761e-005
 5.99890746e+003 2.62054827e-018 6.09214453e-019 3.37294330e-005
 6.00601451e+003 2.46779408e-018 5.73702777e-019 3.28401952e-005
 6.01312157e+003 2.32063851e-018 5.39492646e-019 3.19545057e-005
 6.02022863e+003 2.17901650e-018 5.06568935e-019 3.10725165e-005
 6.02733568e+003 2.04286136e-018 4.74916139e-019 3.01943884e-005
 6.03444274e+003 1.91210465e-018 4.44518349e-019 2.93202921e-005
 6.04154980e+003 1.78667614e-018 4.15359237e-019 2.84504092e-005
 6.04865685e+003 1.66650371e-018 3.87422036e-019 2.75849323e-005
 6.05576391e+003 1.55151326e-018 3.60689521e-019 2.67240667e-005
 6.06287097e+003 1.44162863e-018 3.35143987e-019 2.58680308e-005
 6.06997802e+003 1.33677148e-018 3.10767222e-019 2.50170575e-005
 6.07708508e+003 1.23686123e-018 2.87540491e-019 2.41713951e-005
 6.08419213e+003 1.14181490e-018 2.65444505e-019 2.33313085e-005
 6.09129919e+003 1.05154703e-018 2.44459396e-019 2.24970810e-005
 6.09840625e+003 9.65969564e-019 2.24564694e-019 2.16690153e-005
 6.10551330e+003 8.84991707e-019 2.05739289e-019 2.08474351e-005
 6.11262036e+003 8.08519808e-019 1.87961412e-019 2.00326872e-005
 6.11972742e+003 7.36457228e-019 1.71208595e-019 1.92251430e-005
 6.12683447e+003 6.68704200e-019 1.55457645e-019 1.84252007e-005
 6.13394153e+003 6.05157693e-019 1.40684610e-019 1.76332871e-005
 6.14104859e+003 5.45711264e-019 1.26864745e-019 1.68498603e-005
 6.14815564e+003 4.90254923e-019 1.13972480e-019 1.60754118e-005
 6.15526270e+003 4.38674988e-019 1.01981385e-019 1.53104692e-005
 6.16236976e+003 3.90853951e-019 9.08641442e-020 1.45555985e-005
 6.16947681e+003 3.46670353e-019 8.05925202e-020 1.38114072e-005
 6.17658387e+003 3.05998666e-019 7.11373311e-020 1.30785467e-005
 6.18369093e+003 2.68709201e-019 6.24684273e-020 1.23577147e-005
 6.19079798e+003 2.34668036e-019 5.45546750e-020 1.16496581e-005
 6.19790504e+003 2.03736983e-019 4.73639490e-020 1.09551747e-005
 6.20501209e+003 1.75773598e-019 4.08631344e-020 1.02751149e-005
 6.21211915e+003 1.50631249e-019 3.50181429e-020 9.61038250e-006
 6.21922621e+003 1.28159261e-019 2.97939462e-020 8.96193471e-006
 6.22633326e+003 1.08203149e-019 2.51546299e-020 8.33078023e-006
 6.23344032e+003 9.06049557e-020 2.10634733e-020 7.71797596e-006
 6.24054738e+003 7.52037338e-020 1.74830596e-020 7.12462100e-006
 6.24765443e+003 6.18361652e-020 1.43754213e-020 6.55184776e-006
 6.25476149e+003 5.03373614e-020 1.17022260e-020 6.00080938e-006
 6.26186855e+003 4.05418488e-020 9.42500488e-021 5.47266278e-006
 6.26897560e+003 3.22847527e-020 7.50542861e-021 4.96854686e-006
 6.27608266e+003 2.54031759e-020 5.90562748e-021 4.48955534e-006
 6.28318972e+003 1.97377556e-020 4.58855353e-021 4.03670430e-006
 6.29029677e+003 1.51343602e-020 3.51837480e-021 3.61089476e-006
 6.29740383e+003 1.14458618e-020 2.66088760e-021 3.21287163e-006
 6.30451089e+003 8.53389886e-021 1.98392626e-021 2.84318083e-006
 6.31161794e+003 6.27052027e-021 1.45774517e-021 2.50212763e-006
 6.31872500e+003 4.53958780e-021 1.05534499e-021 2.18973992e-006
 6.32583205e+003 3.23782015e-021 7.52715320e-022 1.90574045e-006
 6.33293911e+003 2.27537896e-021 5.28970888e-022 1.64953217e-006
 6.34004617e+003 1.57593894e-021 3.66367905e-022 1.42019974e-006
 6.34715322e+003 1.07623734e-021 2.50199300e-022 1.21652897e-006
 6.35426028e+003 7.25156477e-022 1.68581442e-022 1.03704342e-006
 6.36136734e+003 4.82443739e-022 1.12156567e-022 8.80055686e-007
 6.36847439e+003 3.17205317e-022 7.37426078e-023 7.43728506e-007
 6.37558145e+003 2.06317771e-022 4.79639202e-023 6.26140054e-007
 6.38268851e+003 1.32885810e-022 3.08927550e-023 5.25347624e-007
 6.38979556e+003 8.48426243e-023 1.97238698e-023 4.39444711e-007
 6.39690262e+003 5.37503767e-023 1.24956700e-023 3.66608021e-007
 6.40400968e+003 3.38219733e-023 7.86279542e-024 3.05132688e-007
 6.41111673e+003 2.11570969e-023 4.91851623e-024 2.53455523e-007
 6.41822379e+003 1.31676741e-023 3.06116757e-024 2.10167373e-007
 6.42533085e+003 8.15977136e-024 1.89695061e-024 1.74016395e-007
 6.43243790e+003 5.03786285e-024 1.17118196e-024 1.43904348e-007
 6.43954496e+003 3.10071736e-024 7.20842219e-025 1.18877984e-007
 6.44665201e+003 1.90344491e-024 4.42505166e-025 9.81173713e-008
 6.45375907e+003 1.16591021e-024 2.71046086e-025 8.09226166e-008
 6.46086613e+003 7.12842625e-025 1.65718767e-025 6.67001233e-008
 6.46797318e+003 4.35170059e-025 1.01166574e-025 5.49491488e-008
 6.47508024e+003 2.65321972e-025 6.16809779e-026 4.52491751e-008
 6.48218730e+003 1.61595886e-025 3.75671574e-026 3.72483759e-008
 6.48929435e+003 9.83351622e-026 2.28605604e-026 3.06533101e-008
 6.49640141e+003 5.97963008e-026 1.39012019e-026 2.52198641e-008
 6.50350847e+003 3.63396870e-026 8.44810331e-027 2.07453933e-008
 6.51061552e+003 2.20736728e-026 5.13159808e-027 1.70619747e-008
 6.51772258e+003 1.34026904e-026 3.11580320e-027 1.40306607e-008
 6.52482964e+003 8.13512594e-027 1.89122114e-027 1.15366177e-008
 6.53193669e+003 4.93647629e-027 1.14761202e-027 9.48503596e-009
 6.53904375e+003 2.99482474e-027 6.96224731e-028 7.79770158e-009
 6.54615081e+003 1.81653912e-027 4.22301661e-028 6.41013539e-009
 6.55325786e+003 1.10166977e-027 2.56111728e-028 5.26921049e-009
 6.56036492e+003 6.68041220e-028 1.55303518e-028 4.33117360e-009
 6.56747197e+003 4.05051247e-028 9.41646739e-029 3.56000479e-009
 6.57457903e+003 2.45572416e-028 5.70896812e-029 2.92605978e-009
 6.58168609e+003 1.48873939e-028 3.46096104e-029 2.40494766e-009
 6.58879314e+003 9.02469823e-029 2.09802533e-029 1.97660410e-009
 6.59590020e+003 5.47048804e-029 1.27175689e-029 1.62452679e-009
 6.60300726e+003 3.31590821e-029 7.70868940e-030 1.33514491e-009
 6.61011431e+003 2.00985621e-029 4.67243209e-030 1.09729976e-009
 6.61722137e+003 1.21819277e-029 2.83200553e-030 9.01816837e-010
 6.62432843e+003 7.38342098e-030 1.71646751e-030 7.41153655e-010
 6.63143548e+003 4.47498416e-030 1.04032654e-030 6.09109801e-010
 6.63854254e+003 2.71218313e-030 6.30516987e-031 5.00588419e-010
 6.64564960e+003 1.64377091e-030 3.82137607e-031 4.11399979e-010
 6.65275665e+003 9.96229209e-031 2.31598897e-031 3.38100877e-010
 6.65986371e+003 6.03773044e-031 1.40363188e-031 2.77860717e-010
 6.66697076e+003 3.65919257e-031 8.50669108e-032 2.28353167e-010
 6.67407782e+003 2.21765725e-031 5.15557603e-032 1.87666230e-010
 6.68118488e+003 1.34400729e-031 3.12443251e-032 1.54228476e-010
 6.68829193e+003 8.14530236e-032 1.89365355e-032 1.26748394e-010
 6.69539899e+003 4.93641283e-032 1.14752473e-032 1.04164545e-010
 6.70250605e+003 2.99167661e-032 6.95571829e-033 8.56045833e-011
 6.70961310e+003 1.81307983e-032 4.21411502e-033 7.03515732e-011
 6.71672016e+003 1.09879954e-032 2.55538039e-033 5.78163092e-011
 6.72382722e+003 6.65915939e-033 1.54707582e-033 4.75145602e-011
 6.73093427e+003 4.03570910e-033 9.39314146e-034 3.90483689e-011
 6.73804133e+003 2.44579408e-033 5.67381233e-034 3.20906818e-011
 6.74514839e+003 1.48224362e-033 3.45900013e-034 2.63727174e-011
 6.75225544e+003 8.98295065e-034 2.07401559e-034 2.16735836e-011
 6.75936250e+003 5.44400119e-034 1.28117117e-034 1.78117460e-011
 6.76646956e+003 3.29926518e-034 7.50048282e-035 1.46380154e-011
 6.77357661e+003 1.99947548e-034 4.83283482e-035 1.20297847e-011
 6.78068367e+003 1.21175499e-034 2.61615287e-035 9.88629277e-012
 6.78779072e+003 7.34367495e-035 1.92591372e-035 8.12473203e-012
 6.79489778e+003 4.45053264e-035 7.96578771e-036 6.67704951e-012
 6.80200484e+003 2.69718332e-035 8.86187520e-036 5.48731793e-012
 6.80911189e+003 1.63459017e-035 9.78822012e-037 4.50957518e-012
 6.81621895e+003 9.90620370e-036 5.37414407e-036 3.70604872e-012
 6.82332601e+003 6.00351481e-036 -1.94765150e-036 3.04569635e-012
 6.83043306e+003 3.63834507e-036 4.48540071e-036 2.50300705e-012
 6.83754012e+003 2.20496733e-036 -3.44947077e-036 2.05701535e-012
 6.84464718e+003 1.33628906e-036 4.62380445e-036 1.69049148e-012
 6.85175423e+003 8.09838925e-037 -4.50706730e-036 1.38927568e-012
 6.85886129e+003 4.90791314e-037 5.22548435e-036 1.14173121e-012
 6.86596835e+003 2.97437057e-037 -5.49515864e-036 9.38294807e-013
 6.87307540e+003 1.80257471e-037 6.09926293e-036 7.71107181e-013
 6.88018246e+003 1.09242458e-037 -6.56870252e-036 6.33709444e-013
 6.88728952e+003 6.62048261e-038 7.19379203e-036 5.20793565e-013
 6.89439657e+003 4.01224854e-038 -7.80515097e-036 4.27997308e-013
 6.90150363e+003 2.43156566e-038 8.51257179e-036 3.51735712e-013
 6.90861068e+003 1.47361547e-038 -9.25729104e-036 2.89062590e-013
 6.91571774e+003 8.93063498e-039 1.00833851e-035 2.37556717e-013
 6.92282480e+003 5.41228308e-039 -1.09733556e-035 1.95228285e-013
 6.92993185e+003 3.28003642e-039 1.19478372e-035 1.60442035e-013
 6.93703891e+003 1.98781895e-039 -1.30052433e-035 1.31854083e-013
 6.94414597e+003 1.20468912e-039 1.41584217e-035 1.08360002e-013
 6.95125302e+003 7.30084529e-040 -1.54125257e-035 8.90521537e-014
 6.95836008e+003 4.42457237e-040 1.67785182e-035 7.31846244e-014
 6.96546714e+003 2.68144850e-040 -1.82650896e-035 6.01444101e-014
 6.97257419e+003 1.62505332e-040 1.98836662e-035 4.94277328e-014
 6.97968125e+003 9.84840210e-041 -2.16454954e-035 4.06205791e-014
 6.98678831e+003 5.96848253e-041 2.35635433e-035 3.33827055e-014
 6.99389536e+003 3.61711305e-041 -2.56514874e-035 2.74344938e-014
 7.00100242e+003 2.19209937e-041 2.79244822e-035 2.25461490e-014
 7.00810948e+003 1.32849031e-041 -3.03988644e-035 1.85288213e-014
 7.01521653e+003 8.05112455e-042 3.30925158e-035 1.52273108e-014
 7.02232359e+003 4.87926830e-042 -3.60248435e-035 1.25140715e-014
 7.02943064e+003 2.95701041e-042 3.92170101e-035 1.02842838e-014
 7.03653770e+003 1.79205365e-042 -4.26920319e-035 8.45180508e-015
 7.04364476e+003 1.08604835e-042 4.64749776e-035 6.94584188e-015
 7.05075181e+003 6.58183991e-043 -5.05931293e-035 5.70821487e-015
 7.05785887e+003 3.98882945e-043 5.50761916e-035 4.69111125e-015
 7.06496593e+003 2.41737275e-043 -5.99564980e-035 3.85523763e-015
 7.07207298e+003 1.46501400e-043 6.52692492e-035 3.16830200e-015
 7.07918004e+003 8.87850674e-044 -7.10527636e-035 2.60376624e-015
 7.08628710e+003 5.38069137e-044 7.73487558e-035 2.13982083e-015
 7.09339415e+003 3.26089065e-044 -8.42026365e-035 1.75854235e-015
 7.10050121e+003 1.97621590e-044 9.16638403e-035 1.44520099e-015
 7.10760827e+003 1.19765723e-044 -9.97861820e-035 1.18769156e-015
 7.11471532e+003 7.25822949e-045 1.08628245e-034 9.76065789e-016
 7.12182238e+003 4.39874564e-045 -1.18253805e-034 8.02148011e-016
 7.12892944e+003 2.66579656e-045 1.28732286e-034 6.59219326e-016
 7.13603649e+003 1.61556768e-045 -1.40139266e-034 5.41758022e-016
 7.14314355e+003 9.79091565e-046 1.52557020e-034 4.45226259e-016
 7.15025060e+003 5.93364367e-046 -1.66075112e-034 3.65894760e-016
 7.15735766e+003 3.59599944e-046 1.80791044e-034 3.00698741e-016
 7.16446472e+003 2.17930377e-046 -1.96810956e-034 2.47119508e-016
 7.17157177e+003 1.32073572e-046 2.14250394e-034 2.03087152e-016
 7.17867883e+003 8.00412893e-047 -2.33235142e-034 1.66900589e-016
 7.18578589e+003 4.85078727e-047 2.53902131e-034 1.37161836e-016
 7.19289294e+003 2.93974989e-047 -2.76400424e-034 1.12722006e-016
 7.20000000e+003 1.78159316e-047 3.00892292e-034 9.26369247e-017
