 9.86886565e+001 3.70308867e-015 0.00000000e+000 8.81971618e-004
 1.05789968e+002 3.69585026e-015 7.23841697e-018 8.81191892e-004
 1.12891279e+002 3.68861963e-015 1.43939689e-017 8.80412170e-004
 1.19992590e+002 3.68139679e-015 2.14673851e-017 8.79632450e-004
 1.27093902e+002 3.67418173e-015 2.84593895e-017 8.78852735e-004
 1.34195213e+002 3.66697446e-015 3.53707002e-017 8.78073022e-004
 1.41296525e+002 3.65977497e-015 4.22020296e-017 8.77293314e-004
 1.48397836e+002 3.65258326e-015 4.89540850e-017 8.76513608e-004
 1.55499147e+002 3.64539933e-015 5.56275677e-017 8.75733906e-004
 1.62600459e+002 3.63822317e-015 6.22231740e-017 8.74954208e-004
 1.69701770e+002 3.63105480e-015 6.87415944e-017 8.74174513e-004
 1.76803081e+002 3.62389420e-015 7.51835142e-017 8.73394821e-004
 1.83904393e+002 3.61674137e-015 8.15496134e-017 8.72615133e-004
 1.91005704e+002 3.60959631e-015 8.78405666e-017 8.71835449e-004
 1.98107015e+002 3.60245902e-015 9.40570431e-017 8.71055768e-004
 2.05208327e+002 3.59532951e-015 1.00199707e-016 8.70276090e-004
 2.12309638e+002 3.58820776e-015 1.06269217e-016 8.69496416e-004
 2.19410949e+002 3.58109377e-015 1.12266228e-016 8.68716746e-004
 2.26512261e+002 3.57398755e-015 1.18191387e-016 8.67937079e-004
 2.33613572e+002 3.56688909e-015 1.24045338e-016 8.67157415e-004
 2.40714883e+002 3.55979839e-015 1.29828720e-016 8.66377756e-004
 2.47816195e+002 3.55271546e-015 1.35542166e-016 8.65598099e-004
 2.54917506e+002 3.54564028e-015 1.41186305e-016 8.64818446e-004
 2.62018817e+002 3.53857286e-015 1.46761760e-016 8.64038797e-004
 2.69120129e+002 3.53151319e-015 1.52269150e-016 8.63259152e-004
 2.76221440e+002 3.52446127e-015 1.57709088e-016 8.62479509e-004
 2.83322751e+002 3.51741711e-015 1.63082183e-016 8.61699871e-004
 2.90424063e+002 3.51038070e-015 1.68389040e-016 8.60920236e-004
 2.97525374e+002 3.50335204e-015 1.73630257e-016 8.60140605e-004
 3.04626685e+002 3.49633113e-015 1.78806429e-016 8.59360977e-004
 3.11727997e+002 3.48931796e-015 1.83918146e-016 8.58581353e-004
 3.18829308e+002 3.48231253e-015 1.88965993e-016 8.57801732e-004
 3.25930619e+002 3.47531485e-015 1.93950551e-016 8.57022115e-004
 3.33031931e+002 3.46832491e-015 1.98872394e-016 8.56242502e-004
 3.40133242e+002 3.46134271e-015 2.03732096e-016 8.55462892e-004
 3.47234553e+002 3.45436825e-015 2.08530221e-016 8.54683286e-004
 3.54335865e+002 3.44740152e-015 2.13267334e-016 8.53903684e-004
 3.61437176e+002 3.44044253e-015 2.17943990e-016 8.53124085e-004
 3.68538488e+002 3.43349128e-015 2.22560744e-016 8.52344490e-004
 3.75639799e+002 3.42654775e-015 2.27118144e-016 8.51564898e-004
 3.82741110e+002 3.41961196e-015 2.31616735e-016 8.50785310e-004
 3.89842422e+002 3.41268390e-015 2.36057056e-016 8.50005726e-004
 3.96943733e+002 3.40576356e-015 2.40439644e-016 8.49226146e-004
 4.04045044e+002 3.39885095e-015 2.44765031e-016 8.48446569e-004
 4.11146356e+002 3.39194606e-015 2.49033742e-016 8.47666996e-004
 4.18247667e+002 3.38504890e-015 2.53246301e-016 8.46887427e-004
 4.25348978e+002 3.37815946e-015 2.57403228e-016 8.46107861e-004
 4.32450290e+002 3.37127774e-015 2.61505035e-016 8.45328299e-004
 4.39551601e+002 3.36440373e-015 2.65552235e-016 8.44548741e-004
 4.46652912e+002 3.35753745e-015 2.69545332e-016 8.43769186e-004
 4.53754224e+002 3.35067888e-015 2.73484830e-016 8.42989636e-004
 4.60855535e+002 3.34382802e-015 2.77371227e-016 8.42210089e-004
 4.67956846e+002 3.33698487e-015 2.81205016e-016 8.41430545e-004
 4.75058158e+002 3.33014944e-015 2.84986687e-016 8.40651006e-004
 4.82159469e+002 3.32332171e-015 2.88716728e-016 8.39871470e-004
 4.89260780e+002 3.31650169e-015 2.92395619e-016 8.39091938e-004
 4.96362092e+002 3.30968938e-015 2.96023839e-016 8.38312410e-004
 5.03463403e+002 3.30288477e-015 2.99601864e-016 8.37532885e-004
 5.10564714e+002 3.29608787e-015 3.03130162e-016 8.36753365e-004
 5.17666026e+002 3.28929866e-015 3.06609201e-016 8.35973848e-004
 5.24767337e+002 3.28251716e-015 3.10039444e-016 8.35194335e-004
 5.31868648e+002 3.27574335e-015 3.13421350e-016 8.34414826e-004
 5.38969960e+002 3.26897724e-015 3.16755373e-016 8.33635320e-004
 5.46071271e+002 3.26221882e-015 3.20041967e-016 8.32855819e-004
 5.53172582e+002 3.25546810e-015 3.23281579e-016 8.32076321e-004
 5.60273894e+002 3.24872507e-015 3.26474652e-016 8.31296827e-004
 5.67375205e+002 3.24198973e-015 3.29621628e-016 8.30517337e-004
 5.74476516e+002 3.23526208e-015 3.32722944e-016 8.29737851e-004
 5.81577828e+002 3.22854212e-015 3.35779033e-016 8.28958368e-004
 5.88679139e+002 3.22182984e-015 3.38790324e-016 8.28178890e-004
 5.95780451e+002 3.21512525e-015 3.41757245e-016 8.27399415e-004
 6.02881762e+002 3.20842834e-015 3.44680219e-016 8.26619945e-004
 6.09983073e+002 3.20173911e-015 3.47559663e-016 8.25840478e-004
 6.17084385e+002 3.19505755e-015 3.50395995e-016 8.25061015e-004
 6.24185696e+002 3.18838368e-015 3.53189626e-016 8.24281556e-004
 6.31287007e+002 3.18171748e-015 3.55940966e-016 8.23502101e-004
 6.38388319e+002 3.17505896e-015 3.58650421e-016 8.22722649e-004
 6.45489630e+002 3.16840811e-015 3.61318391e-016 8.21943202e-004
 6.52590941e+002 3.16176493e-015 3.63945278e-016 8.21163759e-004
 6.59692253e+002 3.15512942e-015 3.66531475e-016 8.20384319e-004
 6.66793564e+002 3.14850158e-015 3.69077377e-016 8.19604884e-004
 6.73894875e+002 3.14188141e-015 3.71583370e-016 8.18825452e-004
 6.80996187e+002 3.13526890e-015 3.74049842e-016 8.18046025e-004
 6.88097498e+002 3.12866405e-015 3.76477175e-016 8.17266601e-004
 6.95198809e+002 3.12206687e-015 3.78865748e-016 8.16487182e-004
 7.02300121e+002 3.11547735e-015 3.81215938e-016 8.15707766e-004
 7.09401432e+002 3.10889548e-015 3.83528118e-016 8.14928354e-004
 7.16502743e+002 3.10232127e-015 3.85802658e-016 8.14148947e-004
 7.23604055e+002 3.09575472e-015 3.88039924e-016 8.13369543e-004
 7.30705366e+002 3.08919582e-015 3.90240281e-016 8.12590143e-004
 7.37806677e+002 3.08264458e-015 3.92404089e-016 8.11810748e-004
 7.44907989e+002 3.07610098e-015 3.94531706e-016 8.11031356e-004
 7.52009300e+002 3.06956504e-015 3.96623486e-016 8.10251969e-004
 7.59110611e+002 3.06303674e-015 3.98679783e-016 8.09472585e-004
 7.66211923e+002 3.05651609e-015 4.00700943e-016 8.08693206e-004
 7.73313234e+002 3.05000308e-015 4.02687314e-016 8.07913831e-004
 7.80414545e+002 3.04349771e-015 4.04639237e-016 8.07134459e-004
 7.87515857e+002 3.03699999e-015 4.06557054e-016 8.06355092e-004
 7.94617168e+002 3.03050990e-015 4.08441101e-016 8.05575729e-004
 8.01718479e+002 3.02402746e-015 4.10291712e-016 8.04796370e-004
 8.08819791e+002 3.01755265e-015 4.12109220e-016 8.04017015e-004
 8.15921102e+002 3.01108547e-015 4.13893952e-016 8.03237664e-004
 8.23022413e+002 3.00462593e-015 4.15646235e-016 8.02458318e-004
 8.30123725e+002 2.99817402e-015 4.17366391e-016 8.01678975e-004
 8.37225036e+002 2.99172973e-015 4.19054741e-016 8.00899637e-004
 8.44326348e+002 2.98529308e-015 4.20711603e-016 8.00120302e-004
 8.51427659e+002 2.97886405e-015 4.22337292e-016 7.99340972e-004
 8.58528970e+002 2.97244265e-015 4.23932119e-016 7.98561646e-004
 8.65630282e+002 2.96602888e-015 4.25496395e-016 7.97782324e-004
 8.72731593e+002 2.95962272e-015 4.27030426e-016 7.97003007e-004
 8.79832904e+002 2.95322418e-015 4.28534516e-016 7.96223693e-004
 8.86934216e+002 2.94683326e-015 4.30008968e-016 7.95444384e-004
 8.94035527e+002 2.94044996e-015 4.31454080e-016 7.94665079e-004
 9.01136838e+002 2.93407428e-015 4.32870149e-016 7.93885778e-004
 9.08238150e+002 2.92770621e-015 4.34257469e-016 7.93106481e-004
 9.15339461e+002 2.92134575e-015 4.35616331e-016 7.92327189e-004
 9.22440772e+002 2.91499290e-015 4.36947025e-016 7.91547901e-004
 9.29542084e+002 2.90864766e-015 4.38249837e-016 7.90768617e-004
 9.36643395e+002 2.90231002e-015 4.39525050e-016 7.89989337e-004
 9.43744706e+002 2.89597999e-015 4.40772947e-016 7.89210062e-004
 9.50846018e+002 2.88965757e-015 4.41993806e-016 7.88430790e-004
 9.57947329e+002 2.88334275e-015 4.43187904e-016 7.87651523e-004
 9.65048640e+002 2.87703553e-015 4.44355516e-016 7.86872261e-004
 9.72149952e+002 2.87073590e-015 4.45496914e-016 7.86093002e-004
 9.79251263e+002 2.86444388e-015 4.46612366e-016 7.85313748e-004
 9.86352574e+002 2.85815945e-015 4.47702141e-016 7.84534499e-004
 9.93453886e+002 2.85188261e-015 4.48766502e-016 7.83755253e-004
 1.00055520e+003 2.84561337e-015 4.49805714e-016 7.82976012e-004
 1.00765651e+003 2.83935172e-015 4.50820035e-016 7.82196775e-004
 1.01475782e+003 2.83309765e-015 4.51809725e-016 7.81417543e-004
 1.02185913e+003 2.82685118e-015 4.52775038e-016 7.80638315e-004
 1.02896044e+003 2.82061229e-015 4.53716229e-016 7.79859091e-004
 1.03606175e+003 2.81438098e-015 4.54633549e-016 7.79079872e-004
 1.04316307e+003 2.80815726e-015 4.55527247e-016 7.78300657e-004
 1.05026438e+003 2.80194112e-015 4.56397570e-016 7.77521446e-004
 1.05736569e+003 2.79573255e-015 4.57244762e-016 7.76742240e-004
 1.06446700e+003 2.78953157e-015 4.58069067e-016 7.75963038e-004
 1.07156831e+003 2.78333816e-015 4.58870725e-016 7.75183840e-004
 1.07866962e+003 2.77715232e-015 4.59649973e-016 7.74404647e-004
 1.08577093e+003 2.77097406e-015 4.60407050e-016 7.73625459e-004
 1.09287224e+003 2.76480337e-015 4.61142188e-016 7.72846275e-004
 1.09997356e+003 2.75864024e-015 4.61855620e-016 7.72067095e-004
 1.10707487e+003 2.75248469e-015 4.62547577e-016 7.71287920e-004
 1.11417618e+003 2.74633670e-015 4.63218285e-016 7.70508749e-004
 1.12127749e+003 2.74019627e-015 4.63867971e-016 7.69729583e-004
 1.12837880e+003 2.73406341e-015 4.64496860e-016 7.68950421e-004
 1.13548011e+003 2.72793811e-015 4.65105173e-016 7.68171263e-004
 1.14258142e+003 2.72182037e-015 4.65693130e-016 7.67392111e-004
 1.14968274e+003 2.71571018e-015 4.66260950e-016 7.66612962e-004
 1.15678405e+003 2.70960755e-015 4.66808848e-016 7.65833818e-004
 1.16388536e+003 2.70351248e-015 4.67337039e-016 7.65054679e-004
 1.17098667e+003 2.69742496e-015 4.67845736e-016 7.64275544e-004
 1.17808798e+003 2.69134499e-015 4.68335148e-016 7.63496414e-004
 1.18518929e+003 2.68527256e-015 4.68805484e-016 7.62717288e-004
 1.19229060e+003 2.67920769e-015 4.69256951e-016 7.61938167e-004
 1.19939191e+003 2.67315036e-015 4.69689754e-016 7.61159051e-004
 1.20649323e+003 2.66710058e-015 4.70104096e-016 7.60379939e-004
 1.21359454e+003 2.66105833e-015 4.70500178e-016 7.59600831e-004
 1.22069585e+003 2.65502363e-015 4.70878200e-016 7.58821729e-004
 1.22779716e+003 2.64899647e-015 4.71238358e-016 7.58042630e-004
 1.23489847e+003 2.64297684e-015 4.71580850e-016 7.57263537e-004
 1.24199978e+003 2.63696476e-015 4.71905868e-016 7.56484448e-004
 1.24910109e+003 2.63096020e-015 4.72213606e-016 7.55705364e-004
 1.25620241e+003 2.62496318e-015 4.72504253e-016 7.54926284e-004
 1.26330372e+003 2.61897369e-015 4.72777999e-016 7.54147209e-004
 1.27040503e+003 2.61299172e-015 4.73035031e-016 7.53368139e-004
 1.27750634e+003 2.60701729e-015 4.73275534e-016 7.52589073e-004
 1.28460765e+003 2.60105038e-015 4.73499692e-016 7.51810012e-004
 1.29170896e+003 2.59509099e-015 4.73707688e-016 7.51030956e-004
 1.29881027e+003 2.58913913e-015 4.73899701e-016 7.50251904e-004
 1.30591158e+003 2.58319478e-015 4.74075910e-016 7.49472857e-004
 1.31301290e+003 2.57725796e-015 4.74236493e-016 7.48693815e-004
 1.32011421e+003 2.57132865e-015 4.74381624e-016 7.47914778e-004
 1.32721552e+003 2.56540686e-015 4.74511479e-016 7.47135745e-004
 1.33431683e+003 2.55949258e-015 4.74626230e-016 7.46356717e-004
 1.34141814e+003 2.55358581e-015 4.74726046e-016 7.45577694e-004
 1.34851945e+003 2.54768655e-015 4.74811098e-016 7.44798676e-004
 1.35562076e+003 2.54179480e-015 4.74881553e-016 7.44019662e-004
 1.36272208e+003 2.53591056e-015 4.74937578e-016 7.43240653e-004
 1.36982339e+003 2.53003383e-015 4.74979336e-016 7.42461649e-004
 1.37692470e+003 2.52416459e-015 4.75006991e-016 7.41682650e-004
 1.38402601e+003 2.51830286e-015 4.75020705e-016 7.40903656e-004
 1.39112732e+003 2.51244863e-015 4.75020638e-016 7.40124666e-004
 1.39822863e+003 2.50660190e-015 4.75006948e-016 7.39345682e-004
 1.40532994e+003 2.50076266e-015 4.74979792e-016 7.38566702e-004
 1.41243126e+003 2.49493092e-015 4.74939327e-016 7.37787727e-004
 1.41953257e+003 2.48910667e-015 4.74885706e-016 7.37008757e-004
 1.42663388e+003 2.48328991e-015 4.74819083e-016 7.36229792e-004
 1.43373519e+003 2.47748064e-015 4.74739608e-016 7.35450831e-004
 1.44083650e+003 2.47167886e-015 4.74647432e-016 7.34671876e-004
 1.44793781e+003 2.46588457e-015 4.74542704e-016 7.33892925e-004
 1.45503912e+003 2.46009776e-015 4.74425570e-016 7.33113980e-004
 1.46214043e+003 2.45431843e-015 4.74296177e-016 7.32335039e-004
 1.46924175e+003 2.44854658e-015 4.74154669e-016 7.31556103e-004
 1.47634306e+003 2.44278222e-015 4.74001190e-016 7.30777173e-004
 1.48344437e+003 2.43702533e-015 4.73835880e-016 7.29998247e-004
 1.49054568e+003 2.43127591e-015 4.73658881e-016 7.29219326e-004
 1.49764699e+003 2.42553397e-015 4.73470332e-016 7.28440410e-004
 1.50474830e+003 2.41979950e-015 4.73270371e-016 7.27661499e-004
 1.51184961e+003 2.41407251e-015 4.73059134e-016 7.26882594e-004
 1.51895093e+003 2.40835298e-015 4.72836756e-016 7.26103693e-004
 1.52605224e+003 2.40264091e-015 4.72603373e-016 7.25324797e-004
 1.53315355e+003 2.39693632e-015 4.72359115e-016 7.24545906e-004
 1.54025486e+003 2.39123919e-015 4.72104116e-016 7.23767021e-004
 1.54735617e+003 2.38554951e-015 4.71838505e-016 7.22988140e-004
 1.55445748e+003 2.37986730e-015 4.71562411e-016 7.22209265e-004
 1.56155879e+003 2.37419255e-015 4.71275962e-016 7.21430394e-004
 1.56866010e+003 2.36852525e-015 4.70979285e-016 7.20651529e-004
 1.57576142e+003 2.36286541e-015 4.70672505e-016 7.19872668e-004
 1.58286273e+003 2.35721302e-015 4.70355747e-016 7.19093813e-004
 1.58996404e+003 2.35156808e-015 4.70029133e-016 7.18314963e-004
 1.59706535e+003 2.34593059e-015 4.69692785e-016 7.17536118e-004
 1.60416666e+003 2.34030055e-015 4.69346824e-016 7.16757279e-004
 1.61126797e+003 2.33467796e-015 4.68991370e-016 7.15978444e-004
 1.61836928e+003 2.32906281e-015 4.68626541e-016 7.15199615e-004
 1.62547060e+003 2.32345510e-015 4.68252455e-016 7.14420790e-004
 1.63257191e+003 2.31785483e-015 4.67869227e-016 7.13641971e-004
 1.63967322e+003 2.31226200e-015 4.67476972e-016 7.12863158e-004
 1.64677453e+003 2.30667661e-015 4.67075805e-016 7.12084349e-004
 1.65387584e+003 2.30109865e-015 4.66665839e-016 7.11305546e-004
 1.66097715e+003 2.29552813e-015 4.66247185e-016 7.10526747e-004
 1.66807846e+003 2.28996504e-015 4.65819953e-016 7.09747955e-004
 1.67517977e+003 2.28440937e-015 4.65384254e-016 7.08969167e-004
 1.68228109e+003 2.27886114e-015 4.64940197e-016 7.08190385e-004
 1.68938240e+003 2.27332033e-015 4.64487888e-016 7.07411607e-004
 1.69648371e+003 2.26778695e-015 4.64027434e-016 7.06632836e-004
 1.70358502e+003 2.26226099e-015 4.63558941e-016 7.05854069e-004
 1.71068633e+003 2.25674245e-015 4.63082513e-016 7.05075308e-004
 1.71778764e+003 2.25123133e-015 4.62598254e-016 7.04296552e-004
 1.72488895e+003 2.24572763e-015 4.62106265e-016 7.03517802e-004
 1.73199027e+003 2.24023134e-015 4.61606649e-016 7.02739057e-004
 1.73909158e+003 2.23474247e-015 4.61099506e-016 7.01960317e-004
 1.74619289e+003 2.22926101e-015 4.60584935e-016 7.01181582e-004
 1.75329420e+003 2.22378695e-015 4.60063036e-016 7.00402853e-004
 1.76039551e+003 2.21832031e-015 4.59533904e-016 6.99624130e-004
 1.76749682e+003 2.21286108e-015 4.58997637e-016 6.98845412e-004
 1.77459813e+003 2.20740925e-015 4.58454332e-016 6.98066699e-004
 1.78169944e+003 2.20196482e-015 4.57904081e-016 6.97287992e-004
 1.78880076e+003 2.19652779e-015 4.57346980e-016 6.96509290e-004
 1.79590207e+003 2.19109816e-015 4.56783120e-016 6.95730593e-004
 1.80300338e+003 2.18567593e-015 4.56212594e-016 6.94951902e-004
 1.81010469e+003 2.18026110e-015 4.55635494e-016 6.94173217e-004
 1.81720600e+003 2.17485366e-015 4.55051908e-016 6.93394537e-004
 1.82430731e+003 2.16945361e-015 4.54461927e-016 6.92615862e-004
 1.83140862e+003 2.16406095e-015 4.53865639e-016 6.91837193e-004
 1.83850994e+003 2.15867568e-015 4.53263130e-016 6.91058530e-004
 1.84561125e+003 2.15329780e-015 4.52654489e-016 6.90279872e-004
 1.85271256e+003 2.14792730e-015 4.52039800e-016 6.89501220e-004
 1.85981387e+003 2.14256419e-015 4.51419149e-016 6.88722573e-004
 1.86691518e+003 2.13720846e-015 4.50792619e-016 6.87943932e-004
 1.87401649e+003 2.13186010e-015 4.50160294e-016 6.87165297e-004
 1.88111780e+003 2.12651913e-015 4.49522257e-016 6.86386667e-004
 1.88821912e+003 2.12118553e-015 4.48878588e-016 6.85608042e-004
 1.89532043e+003 2.11585930e-015 4.48229369e-016 6.84829424e-004
 1.90242174e+003 2.11054045e-015 4.47574680e-016 6.84050811e-004
 1.90952305e+003 2.10522896e-015 4.46914599e-016 6.83272203e-004
 1.91662436e+003 2.09992485e-015 4.46249206e-016 6.82493602e-004
 1.92372567e+003 2.09462810e-015 4.45578578e-016 6.81715006e-004
 1.93082698e+003 2.08933871e-015 4.44902790e-016 6.80936415e-004
 1.93792829e+003 2.08405669e-015 4.44221921e-016 6.80157831e-004
 1.94502961e+003 2.07878203e-015 4.43536045e-016 6.79379252e-004
 1.95213092e+003 2.07351473e-015 4.42845235e-016 6.78600679e-004
 1.95923223e+003 2.06825478e-015 4.42149568e-016 6.77822111e-004
 1.96633354e+003 2.06300220e-015 4.41449114e-016 6.77043550e-004
 1.97343485e+003 2.05775696e-015 4.40743947e-016 6.76264994e-004
 1.98053616e+003 2.05251908e-015 4.40034137e-016 6.75486444e-004
 1.98763747e+003 2.04728855e-015 4.39319757e-016 6.74707899e-004
 1.99473879e+003 2.04206536e-015 4.38600875e-016 6.73929361e-004
 2.00184010e+003 2.03684952e-015 4.37877562e-016 6.73150828e-004
 2.00894141e+003 2.03164103e-015 4.37149886e-016 6.72372302e-004
 2.01604272e+003 2.02643988e-015 4.36417915e-016 6.71593781e-004
 2.02314403e+003 2.02124607e-015 4.35681716e-016 6.70815266e-004
 2.03024534e+003 2.01605959e-015 4.34941357e-016 6.70036756e-004
 2.03734665e+003 2.01088046e-015 4.34196902e-016 6.69258253e-004
 2.04444796e+003 2.00570866e-015 4.33448417e-016 6.68479756e-004
 2.05154928e+003 2.00054419e-015 4.32695966e-016 6.67701264e-004
 2.05865059e+003 1.99538706e-015 4.31939615e-016 6.66922779e-004
 2.06575190e+003 1.99023725e-015 4.31179425e-016 6.66144299e-004
 2.07285321e+003 1.98509477e-015 4.30415459e-016 6.65365826e-004
 2.07995452e+003 1.97995962e-015 4.29647780e-016 6.64587358e-004
 2.08705583e+003 1.97483179e-015 4.28876449e-016 6.63808896e-004
 2.09415714e+003 1.96971128e-015 4.28101526e-016 6.63030441e-004
 2.10125846e+003 1.96459810e-015 4.27323072e-016 6.62251991e-004
 2.10835977e+003 1.95949223e-015 4.26541146e-016 6.61473548e-004
 2.11546108e+003 1.95439367e-015 4.25755806e-016 6.60695110e-004
 2.12256239e+003 1.94930244e-015 4.24967111e-016 6.59916679e-004
 2.12966370e+003 1.94421851e-015 4.24175119e-016 6.59138253e-004
 2.13676501e+003 1.93914190e-015 4.23379887e-016 6.58359834e-004
 2.14386632e+003 1.93407259e-015 4.22581471e-016 6.57581421e-004
 2.15096763e+003 1.92901059e-015 4.21779926e-016 6.56803014e-004
 2.15806895e+003 1.92395590e-015 4.20975309e-016 6.56024613e-004
 2.16517026e+003 1.91890851e-015 4.20167673e-016 6.55246218e-004
 2.17227157e+003 1.91386842e-015 4.19357073e-016 6.54467830e-004
 2.17937288e+003 1.90883563e-015 4.18543562e-016 6.53689447e-004
 2.18647419e+003 1.90381013e-015 4.17727194e-016 6.52911071e-004
 2.19357550e+003 1.89879193e-015 4.16908021e-016 6.52132701e-004
 2.20067681e+003 1.89378103e-015 4.16086094e-016 6.51354337e-004
 2.20777813e+003 1.88877742e-015 4.15261465e-016 6.50575979e-004
 2.21487944e+003 1.88378109e-015 4.14434185e-016 6.49797628e-004
 2.22198075e+003 1.87879206e-015 4.13604304e-016 6.49019283e-004
 2.22908206e+003 1.87381031e-015 4.12771871e-016 6.48240944e-004
 2.23618337e+003 1.86883585e-015 4.11936936e-016 6.47462612e-004
 2.24328468e+003 1.86386866e-015 4.11099548e-016 6.46684286e-004
 2.25038599e+003 1.85890876e-015 4.10259754e-016 6.45905966e-004
 2.25748730e+003 1.85395614e-015 4.09417602e-016 6.45127652e-004
 2.26458862e+003 1.84901079e-015 4.08573140e-016 6.44349345e-004
 2.27168993e+003 1.84407271e-015 4.07726414e-016 6.43571044e-004
 2.27879124e+003 1.83914191e-015 4.06877469e-016 6.42792750e-004
 2.28589255e+003 1.83421838e-015 4.06026352e-016 6.42014462e-004
 2.29299386e+003 1.82930212e-015 4.05173109e-016 6.41236180e-004
 2.30009517e+003 1.82439312e-015 4.04317782e-016 6.40457905e-004
 2.30719648e+003 1.81949139e-015 4.03460417e-016 6.39679636e-004
 2.31429780e+003 1.81459692e-015 4.02601058e-016 6.38901374e-004
 2.32139911e+003 1.80970972e-015 4.01739747e-016 6.38123118e-004
 2.32850042e+003 1.80482977e-015 4.00876527e-016 6.37344869e-004
 2.33560173e+003 1.79995708e-015 4.00011441e-016 6.36566626e-004
 2.34270304e+003 1.79509164e-015 3.99144530e-016 6.35788390e-004
 2.34980435e+003 1.79023346e-015 3.98275836e-016 6.35010161e-004
 2.35690566e+003 1.78538252e-015 3.97405400e-016 6.34231937e-004
 2.36400698e+003 1.78053884e-015 3.96533262e-016 6.33453721e-004
 2.37110829e+003 1.77570241e-015 3.95659462e-016 6.32675511e-004
 2.37820960e+003 1.77087322e-015 3.94784040e-016 6.31897307e-004
 2.38531091e+003 1.76605127e-015 3.93907036e-016 6.31119111e-004
 2.39241222e+003 1.76123656e-015 3.93028487e-016 6.30340921e-004
 2.39951353e+003 1.75642910e-015 3.92148432e-016 6.29562737e-004
 2.40661484e+003 1.75162887e-015 3.91266910e-016 6.28784560e-004
 2.41371615e+003 1.74683587e-015 3.90383957e-016 6.28006390e-004
 2.42081747e+003 1.74205011e-015 3.89499611e-016 6.27228227e-004
 2.42791878e+003 1.73727159e-015 3.88613908e-016 6.26450070e-004
 2.43502009e+003 1.73250029e-015 3.87726885e-016 6.25671920e-004
 2.44212140e+003 1.72773622e-015 3.86838577e-016 6.24893777e-004
 2.44922271e+003 1.72297937e-015 3.85949020e-016 6.24115641e-004
 2.45632402e+003 1.71822975e-015 3.85058250e-016 6.23337511e-004
 2.46342533e+003 1.71348735e-015 3.84166300e-016 6.22559388e-004
 2.47052665e+003 1.70875217e-015 3.83273205e-016 6.21781272e-004
 2.47762796e+003 1.70402421e-015 3.82379000e-016 6.21003163e-004
 2.48472927e+003 1.69930346e-015 3.81483717e-016 6.20225061e-004
 2.49183058e+003 1.69458992e-015 3.80587390e-016 6.19446965e-004
 2.49893189e+003 1.68988360e-015 3.79690051e-016 6.18668877e-004
 2.50603320e+003 1.68518449e-015 3.78791733e-016 6.17890795e-004
 2.51313451e+003 1.68049259e-015 3.77892469e-016 6.17112720e-004
 2.52023582e+003 1.67580789e-015 3.76992289e-016 6.16334652e-004
 2.52733714e+003 1.67113040e-015 3.76091226e-016 6.15556592e-004
 2.53443845e+003 1.66646010e-015 3.75189310e-016 6.14778538e-004
 2.54153976e+003 1.66179701e-015 3.74286572e-016 6.14000491e-004
 2.54864107e+003 1.65714111e-015 3.73383042e-016 6.13222451e-004
 2.55574238e+003 1.65249242e-015 3.72478750e-016 6.12444418e-004
 2.56284369e+003 1.64785091e-015 3.71573726e-016 6.11666392e-004
 2.56994500e+003 1.64321660e-015 3.70668000e-016 6.10888373e-004
 2.57704632e+003 1.63858947e-015 3.69761599e-016 6.10110362e-004
 2.58414763e+003 1.63396954e-015 3.68854553e-016 6.09332357e-004
 2.59124894e+003 1.62935679e-015 3.67946891e-016 6.08554360e-004
 2.59835025e+003 1.62475122e-015 3.67038639e-016 6.07776369e-004
 2.60545156e+003 1.62015283e-015 3.66129827e-016 6.06998386e-004
 2.61255287e+003 1.61556163e-015 3.65220480e-016 6.06220410e-004
 2.61965418e+003 1.61097760e-015 3.64310627e-016 6.05442441e-004
 2.62675549e+003 1.60640075e-015 3.63400294e-016 6.04664480e-004
 2.63385681e+003 1.60183107e-015 3.62489507e-016 6.03886525e-004
 2.64095812e+003 1.59726856e-015 3.61578292e-016 6.03108578e-004
 2.64805943e+003 1.59271323e-015 3.60666676e-016 6.02330638e-004
 2.65516074e+003 1.58816506e-015 3.59754684e-016 6.01552706e-004
 2.66226205e+003 1.58362405e-015 3.58842341e-016 6.00774781e-004
 2.66936336e+003 1.57909021e-015 3.57929672e-016 5.99996863e-004
 2.67646467e+003 1.57456353e-015 3.57016702e-016 5.99218952e-004
 2.68356599e+003 1.57004401e-015 3.56103455e-016 5.98441049e-004
 2.69066730e+003 1.56553165e-015 3.55189955e-016 5.97663153e-004
 2.69776861e+003 1.56102644e-015 3.54276227e-016 5.96885264e-004
 2.70486992e+003 1.55652839e-015 3.53362292e-016 5.96107383e-004
 2.71197123e+003 1.55203748e-015 3.52448176e-016 5.95329509e-004
 2.71907254e+003 1.54755373e-015 3.51533900e-016 5.94551643e-004
 2.72617385e+003 1.54307712e-015 3.50619488e-016 5.93773784e-004
 2.73327516e+003 1.53860766e-015 3.49704962e-016 5.92995933e-004
 2.74037648e+003 1.53414534e-015 3.48790344e-016 5.92218089e-004
 2.74747779e+003 1.52969016e-015 3.47875657e-016 5.91440253e-004
 2.75457910e+003 1.52524212e-015 3.46960921e-016 5.90662424e-004
 2.76168041e+003 1.52080122e-015 3.46046158e-016 5.89884603e-004
 2.76878172e+003 1.51636745e-015 3.45131389e-016 5.89106790e-004
 2.77588303e+003 1.51194082e-015 3.44216636e-016 5.88328984e-004
 2.78298434e+003 1.50752131e-015 3.43301919e-016 5.87551185e-004
 2.79008566e+003 1.50310894e-015 3.42387258e-016 5.86773395e-004
 2.79718697e+003 1.49870369e-015 3.41472673e-016 5.85995612e-004
 2.80428828e+003 1.49430556e-015 3.40558185e-016 5.85217836e-004
 2.81138959e+003 1.48991456e-015 3.39643813e-016 5.84440069e-004
 2.81849090e+003 1.48553067e-015 3.38729577e-016 5.83662309e-004
 2.82559221e+003 1.48115391e-015 3.37815496e-016 5.82884557e-004
 2.83269352e+003 1.47678426e-015 3.36901588e-016 5.82106812e-004
 2.83979484e+003 1.47242172e-015 3.35987873e-016 5.81329076e-004
 2.84689615e+003 1.46806630e-015 3.35074370e-016 5.80551347e-004
 2.85399746e+003 1.46371799e-015 3.34161095e-016 5.79773626e-004
 2.86109877e+003 1.45937678e-015 3.33248069e-016 5.78995913e-004
 2.86820008e+003 1.45504268e-015 3.32335308e-016 5.78218208e-004
 2.87530139e+003 1.45071568e-015 3.31422830e-016 5.77440510e-004
 2.88240270e+003 1.44639578e-015 3.30510652e-016 5.76662821e-004
 2.88950401e+003 1.44208299e-015 3.29598793e-016 5.75885139e-004
 2.89660533e+003 1.43777729e-015 3.28687268e-016 5.75107466e-004
 2.90370664e+003 1.43347868e-015 3.27776095e-016 5.74329800e-004
 2.91080795e+003 1.42918717e-015 3.26865290e-016 5.73552143e-004
 2.91790926e+003 1.42490275e-015 3.25954870e-016 5.72774493e-004
 2.92501057e+003 1.42062542e-015 3.25044851e-016 5.71996852e-004
 2.93211188e+003 1.41635517e-015 3.24135249e-016 5.71219218e-004
 2.93921319e+003 1.41209201e-015 3.23226079e-016 5.70441593e-004
 2.94631451e+003 1.40783593e-015 3.22317358e-016 5.69663976e-004
 2.95341582e+003 1.40358693e-015 3.21409101e-016 5.68886366e-004
 2.96051713e+003 1.39934501e-015 3.20501323e-016 5.68108765e-004
 2.96761844e+003 1.39511016e-015 3.19594038e-016 5.67331173e-004
 2.97471975e+003 1.39088239e-015 3.18687263e-016 5.66553588e-004
 2.98182106e+003 1.38666169e-015 3.17781012e-016 5.65776012e-004
 2.98892237e+003 1.38244806e-015 3.16875298e-016 5.64998443e-004
 2.99602368e+003 1.37824149e-015 3.15970137e-016 5.64220884e-004
 3.00312500e+003 1.37404199e-015 3.15065543e-016 5.63443332e-004
 3.01022631e+003 1.36984956e-015 3.14161529e-016 5.62665789e-004
 3.01732762e+003 1.36566418e-015 3.13258109e-016 5.61888254e-004
 3.02442893e+003 1.36148587e-015 3.12355298e-016 5.61110727e-004
 3.03153024e+003 1.35731461e-015 3.11453107e-016 5.60333209e-004
 3.03863155e+003 1.35315040e-015 3.10551551e-016 5.59555699e-004
 3.04573286e+003 1.34899325e-015 3.09650643e-016 5.58778197e-004
 3.05283418e+003 1.34484315e-015 3.08750396e-016 5.58000704e-004
 3.05993549e+003 1.34070009e-015 3.07850822e-016 5.57223220e-004
 3.06703680e+003 1.33656408e-015 3.06951934e-016 5.56445744e-004
 3.07413811e+003 1.33243512e-015 3.06053745e-016 5.55668276e-004
 3.08123942e+003 1.32831319e-015 3.05156266e-016 5.54890817e-004
 3.08834073e+003 1.32419831e-015 3.04259510e-016 5.54113367e-004
 3.09544204e+003 1.32009046e-015 3.03363490e-016 5.53335925e-004
 3.10254335e+003 1.31598964e-015 3.02468215e-016 5.52558492e-004
 3.10964467e+003 1.31189586e-015 3.01573699e-016 5.51781067e-004
 3.11674598e+003 1.30780911e-015 3.00679954e-016 5.51003651e-004
 3.12384729e+003 1.30372939e-015 2.99786989e-016 5.50226244e-004
 3.13094860e+003 1.29965670e-015 2.98894816e-016 5.49448845e-004
 3.13804991e+003 1.29559102e-015 2.98003448e-016 5.48671456e-004
 3.14515122e+003 1.29153237e-015 2.97112893e-016 5.47894074e-004
 3.15225253e+003 1.28748074e-015 2.96223164e-016 5.47116702e-004
 3.15935385e+003 1.28343613e-015 2.95334271e-016 5.46339339e-004
 3.16645516e+003 1.27939853e-015 2.94446225e-016 5.45561984e-004
 3.17355647e+003 1.27536795e-015 2.93559035e-016 5.44784638e-004
 3.18065778e+003 1.27134437e-015 2.92672712e-016 5.44007301e-004
 3.18775909e+003 1.26732781e-015 2.91787266e-016 5.43229973e-004
 3.19486040e+003 1.26331825e-015 2.90902707e-016 5.42452654e-004
 3.20196171e+003 1.25931569e-015 2.90019046e-016 5.41675344e-004
 3.20906302e+003 1.25532014e-015 2.89136291e-016 5.40898043e-004
 3.21616434e+003 1.25133159e-015 2.88254452e-016 5.40120750e-004
 3.22326565e+003 1.24735003e-015 2.87373538e-016 5.39343467e-004
 3.23036696e+003 1.24337547e-015 2.86493560e-016 5.38566193e-004
 3.23746827e+003 1.23940790e-015 2.85614526e-016 5.37788928e-004
 3.24456958e+003 1.23544732e-015 2.84736445e-016 5.37011672e-004
 3.25167089e+003 1.23149373e-015 2.83859326e-016 5.36234425e-004
 3.25877220e+003 1.22754713e-015 2.82983178e-016 5.35457188e-004
 3.26587352e+003 1.22360751e-015 2.82108010e-016 5.34679959e-004
 3.27297483e+003 1.21967488e-015 2.81233831e-016 5.33902740e-004
 3.28007614e+003 1.21574922e-015 2.80360648e-016 5.33125530e-004
 3.28717745e+003 1.21183054e-015 2.79488470e-016 5.32348329e-004
 3.29427876e+003 1.20791883e-015 2.78617306e-016 5.31571138e-004
 3.30138007e+003 1.20401410e-015 2.77747163e-016 5.30793956e-004
 3.30848138e+003 1.20011634e-015 2.76878050e-016 5.30016783e-004
 3.31558270e+003 1.19622555e-015 2.76009974e-016 5.29239620e-004
 3.32268401e+003 1.19234172e-015 2.75142944e-016 5.28462466e-004
 3.32978532e+003 1.18846486e-015 2.74276966e-016 5.27685321e-004
 3.33688663e+003 1.18459496e-015 2.73412049e-016 5.26908186e-004
 3.34398794e+003 1.18073201e-015 2.72548200e-016 5.26131060e-004
 3.35108925e+003 1.17687603e-015 2.71685427e-016 5.25353944e-004
 3.35819056e+003 1.17302700e-015 2.70823736e-016 5.24576838e-004
 3.36529187e+003 1.16918492e-015 2.69963135e-016 5.23799740e-004
 3.37239319e+003 1.16534979e-015 2.69103631e-016 5.23022653e-004
 3.37949450e+003 1.16152161e-015 2.68245231e-016 5.22245575e-004
 3.38659581e+003 1.15770037e-015 2.67387942e-016 5.21468507e-004
 3.39369712e+003 1.15388608e-015 2.66531771e-016 5.20691449e-004
 3.40079843e+003 1.15007873e-015 2.65676723e-016 5.19914400e-004
 3.40789974e+003 1.14627832e-015 2.64822807e-016 5.19137361e-004
 3.41500105e+003 1.14248485e-015 2.63970028e-016 5.18360331e-004
 3.42210237e+003 1.13869830e-015 2.63118392e-016 5.17583312e-004
 3.42920368e+003 1.13491870e-015 2.62267907e-016 5.16806302e-004
 3.43630499e+003 1.13114602e-015 2.61418578e-016 5.16029302e-004
 3.44340630e+003 1.12738026e-015 2.60570412e-016 5.15252312e-004
 3.45050761e+003 1.12362144e-015 2.59723414e-016 5.14475332e-004
 3.45760892e+003 1.11986953e-015 2.58877590e-016 5.13698362e-004
 3.46471023e+003 1.11612455e-015 2.58032946e-016 5.12921402e-004
 3.47181154e+003 1.11238648e-015 2.57189489e-016 5.12144452e-004
 3.47891286e+003 1.10865533e-015 2.56347224e-016 5.11367512e-004
 3.48601417e+003 1.10493109e-015 2.55506155e-016 5.10590582e-004
 3.49311548e+003 1.10121376e-015 2.54666290e-016 5.09813662e-004
 3.50021679e+003 1.09750335e-015 2.53827633e-016 5.09036752e-004
 3.50731810e+003 1.09379983e-015 2.52990190e-016 5.08259852e-004
 3.51441941e+003 1.09010323e-015 2.52153966e-016 5.07482963e-004
 3.52152072e+003 1.08641352e-015 2.51318966e-016 5.06706084e-004
 3.52862204e+003 1.08273071e-015 2.50485195e-016 5.05929214e-004
 3.53572335e+003 1.07905480e-015 2.49652659e-016 5.05152356e-004
 3.54282466e+003 1.07538579e-015 2.48821362e-016 5.04375507e-004
 3.54992597e+003 1.07172367e-015 2.47991310e-016 5.03598669e-004
 3.55702728e+003 1.06806843e-015 2.47162506e-016 5.02821841e-004
 3.56412859e+003 1.06442009e-015 2.46334957e-016 5.02045024e-004
 3.57122990e+003 1.06077863e-015 2.45508666e-016 5.01268217e-004
 3.57833121e+003 1.05714405e-015 2.44683638e-016 5.00491420e-004
 3.58543253e+003 1.05351635e-015 2.43859878e-016 4.99714634e-004
 3.59253384e+003 1.04989553e-015 2.43037390e-016 4.98937859e-004
 3.59963515e+003 1.04628159e-015 2.42216179e-016 4.98161094e-004
 3.60673646e+003 1.04267452e-015 2.41396249e-016 4.97384340e-004
 3.61383777e+003 1.03907432e-015 2.40577604e-016 4.96607596e-004
 3.62093908e+003 1.03548099e-015 2.39760248e-016 4.95830863e-004
 3.62804039e+003 1.03189453e-015 2.38944186e-016 4.95054141e-004
 3.63514171e+003 1.02831493e-015 2.38129422e-016 4.94277429e-004
 3.64224302e+003 1.02474219e-015 2.37315959e-016 4.93500728e-004
 3.64934433e+003 1.02117631e-015 2.36503801e-016 4.92724038e-004
 3.65644564e+003 1.01761729e-015 2.35692954e-016 4.91947359e-004
 3.66354695e+003 1.01406512e-015 2.34883419e-016 4.91170690e-004
 3.67064826e+003 1.01051980e-015 2.34075201e-016 4.90394033e-004
 3.67774957e+003 1.00698134e-015 2.33268305e-016 4.89617386e-004
 3.68485088e+003 1.00344972e-015 2.32462732e-016 4.88840751e-004
 3.69195220e+003 9.99924941e-016 2.31658487e-016 4.88064126e-004
 3.69905351e+003 9.96407008e-016 2.30855574e-016 4.87287512e-004
 3.70615482e+003 9.92895914e-016 2.30053996e-016 4.86510910e-004
 3.71325613e+003 9.89391658e-016 2.29253756e-016 4.85734318e-004
 3.72035744e+003 9.85894237e-016 2.28454858e-016 4.84957738e-004
 3.72745875e+003 9.82403649e-016 2.27657304e-016 4.84181169e-004
 3.73456006e+003 9.78919891e-016 2.26861099e-016 4.83404611e-004
 3.74166138e+003 9.75442960e-016 2.26066246e-016 4.82628064e-004
 3.74876269e+003 9.71972855e-016 2.25272746e-016 4.81851529e-004
 3.75586400e+003 9.68509572e-016 2.24480605e-016 4.81075005e-004
 3.76296531e+003 9.65053110e-016 2.23689824e-016 4.80298492e-004
 3.77006662e+003 9.61603466e-016 2.22900406e-016 4.79521990e-004
 3.77716793e+003 9.58160637e-016 2.22112355e-016 4.78745500e-004
 3.78426924e+003 9.54724621e-016 2.21325674e-016 4.77969022e-004
 3.79137056e+003 9.51295416e-016 2.20540364e-016 4.77192555e-004
 3.79847187e+003 9.47873019e-016 2.19756430e-016 4.76416099e-004
 3.80557318e+003 9.44457428e-016 2.18973873e-016 4.75639655e-004
 3.81267449e+003 9.41048640e-016 2.18192697e-016 4.74863223e-004
 3.81977580e+003 9.37646652e-016 2.17412903e-016 4.74086802e-004
 3.82687711e+003 9.34251463e-016 2.16634495e-016 4.73310393e-004
 3.83397842e+003 9.30863069e-016 2.15857476e-016 4.72533996e-004
 3.84107973e+003 9.27481469e-016 2.15081847e-016 4.71757610e-004
 3.84818105e+003 9.24106660e-016 2.14307611e-016 4.70981236e-004
 3.85528236e+003 9.20738639e-016 2.13534770e-016 4.70204875e-004
 3.86238367e+003 9.17377403e-016 2.12763327e-016 4.69428524e-004
 3.86948498e+003 9.14022952e-016 2.11993285e-016 4.68652186e-004
 3.87658629e+003 9.10675280e-016 2.11224645e-016 4.67875860e-004
 3.88368760e+003 9.07334388e-016 2.10457409e-016 4.67099546e-004
 3.89078891e+003 9.04000271e-016 2.09691581e-016 4.66323244e-004
 3.89789023e+003 9.00672927e-016 2.08927161e-016 4.65546953e-004
 3.90499154e+003 8.97352355e-016 2.08164152e-016 4.64770675e-004
 3.91209285e+003 8.94038550e-016 2.07402557e-016 4.63994410e-004
 3.91919416e+003 8.90731512e-016 2.06642377e-016 4.63218156e-004
 3.92629547e+003 8.87431237e-016 2.05883613e-016 4.62441914e-004
 3.93339678e+003 8.84137722e-016 2.05126270e-016 4.61665685e-004
 3.94049809e+003 8.80850966e-016 2.04370347e-016 4.60889468e-004
 3.94759940e+003 8.77570965e-016 2.03615847e-016 4.60113264e-004
 3.95470072e+003 8.74297718e-016 2.02862771e-016 4.59337071e-004
 3.96180203e+003 8.71031221e-016 2.02111122e-016 4.58560892e-004
 3.96890334e+003 8.67771472e-016 2.01360902e-016 4.57784724e-004
 3.97600465e+003 8.64518469e-016 2.00612112e-016 4.57008569e-004
 3.98310596e+003 8.61272209e-016 1.99864753e-016 4.56232427e-004
 3.99020727e+003 8.58032689e-016 1.99118828e-016 4.55456298e-004
 3.99730858e+003 8.54799908e-016 1.98374337e-016 4.54680181e-004
 4.00440990e+003 8.51573861e-016 1.97631284e-016 4.53904076e-004
 4.01151121e+003 8.48354547e-016 1.96889668e-016 4.53127985e-004
 4.01861252e+003 8.45141964e-016 1.96149492e-016 4.52351906e-004
 4.02571383e+003 8.41936108e-016 1.95410757e-016 4.51575840e-004
 4.03281514e+003 8.38736978e-016 1.94673465e-016 4.50799787e-004
 4.03991645e+003 8.35544569e-016 1.93937617e-016 4.50023746e-004
 4.04701776e+003 8.32358881e-016 1.93203215e-016 4.49247719e-004
 4.05411907e+003 8.29179910e-016 1.92470259e-016 4.48471705e-004
 4.06122039e+003 8.26007654e-016 1.91738751e-016 4.47695703e-004
 4.06832170e+003 8.22842110e-016 1.91008693e-016 4.46919715e-004
 4.07542301e+003 8.19683275e-016 1.90280086e-016 4.46143740e-004
 4.08252432e+003 8.16531148e-016 1.89552930e-016 4.45367778e-004
 4.08962563e+003 8.13385725e-016 1.88827228e-016 4.44591829e-004
 4.09672694e+003 8.10247003e-016 1.88102980e-016 4.43815894e-004
 4.10382825e+003 8.07114981e-016 1.87380188e-016 4.43039971e-004
 4.11092957e+003 8.03989655e-016 1.86658852e-016 4.42264063e-004
 4.11803088e+003 8.00871023e-016 1.85938974e-016 4.41488167e-004
 4.12513219e+003 7.97759083e-016 1.85220555e-016 4.40712285e-004
 4.13223350e+003 7.94653831e-016 1.84503595e-016 4.39936416e-004
 4.13933481e+003 7.91555265e-016 1.83788097e-016 4.39160561e-004
 4.14643612e+003 7.88463383e-016 1.83074061e-016 4.38384720e-004
 4.15353743e+003 7.85378181e-016 1.82361487e-016 4.37608892e-004
 4.16063874e+003 7.82299658e-016 1.81650377e-016 4.36833078e-004
 4.16774006e+003 7.79227810e-016 1.80940732e-016 4.36057277e-004
 4.17484137e+003 7.76162635e-016 1.80232553e-016 4.35281491e-004
 4.18194268e+003 7.73104130e-016 1.79525840e-016 4.34505718e-004
 4.18904399e+003 7.70052293e-016 1.78820594e-016 4.33729959e-004
 4.19614530e+003 7.67007120e-016 1.78116817e-016 4.32954214e-004
 4.20324661e+003 7.63968610e-016 1.77414509e-016 4.32178483e-004
 4.21034792e+003 7.60936759e-016 1.76713670e-016 4.31402766e-004
 4.21744924e+003 7.57911565e-016 1.76014302e-016 4.30627063e-004
 4.22455055e+003 7.54893026e-016 1.75316405e-016 4.29851374e-004
 4.23165186e+003 7.51881138e-016 1.74619980e-016 4.29075699e-004
 4.23875317e+003 7.48875899e-016 1.73925027e-016 4.28300038e-004
 4.24585448e+003 7.45877306e-016 1.73231548e-016 4.27524392e-004
 4.25295579e+003 7.42885356e-016 1.72539543e-016 4.26748760e-004
 4.26005710e+003 7.39900047e-016 1.71849013e-016 4.25973142e-004
 4.26715842e+003 7.36921376e-016 1.71159957e-016 4.25197539e-004
 4.27425973e+003 7.33949341e-016 1.70472378e-016 4.24421950e-004
 4.28136104e+003 7.30983938e-016 1.69786274e-016 4.23646376e-004
 4.28846235e+003 7.28025166e-016 1.69101648e-016 4.22870817e-004
 4.29556366e+003 7.25073020e-016 1.68418498e-016 4.22095272e-004
 4.30266497e+003 7.22127499e-016 1.67736827e-016 4.21319741e-004
 4.30976628e+003 7.19188600e-016 1.67056634e-016 4.20544226e-004
 4.31686759e+003 7.16256320e-016 1.66377920e-016 4.19768725e-004
 4.32396891e+003 7.13330656e-016 1.65700685e-016 4.18993239e-004
 4.33107022e+003 7.10411606e-016 1.65024930e-016 4.18217768e-004
 4.33817153e+003 7.07499167e-016 1.64350654e-016 4.17442312e-004
 4.34527284e+003 7.04593336e-016 1.63677860e-016 4.16666870e-004
 4.35237415e+003 7.01694110e-016 1.63006546e-016 4.15891444e-004
 4.35947546e+003 6.98801487e-016 1.62336713e-016 4.15116033e-004
 4.36657677e+003 6.95915464e-016 1.61668362e-016 4.14340638e-004
 4.37367809e+003 6.93036038e-016 1.61001493e-016 4.13565257e-004
 4.38077940e+003 6.90163206e-016 1.60336105e-016 4.12789892e-004
 4.38788071e+003 6.87296966e-016 1.59672201e-016 4.12014542e-004
 4.39498202e+003 6.84437314e-016 1.59009779e-016 4.11239207e-004
 4.40208333e+003 6.81584249e-016 1.58348840e-016 4.10463888e-004
 4.40918464e+003 6.78737767e-016 1.57689384e-016 4.09688584e-004
 4.41628595e+003 6.75897865e-016 1.57031412e-016 4.08913296e-004
 4.42338726e+003 6.73064541e-016 1.56374923e-016 4.08138024e-004
 4.43048858e+003 6.70237792e-016 1.55719918e-016 4.07362767e-004
 4.43758989e+003 6.67417615e-016 1.55066397e-016 4.06587526e-004
 4.44469120e+003 6.64604007e-016 1.54414360e-016 4.05812301e-004
 4.45179251e+003 6.61796966e-016 1.53763808e-016 4.05037092e-004
 4.45889382e+003 6.58996488e-016 1.53114740e-016 4.04261898e-004
 4.46599513e+003 6.56202571e-016 1.52467157e-016 4.03486721e-004
 4.47309644e+003 6.53415212e-016 1.51821058e-016 4.02711559e-004
 4.48019776e+003 6.50634409e-016 1.51176444e-016 4.01936414e-004
 4.48729907e+003 6.47860157e-016 1.50533315e-016 4.01161285e-004
 4.49440038e+003 6.45092456e-016 1.49891671e-016 4.00386172e-004
 4.50150169e+003 6.42331300e-016 1.49251512e-016 3.99611076e-004
 4.50860300e+003 6.39576689e-016 1.48612838e-016 3.98835995e-004
 4.51570431e+003 6.36828619e-016 1.47975649e-016 3.98060931e-004
 4.52280562e+003 6.34087087e-016 1.47339944e-016 3.97285884e-004
 4.52990693e+003 6.31352090e-016 1.46705725e-016 3.96510853e-004
 4.53700825e+003 6.28623625e-016 1.46072991e-016 3.95735839e-004
 4.54410956e+003 6.25901690e-016 1.45441742e-016 3.94960841e-004
 4.55121087e+003 6.23186282e-016 1.44811978e-016 3.94185860e-004
 4.55831218e+003 6.20477397e-016 1.44183699e-016 3.93410896e-004
 4.56541349e+003 6.17775034e-016 1.43556905e-016 3.92635949e-004
 4.57251480e+003 6.15079188e-016 1.42931595e-016 3.91861019e-004
 4.57961611e+003 6.12389858e-016 1.42307770e-016 3.91086105e-004
 4.58671743e+003 6.09707040e-016 1.41685430e-016 3.90311209e-004
 4.59381874e+003 6.07030731e-016 1.41064574e-016 3.89536330e-004
 4.60092005e+003 6.04360929e-016 1.40445203e-016 3.88761468e-004
 4.60802136e+003 6.01697630e-016 1.39827316e-016 3.87986623e-004
 4.61512267e+003 5.99040831e-016 1.39210913e-016 3.87211796e-004
 4.62222398e+003 5.96390531e-016 1.38595993e-016 3.86436986e-004
 4.62932529e+003 5.93746725e-016 1.37982558e-016 3.85662193e-004
 4.63642660e+003 5.91109411e-016 1.37370606e-016 3.84887418e-004
 4.64352792e+003 5.88478586e-016 1.36760138e-016 3.84112661e-004
 4.65062923e+003 5.85854247e-016 1.36151153e-016 3.83337921e-004
 4.65773054e+003 5.83236391e-016 1.35543651e-016 3.82563199e-004
 4.66483185e+003 5.80625015e-016 1.34937632e-016 3.81788495e-004
 4.67193316e+003 5.78020117e-016 1.34333096e-016 3.81013809e-004
 4.67903447e+003 5.75421692e-016 1.33730042e-016 3.80239140e-004
 4.68613578e+003 5.72829739e-016 1.33128470e-016 3.79464490e-004
 4.69323710e+003 5.70244253e-016 1.32528380e-016 3.78689858e-004
 4.70033841e+003 5.67665233e-016 1.31929772e-016 3.77915244e-004
 4.70743972e+003 5.65092676e-016 1.31332645e-016 3.77140648e-004
 4.71454103e+003 5.62526578e-016 1.30736999e-016 3.76366070e-004
 4.72164234e+003 5.59966936e-016 1.30142834e-016 3.75591511e-004
 4.72874365e+003 5.57413747e-016 1.29550149e-016 3.74816971e-004
 4.73584496e+003 5.54867009e-016 1.28958945e-016 3.74042448e-004
 4.74294628e+003 5.52326718e-016 1.28369221e-016 3.73267945e-004
 4.75004759e+003 5.49792871e-016 1.27780976e-016 3.72493460e-004
 4.75714890e+003 5.47265466e-016 1.27194211e-016 3.71718994e-004
 4.76425021e+003 5.44744498e-016 1.26608924e-016 3.70944547e-004
 4.77135152e+003 5.42229967e-016 1.26025117e-016 3.70170119e-004
 4.77845283e+003 5.39721867e-016 1.25442787e-016 3.69395709e-004
 4.78555414e+003 5.37220197e-016 1.24861935e-016 3.68621319e-004
 4.79265545e+003 5.34724952e-016 1.24282561e-016 3.67846948e-004
 4.79975677e+003 5.32236131e-016 1.23704664e-016 3.67072596e-004
 4.80685808e+003 5.29753730e-016 1.23128244e-016 3.66298264e-004
 4.81395939e+003 5.27277746e-016 1.22553300e-016 3.65523951e-004
 4.82106070e+003 5.24808176e-016 1.21979833e-016 3.64749657e-004
 4.82816201e+003 5.22345017e-016 1.21407841e-016 3.63975383e-004
 4.83526332e+003 5.19888265e-016 1.20837324e-016 3.63201128e-004
 4.84236463e+003 5.17437918e-016 1.20268282e-016 3.62426894e-004
 4.84946595e+003 5.14993973e-016 1.19700714e-016 3.61652679e-004
 4.85656726e+003 5.12556427e-016 1.19134620e-016 3.60878484e-004
 4.86366857e+003 5.10125276e-016 1.18570000e-016 3.60104309e-004
 4.87076988e+003 5.07700517e-016 1.18006853e-016 3.59330154e-004
 4.87787119e+003 5.05282148e-016 1.17445178e-016 3.58556019e-004
 4.88497250e+003 5.02870164e-016 1.16884975e-016 3.57781904e-004
 4.89207381e+003 5.00464564e-016 1.16326245e-016 3.57007810e-004
 4.89917512e+003 4.98065344e-016 1.15768985e-016 3.56233736e-004
 4.90627644e+003 4.95672500e-016 1.15213196e-016 3.55459682e-004
 4.91337775e+003 4.93286030e-016 1.14658878e-016 3.54685649e-004
 4.92047906e+003 4.90905931e-016 1.14106029e-016 3.53911637e-004
 4.92758037e+003 4.88532199e-016 1.13554650e-016 3.53137646e-004
 4.93468168e+003 4.86164831e-016 1.13004739e-016 3.52363675e-004
 4.94178299e+003 4.83803825e-016 1.12456297e-016 3.51589725e-004
 4.94888430e+003 4.81449176e-016 1.11909322e-016 3.50815797e-004
 4.95598562e+003 4.79100882e-016 1.11363815e-016 3.50041889e-004
 4.96308693e+003 4.76758939e-016 1.10819774e-016 3.49268003e-004
 4.97018824e+003 4.74423345e-016 1.10277200e-016 3.48494137e-004
 4.97728955e+003 4.72094096e-016 1.09736091e-016 3.47720294e-004
 4.98439086e+003 4.69771189e-016 1.09196448e-016 3.46946472e-004
 4.99149217e+003 4.67454621e-016 1.08658269e-016 3.46172671e-004
 4.99859348e+003 4.65144389e-016 1.08121554e-016 3.45398892e-004
 5.00569479e+003 4.62840489e-016 1.07586303e-016 3.44625135e-004
 5.01279611e+003 4.60542918e-016 1.07052514e-016 3.43851399e-004
 5.01989742e+003 4.58251673e-016 1.06520188e-016 3.43077686e-004
 5.02699873e+003 4.55966751e-016 1.05989324e-016 3.42303994e-004
 5.03410004e+003 4.53688148e-016 1.05459921e-016 3.41530325e-004
 5.04120135e+003 4.51415862e-016 1.04931979e-016 3.40756678e-004
 5.04830266e+003 4.49149888e-016 1.04405497e-016 3.39983054e-004
 5.05540397e+003 4.46890225e-016 1.03880474e-016 3.39209451e-004
 5.06250529e+003 4.44636868e-016 1.03356910e-016 3.38435872e-004
 5.06960660e+003 4.42389814e-016 1.02834805e-016 3.37662315e-004
 5.07670791e+003 4.40149060e-016 1.02314157e-016 3.36888781e-004
 5.08380922e+003 4.37914603e-016 1.01794966e-016 3.36115269e-004
 5.09091053e+003 4.35686440e-016 1.01277232e-016 3.35341781e-004
 5.09801184e+003 4.33464566e-016 1.00760954e-016 3.34568315e-004
 5.10511315e+003 4.31248980e-016 1.00246131e-016 3.33794873e-004
 5.11221446e+003 4.29039677e-016 9.97327623e-017 3.33021454e-004
 5.11931578e+003 4.26836654e-016 9.92208478e-017 3.32248059e-004
 5.12641709e+003 4.24639908e-016 9.87103867e-017 3.31474687e-004
 5.13351840e+003 4.22449436e-016 9.82013783e-017 3.30701338e-004
 5.14061971e+003 4.20265234e-016 9.76938220e-017 3.29928013e-004
 5.14772102e+003 4.18087299e-016 9.71877171e-017 3.29154712e-004
 5.15482233e+003 4.15915628e-016 9.66830630e-017 3.28381435e-004
 5.16192364e+003 4.13750217e-016 9.61798590e-017 3.27608182e-004
 5.16902496e+003 4.11591063e-016 9.56781045e-017 3.26834954e-004
 5.17612627e+003 4.09438163e-016 9.51777988e-017 3.26061749e-004
 5.18322758e+003 4.07291512e-016 9.46789412e-017 3.25288569e-004
 5.19032889e+003 4.05151109e-016 9.41815311e-017 3.24515413e-004
 5.19743020e+003 4.03016949e-016 9.36855678e-017 3.23742282e-004
 5.20453151e+003 4.00889029e-016 9.31910506e-017 3.22969175e-004
 5.21163282e+003 3.98767346e-016 9.26979788e-017 3.22196093e-004
 5.21873414e+003 3.96651896e-016 9.22063518e-017 3.21423037e-004
 5.22583545e+003 3.94542676e-016 9.17161689e-017 3.20650005e-004
 5.23293676e+003 3.92439682e-016 9.12274293e-017 3.19876998e-004
 5.24003807e+003 3.90342911e-016 9.07401323e-017 3.19104017e-004
 5.24713938e+003 3.88252361e-016 9.02542774e-017 3.18331061e-004
 5.25424069e+003 3.86168026e-016 8.97698637e-017 3.17558131e-004
 5.26134200e+003 3.84089904e-016 8.92868905e-017 3.16785227e-004
 5.26844331e+003 3.82017991e-016 8.88053572e-017 3.16012348e-004
 5.27554463e+003 3.79952284e-016 8.83252630e-017 3.15239495e-004
 5.28264594e+003 3.77892780e-016 8.78466072e-017 3.14466668e-004
 5.28974725e+003 3.75839474e-016 8.73693891e-017 3.13693867e-004
 5.29684856e+003 3.73792364e-016 8.68936080e-017 3.12921093e-004
 5.30394987e+003 3.71751446e-016 8.64192631e-017 3.12148344e-004
 5.31105118e+003 3.69716716e-016 8.59463537e-017 3.11375623e-004
 5.31815249e+003 3.67688172e-016 8.54748790e-017 3.10602928e-004
 5.32525381e+003 3.65665808e-016 8.50048384e-017 3.09830260e-004
 5.33235512e+003 3.63649623e-016 8.45362310e-017 3.09057619e-004
 5.33945643e+003 3.61639612e-016 8.40690562e-017 3.08285005e-004
 5.34655774e+003 3.59635772e-016 8.36033132e-017 3.07512418e-004
 5.35365905e+003 3.57638100e-016 8.31390012e-017 3.06739858e-004
 5.36076036e+003 3.55646591e-016 8.26761194e-017 3.05967326e-004
 5.36786167e+003 3.53661243e-016 8.22146672e-017 3.05194821e-004
 5.37496298e+003 3.51682051e-016 8.17546438e-017 3.04422345e-004
 5.38206430e+003 3.49709013e-016 8.12960483e-017 3.03649896e-004
 5.38916561e+003 3.47742124e-016 8.08388800e-017 3.02877475e-004
 5.39626692e+003 3.45781381e-016 8.03831382e-017 3.02105082e-004
 5.40336823e+003 3.43826781e-016 7.99288221e-017 3.01332717e-004
 5.41046954e+003 3.41878320e-016 7.94759309e-017 3.00560381e-004
 5.41757085e+003 3.39935994e-016 7.90244638e-017 2.99788074e-004
 5.42467216e+003 3.37999799e-016 7.85744200e-017 2.99015795e-004
 5.43177348e+003 3.36069733e-016 7.81257987e-017 2.98243545e-004
 5.43887479e+003 3.34145790e-016 7.76785993e-017 2.97471324e-004
 5.44597610e+003 3.32227969e-016 7.72328207e-017 2.96699132e-004
 5.45307741e+003 3.30316265e-016 7.67884624e-017 2.95926970e-004
 5.46017872e+003 3.28410674e-016 7.63455234e-017 2.95154837e-004
 5.46728003e+003 3.26511194e-016 7.59040030e-017 2.94382733e-004
 5.47438134e+003 3.24617819e-016 7.54639003e-017 2.93610660e-004
 5.48148265e+003 3.22730547e-016 7.50252146e-017 2.92838616e-004
 5.48858397e+003 3.20849373e-016 7.45879450e-017 2.92066602e-004
 5.49568528e+003 3.18974295e-016 7.41520907e-017 2.91294619e-004
 5.50278659e+003 3.17105308e-016 7.37176510e-017 2.90522665e-004
 5.50988790e+003 3.15242409e-016 7.32846249e-017 2.89750743e-004
 5.51698921e+003 3.13385594e-016 7.28530118e-017 2.88978851e-004
 5.52409052e+003 3.11534860e-016 7.24228106e-017 2.88206990e-004
 5.53119183e+003 3.09690201e-016 7.19940207e-017 2.87435160e-004
 5.53829315e+003 3.07851616e-016 7.15666411e-017 2.86663361e-004
 5.54539446e+003 3.06019100e-016 7.11406711e-017 2.85891593e-004
 5.55249577e+003 3.04192649e-016 7.07161099e-017 2.85119857e-004
 5.55959708e+003 3.02372260e-016 7.02929564e-017 2.84348153e-004
 5.56669839e+003 3.00557928e-016 6.98712101e-017 2.83576480e-004
 5.57379970e+003 2.98749651e-016 6.94508699e-017 2.82804840e-004
 5.58090101e+003 2.96947423e-016 6.90319350e-017 2.82033231e-004
 5.58800233e+003 2.95151243e-016 6.86144046e-017 2.81261655e-004
 5.59510364e+003 2.93361104e-016 6.81982779e-017 2.80490112e-004
 5.60220495e+003 2.91577005e-016 6.77835540e-017 2.79718601e-004
 5.60930626e+003 2.89798941e-016 6.73702319e-017 2.78947123e-004
 5.61640757e+003 2.88026907e-016 6.69583109e-017 2.78175678e-004
 5.62350888e+003 2.86260902e-016 6.65477901e-017 2.77404267e-004
 5.63061019e+003 2.84500919e-016 6.61386687e-017 2.76632889e-004
 5.63771150e+003 2.82746956e-016 6.57309456e-017 2.75861544e-004
 5.64481282e+003 2.80999009e-016 6.53246202e-017 2.75090233e-004
 5.65191413e+003 2.79257074e-016 6.49196915e-017 2.74318956e-004
 5.65901544e+003 2.77521147e-016 6.45161586e-017 2.73547714e-004
 5.66611675e+003 2.75791224e-016 6.41140206e-017 2.72776505e-004
 5.67321806e+003 2.74067301e-016 6.37132767e-017 2.72005331e-004
 5.68031937e+003 2.72349374e-016 6.33139260e-017 2.71234192e-004
 5.68742068e+003 2.70637440e-016 6.29159675e-017 2.70463088e-004
 5.69452200e+003 2.68931494e-016 6.25194005e-017 2.69692019e-004
 5.70162331e+003 2.67231532e-016 6.21242239e-017 2.68920985e-004
 5.70872462e+003 2.65537551e-016 6.17304370e-017 2.68149987e-004
 5.71582593e+003 2.63849547e-016 6.13380387e-017 2.67379024e-004
 5.72292724e+003 2.62167515e-016 6.09470283e-017 2.66608097e-004
 5.73002855e+003 2.60491452e-016 6.05574047e-017 2.65837207e-004
 5.73712986e+003 2.58821354e-016 6.01691671e-017 2.65066352e-004
 5.74423117e+003 2.57157216e-016 5.97823146e-017 2.64295534e-004
 5.75133249e+003 2.55499034e-016 5.93968463e-017 2.63524753e-004
 5.75843380e+003 2.53846805e-016 5.90127612e-017 2.62754009e-004
 5.76553511e+003 2.52200525e-016 5.86300584e-017 2.61983302e-004
 5.77263642e+003 2.50560190e-016 5.82487370e-017 2.61212632e-004
 5.77973773e+003 2.48925794e-016 5.78687960e-017 2.60442000e-004
 5.78683904e+003 2.47297336e-016 5.74902347e-017 2.59671406e-004
 5.79394035e+003 2.45674809e-016 5.71130519e-017 2.58900849e-004
 5.80104167e+003 2.44058211e-016 5.67372468e-017 2.58130331e-004
 5.80814298e+003 2.42447537e-016 5.63628185e-017 2.57359852e-004
 5.81524429e+003 2.40842783e-016 5.59897660e-017 2.56589411e-004
 5.82234560e+003 2.39243945e-016 5.56180883e-017 2.55819009e-004
 5.82944691e+003 2.37651019e-016 5.52477845e-017 2.55048646e-004
 5.83654822e+003 2.36064001e-016 5.48788538e-017 2.54278322e-004
 5.84364953e+003 2.34482886e-016 5.45112950e-017 2.53508038e-004
 5.85075084e+003 2.32907671e-016 5.41451073e-017 2.52737794e-004
 5.85785216e+003 2.31338351e-016 5.37802898e-017 2.51967589e-004
 5.86495347e+003 2.29774922e-016 5.34168413e-017 2.51197426e-004
 5.87205478e+003 2.28217380e-016 5.30547611e-017 2.50427302e-004
 5.87915609e+003 2.26665720e-016 5.26940481e-017 2.49657220e-004
 5.88625740e+003 2.25119939e-016 5.23347014e-017 2.48887178e-004
 5.89335871e+003 2.23580033e-016 5.19767200e-017 2.48117178e-004
 5.90046002e+003 2.22045996e-016 5.16201029e-017 2.47347219e-004
 5.90756134e+003 2.20517826e-016 5.12648491e-017 2.46577302e-004
 5.91466265e+003 2.18995516e-016 5.09109577e-017 2.45807427e-004
 5.92176396e+003 2.17479065e-016 5.05584277e-017 2.45037595e-004
 5.92886527e+003 2.15968466e-016 5.02072581e-017 2.44267805e-004
 5.93596658e+003 2.14463716e-016 4.98574479e-017 2.43498057e-004
 5.94306789e+003 2.12964810e-016 4.95089961e-017 2.42728353e-004
 5.95016920e+003 2.11471745e-016 4.91619018e-017 2.41958692e-004
 5.95727051e+003 2.09984515e-016 4.88161639e-017 2.41189075e-004
 5.96437183e+003 2.08503117e-016 4.84717814e-017 2.40419501e-004
 5.97147314e+003 2.07027546e-016 4.81287534e-017 2.39649972e-004
 5.97857445e+003 2.05557798e-016 4.77870788e-017 2.38880487e-004
 5.98567576e+003 2.04093869e-016 4.74467566e-017 2.38111047e-004
 5.99277707e+003 2.02635753e-016 4.71077859e-017 2.37341652e-004
 5.99987838e+003 2.01183447e-016 4.67701655e-017 2.36572302e-004
 6.00697969e+003 1.99736947e-016 4.64338946e-017 2.35802998e-004
 6.01408101e+003 1.98296247e-016 4.60989720e-017 2.35033739e-004
 6.02118232e+003 1.96861344e-016 4.57653967e-017 2.34264527e-004
 6.02828363e+003 1.95432232e-016 4.54331677e-017 2.33495361e-004
 6.03538494e+003 1.94008909e-016 4.51022841e-017 2.32726241e-004
 6.04248625e+003 1.92591368e-016 4.47727447e-017 2.31957169e-004
 6.04958756e+003 1.91179606e-016 4.44445485e-017 2.31188144e-004
 6.05668887e+003 1.89773618e-016 4.41176945e-017 2.30419167e-004
 6.06379019e+003 1.88373400e-016 4.37921817e-017 2.29650238e-004
 6.07089150e+003 1.86978947e-016 4.34680090e-017 2.28881357e-004
 6.07799281e+003 1.85590254e-016 4.31451753e-017 2.28112524e-004
 6.08509412e+003 1.84207318e-016 4.28236796e-017 2.27343740e-004
 6.09219543e+003 1.82830133e-016 4.25035208e-017 2.26575006e-004
 6.09929674e+003 1.81458695e-016 4.21846980e-017 2.25806321e-004
 6.10639805e+003 1.80092999e-016 4.18672100e-017 2.25037686e-004
 6.11349936e+003 1.78733041e-016 4.15510558e-017 2.24269101e-004
 6.12060068e+003 1.77378817e-016 4.12362342e-017 2.23500567e-004
 6.12770199e+003 1.76030321e-016 4.09227443e-017 2.22732084e-004
 6.13480330e+003 1.74687549e-016 4.06105850e-017 2.21963651e-004
 6.14190461e+003 1.73350496e-016 4.02997552e-017 2.21195271e-004
 6.14900592e+003 1.72019157e-016 3.99902537e-017 2.20426942e-004
 6.15610723e+003 1.70693529e-016 3.96820796e-017 2.19658665e-004
 6.16320854e+003 1.69373606e-016 3.93752317e-017 2.18890441e-004
 6.17030986e+003 1.68059383e-016 3.90697090e-017 2.18122270e-004
 6.17741117e+003 1.66750857e-016 3.87655103e-017 2.17354153e-004
 6.18451248e+003 1.65448021e-016 3.84626346e-017 2.16586089e-004
 6.19161379e+003 1.64150872e-016 3.81610808e-017 2.15818079e-004
 6.19871510e+003 1.62859405e-016 3.78608477e-017 2.15050123e-004
 6.20581641e+003 1.61573614e-016 3.75619343e-017 2.14282223e-004
 6.21291772e+003 1.60293495e-016 3.72643394e-017 2.13514377e-004
 6.22001903e+003 1.59019044e-016 3.69680620e-017 2.12746587e-004
 6.22712035e+003 1.57750255e-016 3.66731008e-017 2.11978853e-004
 6.23422166e+003 1.56487124e-016 3.63794549e-017 2.11211176e-004
 6.24132297e+003 1.55229646e-016 3.60871230e-017 2.10443555e-004
 6.24842428e+003 1.53977815e-016 3.57961041e-017 2.09675991e-004
 6.25552559e+003 1.52731628e-016 3.55063970e-017 2.08908485e-004
 6.26262690e+003 1.51491078e-016 3.52180006e-017 2.08141037e-004
 6.26972821e+003 1.50256162e-016 3.49309137e-017 2.07373647e-004
 6.27682953e+003 1.49026875e-016 3.46451352e-017 2.06606316e-004
 6.28393084e+003 1.47803210e-016 3.43606639e-017 2.05839044e-004
 6.29103215e+003 1.46585165e-016 3.40774988e-017 2.05071832e-004
 6.29813346e+003 1.45372732e-016 3.37956386e-017 2.04304680e-004
 6.30523477e+003 1.44165908e-016 3.35150822e-017 2.03537589e-004
 6.31233608e+003 1.42964688e-016 3.32358285e-017 2.02770558e-004
 6.31943739e+003 1.41769066e-016 3.29578762e-017 2.02003589e-004
 6.32653870e+003 1.40579038e-016 3.26812242e-017 2.01236682e-004
 6.33364002e+003 1.39394598e-016 3.24058714e-017 2.00469837e-004
 6.34074133e+003 1.38215741e-016 3.21318165e-017 1.99703055e-004
 6.34784264e+003 1.37042463e-016 3.18590584e-017 1.98936336e-004
 6.35494395e+003 1.35874758e-016 3.15875958e-017 1.98169681e-004
 6.36204526e+003 1.34712621e-016 3.13174277e-017 1.97403090e-004
 6.36914657e+003 1.33556047e-016 3.10485528e-017 1.96636563e-004
 6.37624788e+003 1.32405030e-016 3.07809699e-017 1.95870102e-004
 6.38334920e+003 1.31259567e-016 3.05146779e-017 1.95103707e-004
 6.39045051e+003 1.30119650e-016 3.02496754e-017 1.94337377e-004
 6.39755182e+003 1.28985276e-016 2.99859614e-017 1.93571115e-004
 6.40465313e+003 1.27856439e-016 2.97235345e-017 1.92804919e-004
 6.41175444e+003 1.26733134e-016 2.94623937e-017 1.92038791e-004
 6.41885575e+003 1.25615355e-016 2.92025376e-017 1.91272732e-004
 6.42595706e+003 1.24503098e-016 2.89439650e-017 1.90506741e-004
 6.43305837e+003 1.23396356e-016 2.86866747e-017 1.89740819e-004
 6.44015969e+003 1.22295125e-016 2.84306655e-017 1.88974967e-004
 6.44726100e+003 1.21199400e-016 2.81759362e-017 1.88209186e-004
 6.45436231e+003 1.20109174e-016 2.79224854e-017 1.87443475e-004
 6.46146362e+003 1.19024443e-016 2.76703120e-017 1.86677836e-004
 6.46856493e+003 1.17945202e-016 2.74194147e-017 1.85912269e-004
 6.47566624e+003 1.16871444e-016 2.71697923e-017 1.85146775e-004
 6.48276755e+003 1.15803165e-016 2.69214434e-017 1.84381354e-004
 6.48986887e+003 1.14740358e-016 2.66743668e-017 1.83616006e-004
 6.49697018e+003 1.13683020e-016 2.64285613e-017 1.82850733e-004
 6.50407149e+003 1.12631143e-016 2.61840256e-017 1.82085535e-004
 6.51117280e+003 1.11584723e-016 2.59407584e-017 1.81320412e-004
 6.51827411e+003 1.10543753e-016 2.56987584e-017 1.80555366e-004
 6.52537542e+003 1.09508230e-016 2.54580244e-017 1.79790397e-004
 6.53247673e+003 1.08478146e-016 2.52185550e-017 1.79025504e-004
 6.53957805e+003 1.07453497e-016 2.49803489e-017 1.78260690e-004
 6.54667936e+003 1.06434276e-016 2.47434049e-017 1.77495955e-004
 6.55378067e+003 1.05420479e-016 2.45077217e-017 1.76731299e-004
 6.56088198e+003 1.04412099e-016 2.42732978e-017 1.75966723e-004
 6.56798329e+003 1.03409131e-016 2.40401321e-017 1.75202228e-004
 6.57508460e+003 1.02411569e-016 2.38082232e-017 1.74437815e-004
 6.58218591e+003 1.01419408e-016 2.35775698e-017 1.73673483e-004
 6.58928722e+003 1.00432642e-016 2.33481704e-017 1.72909234e-004
 6.59638854e+003 9.94512640e-017 2.31200239e-017 1.72145069e-004
 6.60348985e+003 9.84752697e-017 2.28931289e-017 1.71380988e-004
 6.61059116e+003 9.75046528e-017 2.26674840e-017 1.70616991e-004
 6.61769247e+003 9.65394075e-017 2.24430878e-017 1.69853081e-004
 6.62479378e+003 9.55795281e-017 2.22199391e-017 1.69089256e-004
 6.63189509e+003 9.46250086e-017 2.19980364e-017 1.68325519e-004
 6.63899640e+003 9.36758431e-017 2.17773784e-017 1.67561870e-004
 6.64609772e+003 9.27320258e-017 2.15579637e-017 1.66798310e-004
 6.65319903e+003 9.17935507e-017 2.13397909e-017 1.66034839e-004
 6.66030034e+003 9.08604119e-017 2.11228587e-017 1.65271458e-004
 6.66740165e+003 8.99326034e-017 2.09071656e-017 1.64508168e-004
 6.67450296e+003 8.90101192e-017 2.06927103e-017 1.63744970e-004
 6.68160427e+003 8.80929532e-017 2.04794914e-017 1.62981865e-004
 6.68870558e+003 8.71810996e-017 2.02675075e-017 1.62218853e-004
 6.69580689e+003 8.62745520e-017 2.00567571e-017 1.61455936e-004
 6.70290821e+003 8.53733046e-017 1.98472388e-017 1.60693114e-004
 6.71000952e+003 8.44773511e-017 1.96389512e-017 1.59930388e-004
 6.71711083e+003 8.35866854e-017 1.94318929e-017 1.59167758e-004
 6.72421214e+003 8.27013013e-017 1.92260625e-017 1.58405227e-004
 6.73131345e+003 8.18211926e-017 1.90214585e-017 1.57642795e-004
 6.73841476e+003 8.09463532e-017 1.88180794e-017 1.56880462e-004
 6.74551607e+003 8.00767767e-017 1.86159238e-017 1.56118230e-004
 6.75261739e+003 7.92124569e-017 1.84149903e-017 1.55356099e-004
 6.75971870e+003 7.83533875e-017 1.82152774e-017 1.54594071e-004
 6.76682001e+003 7.74995621e-017 1.80167836e-017 1.53832146e-004
 6.77392132e+003 7.66509745e-017 1.78195074e-017 1.53070326e-004
 6.78102263e+003 7.58076181e-017 1.76234474e-017 1.52308611e-004
 6.78812394e+003 7.49694867e-017 1.74286020e-017 1.51547003e-004
 6.79522525e+003 7.41365737e-017 1.72349698e-017 1.50785502e-004
 6.80232656e+003 7.33088727e-017 1.70425493e-017 1.50024110e-004
 6.80942788e+003 7.24863772e-017 1.68513389e-017 1.49262827e-004
 6.81652919e+003 7.16690807e-017 1.66613372e-017 1.48501655e-004
 6.82363050e+003 7.08569766e-017 1.64725425e-017 1.47740595e-004
 6.83073181e+003 7.00500584e-017 1.62849535e-017 1.46979647e-004
 6.83783312e+003 6.92483194e-017 1.60985685e-017 1.46218814e-004
 6.84493443e+003 6.84517529e-017 1.59133860e-017 1.45458095e-004
 6.85203574e+003 6.76603524e-017 1.57294044e-017 1.44697493e-004
 6.85913706e+003 6.68741111e-017 1.55466222e-017 1.43937008e-004
 6.86623837e+003 6.60930222e-017 1.53650379e-017 1.43176642e-004
 6.87333968e+003 6.53170791e-017 1.51846498e-017 1.42416395e-004
 6.88044099e+003 6.45462749e-017 1.50054564e-017 1.41656270e-004
 6.88754230e+003 6.37806027e-017 1.48274560e-017 1.40896267e-004
 6.89464361e+003 6.30200558e-017 1.46506472e-017 1.40136387e-004
 6.90174492e+003 6.22646273e-017 1.44750282e-017 1.39376632e-004
 6.90884623e+003 6.15143101e-017 1.43005975e-017 1.38617004e-004
 6.91594755e+003 6.07690974e-017 1.41273535e-017 1.37857502e-004
 6.92304886e+003 6.00289821e-017 1.39552945e-017 1.37098130e-004
 6.93015017e+003 5.92939573e-017 1.37844189e-017 1.36338887e-004
 6.93725148e+003 5.85640158e-017 1.36147251e-017 1.35579776e-004
 6.94435279e+003 5.78391506e-017 1.34462114e-017 1.34820798e-004
 6.95145410e+003 5.71193546e-017 1.32788762e-017 1.34061954e-004
 6.95855541e+003 5.64046206e-017 1.31127177e-017 1.33303246e-004
 6.96565673e+003 5.56949413e-017 1.29477343e-017 1.32544676e-004
 6.97275804e+003 5.49903096e-017 1.27839244e-017 1.31786244e-004
 6.97985935e+003 5.42907182e-017 1.26212862e-017 1.31027952e-004
 6.98696066e+003 5.35961597e-017 1.24598181e-017 1.30269802e-004
 6.99406197e+003 5.29066268e-017 1.22995183e-017 1.29511795e-004
 7.00116328e+003 5.22221122e-017 1.21403851e-017 1.28753934e-004
 7.00826459e+003 5.15426084e-017 1.19824168e-017 1.27996219e-004
 7.01536591e+003 5.08681079e-017 1.18256117e-017 1.27238652e-004
 7.02246722e+003 5.01986033e-017 1.16699680e-017 1.26481235e-004
 7.02956853e+003 4.95340870e-017 1.15154839e-017 1.25723970e-004
 7.03666984e+003 4.88745515e-017 1.13621578e-017 1.24966858e-004
 7.04377115e+003 4.82199890e-017 1.12099878e-017 1.24209901e-004
 7.05087246e+003 4.75703921e-017 1.10589721e-017 1.23453101e-004
 7.05797377e+003 4.69257528e-017 1.09091090e-017 1.22696460e-004
 7.06507508e+003 4.62860636e-017 1.07603966e-017 1.21939980e-004
 7.07217640e+003 4.56513166e-017 1.06128332e-017 1.21183662e-004
 7.07927771e+003 4.50215040e-017 1.04664169e-017 1.20427508e-004
 7.08637902e+003 4.43966179e-017 1.03211459e-017 1.19671521e-004
 7.09348033e+003 4.37766504e-017 1.01770184e-017 1.18915702e-004
 7.10058164e+003 4.31615936e-017 1.00340325e-017 1.18160053e-004
 7.10768295e+003 4.25514394e-017 9.89218632e-018 1.17404577e-004
 7.11478426e+003 4.19461798e-017 9.75147802e-018 1.16649275e-004
 7.12188558e+003 4.13458067e-017 9.61190572e-018 1.15894151e-004
 7.12898689e+003 4.07503119e-017 9.47346751e-018 1.15139204e-004
 7.13608820e+003 4.01596873e-017 9.33616150e-018 1.14384440e-004
 7.14318951e+003 3.95739247e-017 9.19998577e-018 1.13629858e-004
 7.15029082e+003 3.89930157e-017 9.06493840e-018 1.12875462e-004
 7.15739213e+003 3.84169519e-017 8.93101744e-018 1.12121254e-004
 7.16449344e+003 3.78457252e-017 8.79822095e-018 1.11367236e-004
 7.17159475e+003 3.72793268e-017 8.66654696e-018 1.10613411e-004
 7.17869607e+003 3.67177485e-017 8.53599352e-018 1.09859781e-004
 7.18579738e+003 3.61609817e-017 8.40655861e-018 1.09106350e-004
 7.19289869e+003 3.56090177e-017 8.27824027e-018 1.08353118e-004
 7.20000000e+003 3.50618480e-017 8.15103646e-018 1.07600090e-004
