-21.100000 -258.633972 120.000008
-30.248976 -244.228302 124.641136
-42.616718 -227.136688 126.811279
-54.170574 -212.538864 129.502075
-65.543190 -199.216385 131.252686
-76.530464 -187.367950 134.215591
-87.624199 -176.555634 136.843719
-98.133629 -167.154877 139.206970
-109.541153 -157.803070 141.729187
-120.580956 -149.508392 144.069778
-131.636566 -141.880875 146.352478
-142.380951 -135.067047 148.517593
-153.233124 -128.712463 150.262650
-164.174423 -122.533676 150.697922
-175.539627 -116.322723 152.369843
-176.979355 -115.589546 152.894867
-187.414703 -110.699684 156.016678
-187.602203 -110.617157 156.057831
-198.780838 -105.961411 158.287552
-209.860458 -101.868874 160.747833
-220.625107 -98.407166 163.107620
-231.367493 -95.424324 165.396362
-242.775192 -92.753418 167.798157
-253.605438 -90.683601 170.076065
-264.636017 -89.027428 172.376419
-276.012848 -87.789459 174.732269
-286.748718 -87.070251 177.070236
-297.787170 -86.765953 179.015671
-308.686493 -86.430710 176.079620
-319.139557 -84.612251 167.664871
-330.201874 -81.158638 160.013809
-341.464752 -75.819359 151.655746
-352.410767 -68.449066 142.825104
-363.970032 -57.395916 132.097214
-374.792206 -41.668339 119.339546
