 7.46709115e+001 2.10893391e-015 0.00000000e+000 8.81971618e-004
 7.75962406e+001 2.10334244e-015 5.59146532e-018 8.80914009e-004
 8.05215697e+001 2.09775922e-015 1.10960048e-017 8.79856421e-004
 8.34468988e+001 2.09218423e-015 1.65146593e-017 8.78798853e-004
 8.63722279e+001 2.08661747e-015 2.18484589e-017 8.77741306e-004
 8.92975570e+001 2.08105895e-015 2.70984226e-017 8.76683780e-004
 9.22228861e+001 2.07550866e-015 3.22655588e-017 8.75626275e-004
 9.51482151e+001 2.06996659e-015 3.73508649e-017 8.74568792e-004
 9.80735442e+001 2.06443275e-015 4.23553280e-017 8.73511329e-004
 1.00998873e+002 2.05890714e-015 4.72799248e-017 8.72453887e-004
 1.03924202e+002 2.05338974e-015 5.21256213e-017 8.71396466e-004
 1.06849531e+002 2.04788057e-015 5.68933735e-017 8.70339067e-004
 1.09774861e+002 2.04237961e-015 6.15841269e-017 8.69281689e-004
 1.12700190e+002 2.03688686e-015 6.61988174e-017 8.68224332e-004
 1.15625519e+002 2.03140232e-015 7.07383703e-017 8.67166997e-004
 1.18550848e+002 2.02592600e-015 7.52037015e-017 8.66109683e-004
 1.21476177e+002 2.02045788e-015 7.95957169e-017 8.65052390e-004
 1.24401506e+002 2.01499797e-015 8.39153126e-017 8.63995119e-004
 1.27326835e+002 2.00954625e-015 8.81633752e-017 8.62937870e-004
 1.30252164e+002 2.00410274e-015 9.23407817e-017 8.61880642e-004
 1.33177493e+002 1.99866743e-015 9.64483998e-017 8.60823435e-004
 1.36102822e+002 1.99324031e-015 1.00487088e-016 8.59766251e-004
 1.39028151e+002 1.98782138e-015 1.04457694e-016 8.58709088e-004
 1.41953481e+002 1.98241065e-015 1.08361060e-016 8.57651947e-004
 1.44878810e+002 1.97700810e-015 1.12198014e-016 8.56594828e-004
 1.47804139e+002 1.97161374e-015 1.15969380e-016 8.55537731e-004
 1.50729468e+002 1.96622757e-015 1.19675970e-016 8.54480656e-004
 1.53654797e+002 1.96084957e-015 1.23318588e-016 8.53423603e-004
 1.56580126e+002 1.95547975e-015 1.26898028e-016 8.52366572e-004
 1.59505455e+002 1.95011811e-015 1.30415079e-016 8.51309563e-004
 1.62430784e+002 1.94476465e-015 1.33870518e-016 8.50252576e-004
 1.65356113e+002 1.93941936e-015 1.37265114e-016 8.49195611e-004
 1.68281442e+002 1.93408223e-015 1.40599629e-016 8.48138669e-004
 1.71206771e+002 1.92875327e-015 1.43874816e-016 8.47081749e-004
 1.74132101e+002 1.92343248e-015 1.47091418e-016 8.46024852e-004
 1.77057430e+002 1.91811985e-015 1.50250173e-016 8.44967977e-004
 1.79982759e+002 1.91281538e-015 1.53351809e-016 8.43911125e-004
 1.82908088e+002 1.90751907e-015 1.56397046e-016 8.42854295e-004
 1.85833417e+002 1.90223092e-015 1.59386597e-016 8.41797487e-004
 1.88758746e+002 1.89695092e-015 1.62321166e-016 8.40740703e-004
 1.91684075e+002 1.89167906e-015 1.65201451e-016 8.39683941e-004
 1.94609404e+002 1.88641536e-015 1.68028139e-016 8.38627202e-004
 1.97534733e+002 1.88115980e-015 1.70801913e-016 8.37570486e-004
 2.00460062e+002 1.87591239e-015 1.73523447e-016 8.36513793e-004
 2.03385391e+002 1.87067312e-015 1.76193406e-016 8.35457122e-004
 2.06310721e+002 1.86544198e-015 1.78812451e-016 8.34400475e-004
 2.09236050e+002 1.86021898e-015 1.81381233e-016 8.33343851e-004
 2.12161379e+002 1.85500412e-015 1.83900396e-016 8.32287250e-004
 2.15086708e+002 1.84979739e-015 1.86370578e-016 8.31230672e-004
 2.18012037e+002 1.84459878e-015 1.88792408e-016 8.30174117e-004
 2.20937366e+002 1.83940831e-015 1.91166511e-016 8.29117586e-004
 2.23862695e+002 1.83422596e-015 1.93493502e-016 8.28061078e-004
 2.26788024e+002 1.82905173e-015 1.95773991e-016 8.27004593e-004
 2.29713353e+002 1.82388562e-015 1.98008579e-016 8.25948132e-004
 2.32638682e+002 1.81872762e-015 2.00197863e-016 8.24891694e-004
 2.35564011e+002 1.81357775e-015 2.02342432e-016 8.23835280e-004
 2.38489340e+002 1.80843598e-015 2.04442868e-016 8.22778890e-004
 2.41414670e+002 1.80330233e-015 2.06499747e-016 8.21722523e-004
 2.44339999e+002 1.79817678e-015 2.08513638e-016 8.20666181e-004
 2.47265328e+002 1.79305933e-015 2.10485105e-016 8.19609862e-004
 2.50190657e+002 1.78794999e-015 2.12414702e-016 8.18553567e-004
 2.53115986e+002 1.78284875e-015 2.14302982e-016 8.17497295e-004
 2.56041315e+002 1.77775561e-015 2.16150487e-016 8.16441048e-004
 2.58966644e+002 1.77267057e-015 2.17957756e-016 8.15384825e-004
 2.61891973e+002 1.76759361e-015 2.19725320e-016 8.14328626e-004
 2.64817302e+002 1.76252475e-015 2.21453705e-016 8.13272451e-004
 2.67742631e+002 1.75746397e-015 2.23143430e-016 8.12216301e-004
 2.70667960e+002 1.75241128e-015 2.24795009e-016 8.11160175e-004
 2.73593290e+002 1.74736668e-015 2.26408950e-016 8.10104073e-004
 2.76518619e+002 1.74233015e-015 2.27985755e-016 8.09047996e-004
 2.79443948e+002 1.73730171e-015 2.29525921e-016 8.07991943e-004
 2.82369277e+002 1.73228133e-015 2.31029936e-016 8.06935915e-004
 2.85294606e+002 1.72726904e-015 2.32498288e-016 8.05879911e-004
 2.88219935e+002 1.72226481e-015 2.33931455e-016 8.04823932e-004
 2.91145264e+002 1.71726865e-015 2.35329910e-016 8.03767978e-004
 2.94070593e+002 1.71228056e-015 2.36694123e-016 8.02712048e-004
 2.96995922e+002 1.70730053e-015 2.38024555e-016 8.01656144e-004
 2.99921251e+002 1.70232856e-015 2.39321665e-016 8.00600264e-004
 3.02846580e+002 1.69736465e-015 2.40585905e-016 7.99544410e-004
 3.05771910e+002 1.69240880e-015 2.41817723e-016 7.98488580e-004
 3.08697239e+002 1.68746100e-015 2.43017558e-016 7.97432776e-004
 3.11622568e+002 1.68252125e-015 2.44185850e-016 7.96376997e-004
 3.14547897e+002 1.67758955e-015 2.45323028e-016 7.95321243e-004
 3.17473226e+002 1.67266590e-015 2.46429520e-016 7.94265514e-004
 3.20398555e+002 1.66775029e-015 2.47505748e-016 7.93209811e-004
 3.23323884e+002 1.66284272e-015 2.48552128e-016 7.92154133e-004
 3.26249213e+002 1.65794319e-015 2.49569071e-016 7.91098481e-004
 3.29174542e+002 1.65305170e-015 2.50556985e-016 7.90042855e-004
 3.32099871e+002 1.64816824e-015 2.51516272e-016 7.88987254e-004
 3.35025200e+002 1.64329281e-015 2.52447329e-016 7.87931679e-004
 3.37950529e+002 1.63842541e-015 2.53350550e-016 7.86876129e-004
 3.40875859e+002 1.63356604e-015 2.54226322e-016 7.85820606e-004
 3.43801188e+002 1.62871469e-015 2.55075029e-016 7.84765108e-004
 3.46726517e+002 1.62387136e-015 2.55897050e-016 7.83709636e-004
 3.49651846e+002 1.61903605e-015 2.56692760e-016 7.82654191e-004
 3.52577175e+002 1.61420875e-015 2.57462528e-016 7.81598772e-004
 3.55502504e+002 1.60938947e-015 2.58206721e-016 7.80543378e-004
 3.58427833e+002 1.60457821e-015 2.58925700e-016 7.79488011e-004
 3.61353162e+002 1.59977494e-015 2.59619821e-016 7.78432671e-004
 3.64278491e+002 1.59497969e-015 2.60289439e-016 7.77377357e-004
 3.67203820e+002 1.59019244e-015 2.60934900e-016 7.76322069e-004
 3.70129149e+002 1.58541319e-015 2.61556551e-016 7.75266808e-004
 3.73054479e+002 1.58064194e-015 2.62154730e-016 7.74211573e-004
 3.75979808e+002 1.57587868e-015 2.62729776e-016 7.73156366e-004
 3.78905137e+002 1.57112342e-015 2.63282018e-016 7.72101184e-004
 3.81830466e+002 1.56637615e-015 2.63811787e-016 7.71046030e-004
 3.84755795e+002 1.56163686e-015 2.64319406e-016 7.69990903e-004
 3.87681124e+002 1.55690557e-015 2.64805195e-016 7.68935803e-004
 3.90606453e+002 1.55218225e-015 2.65269472e-016 7.67880729e-004
 3.93531782e+002 1.54746692e-015 2.65712548e-016 7.66825683e-004
 3.96457111e+002 1.54275956e-015 2.66134733e-016 7.65770664e-004
 3.99382440e+002 1.53806018e-015 2.66536332e-016 7.64715672e-004
 4.02307769e+002 1.53336877e-015 2.66917646e-016 7.63660708e-004
 4.05233099e+002 1.52868533e-015 2.67278974e-016 7.62605771e-004
 4.08158428e+002 1.52400986e-015 2.67620609e-016 7.61550862e-004
 4.11083757e+002 1.51934236e-015 2.67942841e-016 7.60495980e-004
 4.14009086e+002 1.51468282e-015 2.68245959e-016 7.59441125e-004
 4.16934415e+002 1.51003124e-015 2.68530246e-016 7.58386299e-004
 4.19859744e+002 1.50538761e-015 2.68795981e-016 7.57331500e-004
 4.22785073e+002 1.50075194e-015 2.69043441e-016 7.56276729e-004
 4.25710402e+002 1.49612422e-015 2.69272900e-016 7.55221986e-004
 4.28635731e+002 1.49150445e-015 2.69484628e-016 7.54167271e-004
 4.31561060e+002 1.48689263e-015 2.69678890e-016 7.53112584e-004
 4.34486389e+002 1.48228876e-015 2.69855951e-016 7.52057926e-004
 4.37411718e+002 1.47769282e-015 2.70016070e-016 7.51003295e-004
 4.40337048e+002 1.47310482e-015 2.70159505e-016 7.49948693e-004
 4.43262377e+002 1.46852476e-015 2.70286509e-016 7.48894119e-004
 4.46187706e+002 1.46395264e-015 2.70397332e-016 7.47839574e-004
 4.49113035e+002 1.45938844e-015 2.70492222e-016 7.46785057e-004
 4.52038364e+002 1.45483218e-015 2.70571423e-016 7.45730569e-004
 4.54963693e+002 1.45028384e-015 2.70635177e-016 7.44676110e-004
 4.57889022e+002 1.44574342e-015 2.70683722e-016 7.43621679e-004
 4.60814351e+002 1.44121093e-015 2.70717293e-016 7.42567277e-004
 4.63739680e+002 1.43668635e-015 2.70736122e-016 7.41512904e-004
 4.66665009e+002 1.43216969e-015 2.70740440e-016 7.40458560e-004
 4.69590338e+002 1.42766094e-015 2.70730472e-016 7.39404246e-004
 4.72515668e+002 1.42316010e-015 2.70706442e-016 7.38349960e-004
 4.75440997e+002 1.41866717e-015 2.70668572e-016 7.37295704e-004
 4.78366326e+002 1.41418214e-015 2.70617080e-016 7.36241477e-004
 4.81291655e+002 1.40970502e-015 2.70552180e-016 7.35187280e-004
 4.84216984e+002 1.40523580e-015 2.70474086e-016 7.34133112e-004
 4.87142313e+002 1.40077447e-015 2.70383007e-016 7.33078973e-004
 4.90067642e+002 1.39632104e-015 2.70279152e-016 7.32024865e-004
 4.92992971e+002 1.39187549e-015 2.70162724e-016 7.30970786e-004
 4.95918300e+002 1.38743784e-015 2.70033926e-016 7.29916737e-004
 4.98843629e+002 1.38300808e-015 2.69892958e-016 7.28862717e-004
 5.01768958e+002 1.37858619e-015 2.69740015e-016 7.27808728e-004
 5.04694288e+002 1.37417219e-015 2.69575294e-016 7.26754769e-004
 5.07619617e+002 1.36976607e-015 2.69398986e-016 7.25700840e-004
 5.10544946e+002 1.36536782e-015 2.69211280e-016 7.24646942e-004
 5.13470275e+002 1.36097745e-015 2.69012364e-016 7.23593074e-004
 5.16395604e+002 1.35659494e-015 2.68802422e-016 7.22539236e-004
 5.19320933e+002 1.35222030e-015 2.68581636e-016 7.21485428e-004
 5.22246262e+002 1.34785353e-015 2.68350188e-016 7.20431652e-004
 5.25171591e+002 1.34349462e-015 2.68108254e-016 7.19377906e-004
 5.28096920e+002 1.33914357e-015 2.67856009e-016 7.18324190e-004
 5.31022249e+002 1.33480038e-015 2.67593628e-016 7.17270506e-004
 5.33947578e+002 1.33046504e-015 2.67321280e-016 7.16216853e-004
 5.36872907e+002 1.32613755e-015 2.67039135e-016 7.15163230e-004
 5.39798237e+002 1.32181791e-015 2.66747359e-016 7.14109639e-004
 5.42723566e+002 1.31750611e-015 2.66446116e-016 7.13056079e-004
 5.45648895e+002 1.31320216e-015 2.66135569e-016 7.12002550e-004
 5.48574224e+002 1.30890605e-015 2.65815877e-016 7.10949053e-004
 5.51499553e+002 1.30461778e-015 2.65487198e-016 7.09895587e-004
 5.54424882e+002 1.30033734e-015 2.65149690e-016 7.08842153e-004
 5.57350211e+002 1.29606473e-015 2.64803504e-016 7.07788751e-004
 5.60275540e+002 1.29179995e-015 2.64448794e-016 7.06735380e-004
 5.63200869e+002 1.28754300e-015 2.64085708e-016 7.05682041e-004
 5.66126198e+002 1.28329388e-015 2.63714396e-016 7.04628734e-004
 5.69051527e+002 1.27905257e-015 2.63335002e-016 7.03575459e-004
 5.71976857e+002 1.27481908e-015 2.62947671e-016 7.02522216e-004
 5.74902186e+002 1.27059341e-015 2.62552545e-016 7.01469006e-004
 5.77827515e+002 1.26637555e-015 2.62149765e-016 7.00415828e-004
 5.80752844e+002 1.26216550e-015 2.61739467e-016 6.99362682e-004
 5.83678173e+002 1.25796326e-015 2.61321790e-016 6.98309569e-004
 5.86603502e+002 1.25376882e-015 2.60896868e-016 6.97256488e-004
 5.89528831e+002 1.24958219e-015 2.60464833e-016 6.96203440e-004
 5.92454160e+002 1.24540335e-015 2.60025817e-016 6.95150425e-004
 5.95379489e+002 1.24123231e-015 2.59579949e-016 6.94097442e-004
 5.98304818e+002 1.23706907e-015 2.59127357e-016 6.93044493e-004
 6.01230147e+002 1.23291361e-015 2.58668166e-016 6.91991577e-004
 6.04155477e+002 1.22876594e-015 2.58202502e-016 6.90938694e-004
 6.07080806e+002 1.22462606e-015 2.57730486e-016 6.89885844e-004
 6.10006135e+002 1.22049396e-015 2.57252240e-016 6.88833028e-004
 6.12931464e+002 1.21636964e-015 2.56767882e-016 6.87780245e-004
 6.15856793e+002 1.21225309e-015 2.56277531e-016 6.86727496e-004
 6.18782122e+002 1.20814432e-015 2.55781302e-016 6.85674780e-004
 6.21707451e+002 1.20404332e-015 2.55279311e-016 6.84622098e-004
 6.24632780e+002 1.19995009e-015 2.54771669e-016 6.83569450e-004
 6.27558109e+002 1.19586462e-015 2.54258489e-016 6.82516836e-004
 6.30483438e+002 1.19178691e-015 2.53739881e-016 6.81464256e-004
 6.33408767e+002 1.18771697e-015 2.53215952e-016 6.80411711e-004
 6.36334097e+002 1.18365478e-015 2.52686809e-016 6.79359199e-004
 6.39259426e+002 1.17960035e-015 2.52152559e-016 6.78306722e-004
 6.42184755e+002 1.17555366e-015 2.51613305e-016 6.77254280e-004
 6.45110084e+002 1.17151473e-015 2.51069149e-016 6.76201872e-004
 6.48035413e+002 1.16748354e-015 2.50520194e-016 6.75149499e-004
 6.50960742e+002 1.16346009e-015 2.49966538e-016 6.74097160e-004
 6.53886071e+002 1.15944438e-015 2.49408280e-016 6.73044857e-004
 6.56811400e+002 1.15543641e-015 2.48845517e-016 6.71992588e-004
 6.59736729e+002 1.15143617e-015 2.48278345e-016 6.70940355e-004
 6.62662058e+002 1.14744367e-015 2.47706858e-016 6.69888157e-004
 6.65587387e+002 1.14345889e-015 2.47131149e-016 6.68835994e-004
 6.68512716e+002 1.13948184e-015 2.46551310e-016 6.67783867e-004
 6.71438046e+002 1.13551251e-015 2.45967432e-016 6.66731775e-004
 6.74363375e+002 1.13155090e-015 2.45379603e-016 6.65679719e-004
 6.77288704e+002 1.12759701e-015 2.44787912e-016 6.64627698e-004
 6.80214033e+002 1.12365083e-015 2.44192445e-016 6.63575714e-004
 6.83139362e+002 1.11971236e-015 2.43593288e-016 6.62523765e-004
 6.86064691e+002 1.11578160e-015 2.42990525e-016 6.61471853e-004
 6.88990020e+002 1.11185854e-015 2.42384240e-016 6.60419977e-004
 6.91915349e+002 1.10794319e-015 2.41774513e-016 6.59368137e-004
 6.94840678e+002 1.10403553e-015 2.41161427e-016 6.58316334e-004
 6.97766007e+002 1.10013557e-015 2.40545060e-016 6.57264567e-004
 7.00691336e+002 1.09624331e-015 2.39925492e-016 6.56212836e-004
 7.03616666e+002 1.09235873e-015 2.39302799e-016 6.55161143e-004
 7.06541995e+002 1.08848185e-015 2.38677058e-016 6.54109486e-004
 7.09467324e+002 1.08461264e-015 2.38048344e-016 6.53057867e-004
 7.12392653e+002 1.08075112e-015 2.37416732e-016 6.52006285e-004
 7.15317982e+002 1.07689728e-015 2.36782294e-016 6.50954739e-004
 7.18243311e+002 1.07305111e-015 2.36145102e-016 6.49903232e-004
 7.21168640e+002 1.06921262e-015 2.35505228e-016 6.48851761e-004
 7.24093969e+002 1.06538180e-015 2.34862741e-016 6.47800328e-004
 7.27019298e+002 1.06155864e-015 2.34217710e-016 6.46748933e-004
 7.29944627e+002 1.05774315e-015 2.33570204e-016 6.45697576e-004
 7.32869956e+002 1.05393532e-015 2.32920289e-016 6.44646257e-004
 7.35795286e+002 1.05013514e-015 2.32268031e-016 6.43594976e-004
 7.38720615e+002 1.04634262e-015 2.31613496e-016 6.42543733e-004
 7.41645944e+002 1.04255776e-015 2.30956747e-016 6.41492528e-004
 7.44571273e+002 1.03878054e-015 2.30297848e-016 6.40441361e-004
 7.47496602e+002 1.03501097e-015 2.29636861e-016 6.39390234e-004
 7.50421931e+002 1.03124904e-015 2.28973847e-016 6.38339145e-004
 7.53347260e+002 1.02749475e-015 2.28308867e-016 6.37288094e-004
 7.56272589e+002 1.02374810e-015 2.27641981e-016 6.36237083e-004
 7.59197918e+002 1.02000908e-015 2.26973246e-016 6.35186110e-004
 7.62123247e+002 1.01627769e-015 2.26302721e-016 6.34135177e-004
 7.65048576e+002 1.01255394e-015 2.25630463e-016 6.33084283e-004
 7.67973905e+002 1.00883780e-015 2.24956528e-016 6.32033429e-004
 7.70899235e+002 1.00512929e-015 2.24280972e-016 6.30982614e-004
 7.73824564e+002 1.00142840e-015 2.23603848e-016 6.29931839e-004
 7.76749893e+002 9.97735123e-016 2.22925210e-016 6.28881103e-004
 7.79675222e+002 9.94049459e-016 2.22245112e-016 6.27830408e-004
 7.82600551e+002 9.90371405e-016 2.21563605e-016 6.26779752e-004
 7.85525880e+002 9.86700959e-016 2.20880741e-016 6.25729137e-004
 7.88451209e+002 9.83038116e-016 2.20196570e-016 6.24678562e-004
 7.91376538e+002 9.79382873e-016 2.19511142e-016 6.23628027e-004
 7.94301867e+002 9.75735229e-016 2.18824507e-016 6.22577533e-004
 7.97227196e+002 9.72095179e-016 2.18136711e-016 6.21527080e-004
 8.00152525e+002 9.68462720e-016 2.17447804e-016 6.20476667e-004
 8.03077855e+002 9.64837850e-016 2.16757831e-016 6.19426296e-004
 8.06003184e+002 9.61220566e-016 2.16066839e-016 6.18375966e-004
 8.08928513e+002 9.57610864e-016 2.15374874e-016 6.17325677e-004
 8.11853842e+002 9.54008741e-016 2.14681979e-016 6.16275429e-004
 8.14779171e+002 9.50414194e-016 2.13988200e-016 6.15225223e-004
 8.17704500e+002 9.46827220e-016 2.13293579e-016 6.14175058e-004
 8.20629829e+002 9.43247816e-016 2.12598160e-016 6.13124935e-004
 8.23555158e+002 9.39675979e-016 2.11901984e-016 6.12074854e-004
 8.26480487e+002 9.36111706e-016 2.11205092e-016 6.11024816e-004
 8.29405816e+002 9.32554993e-016 2.10507527e-016 6.09974819e-004
 8.32331145e+002 9.29005838e-016 2.09809327e-016 6.08924865e-004
 8.35256475e+002 9.25464238e-016 2.09110532e-016 6.07874953e-004
 8.38181804e+002 9.21930188e-016 2.08411181e-016 6.06825084e-004
 8.41107133e+002 9.18403687e-016 2.07711313e-016 6.05775258e-004
 8.44032462e+002 9.14884731e-016 2.07010965e-016 6.04725474e-004
 8.46957791e+002 9.11373317e-016 2.06310175e-016 6.03675734e-004
 8.49883120e+002 9.07869441e-016 2.05608979e-016 6.02626037e-004
 8.52808449e+002 9.04373101e-016 2.04907412e-016 6.01576383e-004
 8.55733778e+002 9.00884294e-016 2.04205511e-016 6.00526773e-004
 8.58659107e+002 8.97403015e-016 2.03503310e-016 5.99477206e-004
 8.61584436e+002 8.93929263e-016 2.02800844e-016 5.98427683e-004
 8.64509765e+002 8.90463034e-016 2.02098146e-016 5.97378204e-004
 8.67435094e+002 8.87004325e-016 2.01395250e-016 5.96328769e-004
 8.70360424e+002 8.83553132e-016 2.00692188e-016 5.95279379e-004
 8.73285753e+002 8.80109453e-016 1.99988992e-016 5.94230033e-004
 8.76211082e+002 8.76673283e-016 1.99285695e-016 5.93180731e-004
 8.79136411e+002 8.73244621e-016 1.98582327e-016 5.92131474e-004
 8.82061740e+002 8.69823463e-016 1.97878920e-016 5.91082262e-004
 8.84987069e+002 8.66409806e-016 1.97175502e-016 5.90033095e-004
 8.87912398e+002 8.63003645e-016 1.96472105e-016 5.88983972e-004
 8.90837727e+002 8.59604980e-016 1.95768756e-016 5.87934896e-004
 8.93763056e+002 8.56213805e-016 1.95065486e-016 5.86885864e-004
 8.96688385e+002 8.52830118e-016 1.94362322e-016 5.85836879e-004
 8.99613714e+002 8.49453915e-016 1.93659292e-016 5.84787939e-004
 9.02539044e+002 8.46085194e-016 1.92956423e-016 5.83739045e-004
 9.05464373e+002 8.42723951e-016 1.92253743e-016 5.82690197e-004
 9.08389702e+002 8.39370183e-016 1.91551278e-016 5.81641396e-004
 9.11315031e+002 8.36023886e-016 1.90849054e-016 5.80592640e-004
 9.14240360e+002 8.32685058e-016 1.90147097e-016 5.79543932e-004
 9.17165689e+002 8.29353695e-016 1.89445431e-016 5.78495270e-004
 9.20091018e+002 8.26029794e-016 1.88744082e-016 5.77446655e-004
 9.23016347e+002 8.22713352e-016 1.88043074e-016 5.76398087e-004
 9.25941676e+002 8.19404364e-016 1.87342431e-016 5.75349566e-004
 9.28867005e+002 8.16102829e-016 1.86642177e-016 5.74301093e-004
 9.31792334e+002 8.12808743e-016 1.85942335e-016 5.73252667e-004
 9.34717664e+002 8.09522102e-016 1.85242927e-016 5.72204289e-004
 9.37642993e+002 8.06242903e-016 1.84543976e-016 5.71155959e-004
 9.40568322e+002 8.02971143e-016 1.83845505e-016 5.70107677e-004
 9.43493651e+002 7.99706819e-016 1.83147534e-016 5.69059443e-004
 9.46418980e+002 7.96449927e-016 1.82450086e-016 5.68011258e-004
 9.49344309e+002 7.93200464e-016 1.81753181e-016 5.66963121e-004
 9.52269638e+002 7.89958427e-016 1.81056839e-016 5.65915033e-004
 9.55194967e+002 7.86723812e-016 1.80361082e-016 5.64866994e-004
 9.58120296e+002 7.83496616e-016 1.79665928e-016 5.63819003e-004
 9.61045625e+002 7.80276836e-016 1.78971398e-016 5.62771063e-004
 9.63970954e+002 7.77064468e-016 1.78277511e-016 5.61723171e-004
 9.66896284e+002 7.73859509e-016 1.77584285e-016 5.60675330e-004
 9.69821613e+002 7.70661956e-016 1.76891740e-016 5.59627538e-004
 9.72746942e+002 7.67471805e-016 1.76199893e-016 5.58579796e-004
 9.75672271e+002 7.64289053e-016 1.75508762e-016 5.57532104e-004
 9.78597600e+002 7.61113696e-016 1.74818366e-016 5.56484463e-004
 9.81522929e+002 7.57945732e-016 1.74128721e-016 5.55436872e-004
 9.84448258e+002 7.54785157e-016 1.73439845e-016 5.54389331e-004
 9.87373587e+002 7.51631967e-016 1.72751754e-016 5.53341842e-004
 9.90298916e+002 7.48486159e-016 1.72064465e-016 5.52294404e-004
 9.93224245e+002 7.45347729e-016 1.71377993e-016 5.51247017e-004
 9.96149574e+002 7.42216675e-016 1.70692355e-016 5.50199682e-004
 9.99074903e+002 7.39092993e-016 1.70007567e-016 5.49152398e-004
 1.00200023e+003 7.35976679e-016 1.69323643e-016 5.48105166e-004
 1.00492556e+003 7.32867731e-016 1.68640598e-016 5.47057986e-004
 1.00785089e+003 7.29766144e-016 1.67958449e-016 5.46010858e-004
 1.01077622e+003 7.26671915e-016 1.67277208e-016 5.44963783e-004
 1.01370155e+003 7.23585041e-016 1.66596890e-016 5.43916760e-004
 1.01662688e+003 7.20505518e-016 1.65917509e-016 5.42869790e-004
 1.01955221e+003 7.17433343e-016 1.65239080e-016 5.41822873e-004
 1.02247754e+003 7.14368512e-016 1.64561615e-016 5.40776009e-004
 1.02540287e+003 7.11311023e-016 1.63885127e-016 5.39729199e-004
 1.02832819e+003 7.08260871e-016 1.63209631e-016 5.38682442e-004
 1.03125352e+003 7.05218053e-016 1.62535137e-016 5.37635739e-004
 1.03417885e+003 7.02182566e-016 1.61861660e-016 5.36589090e-004
 1.03710418e+003 6.99154405e-016 1.61189211e-016 5.35542495e-004
 1.04002951e+003 6.96133568e-016 1.60517803e-016 5.34495955e-004
 1.04295484e+003 6.93120052e-016 1.59847446e-016 5.33449469e-004
 1.04588017e+003 6.90113852e-016 1.59178154e-016 5.32403038e-004
 1.04880550e+003 6.87114965e-016 1.58509937e-016 5.31356662e-004
 1.05173083e+003 6.84123388e-016 1.57842806e-016 5.30310341e-004
 1.05465616e+003 6.81139117e-016 1.57176773e-016 5.29264075e-004
 1.05758149e+003 6.78162148e-016 1.56511848e-016 5.28217866e-004
 1.06050681e+003 6.75192479e-016 1.55848043e-016 5.27171712e-004
 1.06343214e+003 6.72230105e-016 1.55185366e-016 5.26125614e-004
 1.06635747e+003 6.69275023e-016 1.54523829e-016 5.25079572e-004
 1.06928280e+003 6.66327229e-016 1.53863442e-016 5.24033587e-004
 1.07220813e+003 6.63386721e-016 1.53204213e-016 5.22987659e-004
 1.07513346e+003 6.60453493e-016 1.52546154e-016 5.21941787e-004
 1.07805879e+003 6.57527544e-016 1.51889273e-016 5.20895973e-004
 1.08098412e+003 6.54608868e-016 1.51233579e-016 5.19850216e-004
 1.08390945e+003 6.51697464e-016 1.50579083e-016 5.18804516e-004
 1.08683478e+003 6.48793326e-016 1.49925791e-016 5.17758875e-004
 1.08976011e+003 6.45896452e-016 1.49273714e-016 5.16713291e-004
 1.09268543e+003 6.43006837e-016 1.48622860e-016 5.15667766e-004
 1.09561076e+003 6.40124479e-016 1.47973237e-016 5.14622299e-004
 1.09853609e+003 6.37249374e-016 1.47324853e-016 5.13576891e-004
 1.10146142e+003 6.34381518e-016 1.46677717e-016 5.12531542e-004
 1.10438675e+003 6.31520907e-016 1.46031836e-016 5.11486252e-004
 1.10731208e+003 6.28667538e-016 1.45387218e-016 5.10441021e-004
 1.11023741e+003 6.25821407e-016 1.44743871e-016 5.09395850e-004
 1.11316274e+003 6.22982510e-016 1.44101802e-016 5.08350739e-004
 1.11608807e+003 6.20150845e-016 1.43461018e-016 5.07305688e-004
 1.11901340e+003 6.17326406e-016 1.42821526e-016 5.06260697e-004
 1.12193873e+003 6.14509192e-016 1.42183334e-016 5.05215767e-004
 1.12486405e+003 6.11699197e-016 1.41546448e-016 5.04170898e-004
 1.12778938e+003 6.08896418e-016 1.40910875e-016 5.03126090e-004
 1.13071471e+003 6.06100852e-016 1.40276622e-016 5.02081343e-004
 1.13364004e+003 6.03312495e-016 1.39643694e-016 5.01036658e-004
 1.13656537e+003 6.00531343e-016 1.39012099e-016 4.99992034e-004
 1.13949070e+003 5.97757393e-016 1.38381842e-016 4.98947472e-004
 1.14241603e+003 5.94990640e-016 1.37752929e-016 4.97902973e-004
 1.14534136e+003 5.92231082e-016 1.37125366e-016 4.96858536e-004
 1.14826669e+003 5.89478714e-016 1.36499160e-016 4.95814163e-004
 1.15119202e+003 5.86733532e-016 1.35874314e-016 4.94769852e-004
 1.15411735e+003 5.83995534e-016 1.35250836e-016 4.93725604e-004
 1.15704267e+003 5.81264714e-016 1.34628731e-016 4.92681420e-004
 1.15996800e+003 5.78541070e-016 1.34008003e-016 4.91637300e-004
 1.16289333e+003 5.75824598e-016 1.33388658e-016 4.90593244e-004
 1.16581866e+003 5.73115293e-016 1.32770701e-016 4.89549252e-004
 1.16874399e+003 5.70413153e-016 1.32154137e-016 4.88505325e-004
 1.17166932e+003 5.67718173e-016 1.31538971e-016 4.87461462e-004
 1.17459465e+003 5.65030350e-016 1.30925207e-016 4.86417665e-004
 1.17751998e+003 5.62349679e-016 1.30312850e-016 4.85373933e-004
 1.18044531e+003 5.59676158e-016 1.29701904e-016 4.84330267e-004
 1.18337064e+003 5.57009782e-016 1.29092375e-016 4.83286667e-004
 1.18629597e+003 5.54350547e-016 1.28484266e-016 4.82243133e-004
 1.18922129e+003 5.51698449e-016 1.27877581e-016 4.81199665e-004
 1.19214662e+003 5.49053486e-016 1.27272324e-016 4.80156264e-004
 1.19507195e+003 5.46415652e-016 1.26668500e-016 4.79112931e-004
 1.19799728e+003 5.43784945e-016 1.26066113e-016 4.78069664e-004
 1.20092261e+003 5.41161360e-016 1.25465165e-016 4.77026465e-004
 1.20384794e+003 5.38544893e-016 1.24865662e-016 4.75983334e-004
 1.20677327e+003 5.35935541e-016 1.24267606e-016 4.74940271e-004
 1.20969860e+003 5.33333299e-016 1.23671001e-016 4.73897277e-004
 1.21262393e+003 5.30738164e-016 1.23075850e-016 4.72854351e-004
 1.21554926e+003 5.28150132e-016 1.22482158e-016 4.71811495e-004
 1.21847459e+003 5.25569200e-016 1.21889926e-016 4.70768707e-004
 1.22139991e+003 5.22995362e-016 1.21299159e-016 4.69725989e-004
 1.22432524e+003 5.20428615e-016 1.20709859e-016 4.68683342e-004
 1.22725057e+003 5.17868956e-016 1.20122030e-016 4.67640764e-004
 1.23017590e+003 5.15316381e-016 1.19535674e-016 4.66598257e-004
 1.23310123e+003 5.12770884e-016 1.18950795e-016 4.65555820e-004
 1.23602656e+003 5.10232464e-016 1.18367395e-016 4.64513455e-004
 1.23895189e+003 5.07701115e-016 1.17785476e-016 4.63471161e-004
 1.24187722e+003 5.05176833e-016 1.17205042e-016 4.62428939e-004
 1.24480255e+003 5.02659615e-016 1.16626095e-016 4.61386789e-004
 1.24772788e+003 5.00149457e-016 1.16048637e-016 4.60344711e-004
 1.25065321e+003 4.97646355e-016 1.15472672e-016 4.59302706e-004
 1.25357853e+003 4.95150305e-016 1.14898200e-016 4.58260774e-004
 1.25650386e+003 4.92661302e-016 1.14325226e-016 4.57218915e-004
 1.25942919e+003 4.90179343e-016 1.13753750e-016 4.56177129e-004
 1.26235452e+003 4.87704424e-016 1.13183776e-016 4.55135418e-004
 1.26527985e+003 4.85236541e-016 1.12615304e-016 4.54093781e-004
 1.26820518e+003 4.82775689e-016 1.12048338e-016 4.53052218e-004
 1.27113051e+003 4.80321865e-016 1.11482878e-016 4.52010730e-004
 1.27405584e+003 4.77875065e-016 1.10918928e-016 4.50969318e-004
 1.27698117e+003 4.75435285e-016 1.10356489e-016 4.49927981e-004
 1.27990650e+003 4.73002520e-016 1.09795563e-016 4.48886719e-004
 1.28283183e+003 4.70576766e-016 1.09236151e-016 4.47845534e-004
 1.28575715e+003 4.68158021e-016 1.08678255e-016 4.46804426e-004
 1.28868248e+003 4.65746278e-016 1.08121877e-016 4.45763395e-004
 1.29160781e+003 4.63341535e-016 1.07567018e-016 4.44722440e-004
 1.29453314e+003 4.60943787e-016 1.07013680e-016 4.43681564e-004
 1.29745847e+003 4.58553030e-016 1.06461864e-016 4.42640765e-004
 1.30038380e+003 4.56169260e-016 1.05911572e-016 4.41600044e-004
 1.30330913e+003 4.53792473e-016 1.05362806e-016 4.40559402e-004
 1.30623446e+003 4.51422664e-016 1.04815565e-016 4.39518839e-004
 1.30915979e+003 4.49059831e-016 1.04269853e-016 4.38478356e-004
 1.31208512e+003 4.46703967e-016 1.03725669e-016 4.37437952e-004
 1.31501045e+003 4.44355070e-016 1.03183015e-016 4.36397628e-004
 1.31793577e+003 4.42013135e-016 1.02641892e-016 4.35357385e-004
 1.32086110e+003 4.39678159e-016 1.02102302e-016 4.34317222e-004
 1.32378643e+003 4.37350135e-016 1.01564245e-016 4.33277141e-004
 1.32671176e+003 4.35029062e-016 1.01027722e-016 4.32237141e-004
 1.32963709e+003 4.32714934e-016 1.00492734e-016 4.31197222e-004
 1.33256242e+003 4.30407747e-016 9.99592825e-017 4.30157387e-004
 1.33548775e+003 4.28107497e-016 9.94273677e-017 4.29117633e-004
 1.33841308e+003 4.25814180e-016 9.88969908e-017 4.28077963e-004
 1.34133841e+003 4.23527791e-016 9.83681523e-017 4.27038376e-004
 1.34426374e+003 4.21248327e-016 9.78408531e-017 4.25998873e-004
 1.34718907e+003 4.18975782e-016 9.73150939e-017 4.24959455e-004
 1.35011439e+003 4.16710154e-016 9.67908753e-017 4.23920120e-004
 1.35303972e+003 4.14451437e-016 9.62681978e-017 4.22880871e-004
 1.35596505e+003 4.12199627e-016 9.57470622e-017 4.21841707e-004
 1.35889038e+003 4.09954720e-016 9.52274690e-017 4.20802629e-004
 1.36181571e+003 4.07716712e-016 9.47094186e-017 4.19763637e-004
 1.36474104e+003 4.05485597e-016 9.41929115e-017 4.18724732e-004
 1.36766637e+003 4.03261373e-016 9.36779482e-017 4.17685913e-004
 1.37059170e+003 4.01044035e-016 9.31645290e-017 4.16647182e-004
 1.37351703e+003 3.98833578e-016 9.26526544e-017 4.15608539e-004
 1.37644236e+003 3.96629998e-016 9.21423247e-017 4.14569984e-004
 1.37936768e+003 3.94433291e-016 9.16335402e-017 4.13531518e-004
 1.38229301e+003 3.92243452e-016 9.11263012e-017 4.12493140e-004
 1.38521834e+003 3.90060476e-016 9.06206079e-017 4.11454853e-004
 1.38814367e+003 3.87884361e-016 9.01164605e-017 4.10416655e-004
 1.39106900e+003 3.85715100e-016 8.96138592e-017 4.09378547e-004
 1.39399433e+003 3.83552690e-016 8.91128042e-017 4.08340530e-004
 1.39691966e+003 3.81397127e-016 8.86132956e-017 4.07302605e-004
 1.39984499e+003 3.79248405e-016 8.81153335e-017 4.06264771e-004
 1.40277032e+003 3.77106521e-016 8.76189180e-017 4.05227029e-004
 1.40569565e+003 3.74971470e-016 8.71240491e-017 4.04189380e-004
 1.40862098e+003 3.72843247e-016 8.66307268e-017 4.03151823e-004
 1.41154630e+003 3.70721849e-016 8.61389512e-017 4.02114361e-004
 1.41447163e+003 3.68607270e-016 8.56487221e-017 4.01076992e-004
 1.41739696e+003 3.66499506e-016 8.51600396e-017 4.00039717e-004
 1.42032229e+003 3.64398553e-016 8.46729035e-017 3.99002538e-004
 1.42324762e+003 3.62304406e-016 8.41873138e-017 3.97965453e-004
 1.42617295e+003 3.60217061e-016 8.37032702e-017 3.96928465e-004
 1.42909828e+003 3.58136513e-016 8.32207727e-017 3.95891572e-004
 1.43202361e+003 3.56062757e-016 8.27398211e-017 3.94854776e-004
 1.43494894e+003 3.53995790e-016 8.22604151e-017 3.93818078e-004
 1.43787427e+003 3.51935605e-016 8.17825546e-017 3.92781477e-004
 1.44079960e+003 3.49882200e-016 8.13062393e-017 3.91744975e-004
 1.44372492e+003 3.47835569e-016 8.08314689e-017 3.90708571e-004
 1.44665025e+003 3.45795708e-016 8.03582431e-017 3.89672266e-004
 1.44957558e+003 3.43762612e-016 7.98865617e-017 3.88636061e-004
 1.45250091e+003 3.41736276e-016 7.94164242e-017 3.87599956e-004
 1.45542624e+003 3.39716697e-016 7.89478304e-017 3.86563952e-004
 1.45835157e+003 3.37703868e-016 7.84807799e-017 3.85528049e-004
 1.46127690e+003 3.35697787e-016 7.80152723e-017 3.84492247e-004
 1.46420223e+003 3.33698447e-016 7.75513071e-017 3.83456548e-004
 1.46712756e+003 3.31705845e-016 7.70888840e-017 3.82420951e-004
 1.47005289e+003 3.29719975e-016 7.66280026e-017 3.81385458e-004
 1.47297822e+003 3.27740833e-016 7.61686622e-017 3.80350069e-004
 1.47590354e+003 3.25768414e-016 7.57108625e-017 3.79314784e-004
 1.47882887e+003 3.23802714e-016 7.52546030e-017 3.78279603e-004
 1.48175420e+003 3.21843728e-016 7.47998832e-017 3.77244529e-004
 1.48467953e+003 3.19891451e-016 7.43467024e-017 3.76209560e-004
 1.48760486e+003 3.17945878e-016 7.38950602e-017 3.75174697e-004
 1.49053019e+003 3.16007005e-016 7.34449561e-017 3.74139942e-004
 1.49345552e+003 3.14074827e-016 7.29963893e-017 3.73105294e-004
 1.49638085e+003 3.12149338e-016 7.25493594e-017 3.72070755e-004
 1.49930618e+003 3.10230535e-016 7.21038657e-017 3.71036324e-004
 1.50223151e+003 3.08318413e-016 7.16599076e-017 3.70002002e-004
 1.50515684e+003 3.06412966e-016 7.12174845e-017 3.68967791e-004
 1.50808216e+003 3.04514189e-016 7.07765956e-017 3.67933689e-004
 1.51100749e+003 3.02622079e-016 7.03372404e-017 3.66899699e-004
 1.51393282e+003 3.00736630e-016 6.98994181e-017 3.65865821e-004
 1.51685815e+003 2.98857837e-016 6.94631280e-017 3.64832055e-004
 1.51978348e+003 2.96985696e-016 6.90283695e-017 3.63798401e-004
 1.52270881e+003 2.95120201e-016 6.85951417e-017 3.62764861e-004
 1.52563414e+003 2.93261348e-016 6.81634441e-017 3.61731435e-004
 1.52855947e+003 2.91409131e-016 6.77332757e-017 3.60698124e-004
 1.53148480e+003 2.89563546e-016 6.73046359e-017 3.59664928e-004
 1.53441013e+003 2.87724588e-016 6.68775239e-017 3.58631848e-004
 1.53733546e+003 2.85892252e-016 6.64519388e-017 3.57598885e-004
 1.54026078e+003 2.84066532e-016 6.60278800e-017 3.56566038e-004
 1.54318611e+003 2.82247425e-016 6.56053465e-017 3.55533310e-004
 1.54611144e+003 2.80434925e-016 6.51843375e-017 3.54500700e-004
 1.54903677e+003 2.78629026e-016 6.47648522e-017 3.53468209e-004
 1.55196210e+003 2.76829725e-016 6.43468898e-017 3.52435838e-004
 1.55488743e+003 2.75037015e-016 6.39304494e-017 3.51403587e-004
 1.55781276e+003 2.73250892e-016 6.35155301e-017 3.50371457e-004
 1.56073809e+003 2.71471351e-016 6.31021311e-017 3.49339449e-004
 1.56366342e+003 2.69698387e-016 6.26902514e-017 3.48307563e-004
 1.56658875e+003 2.67931994e-016 6.22798902e-017 3.47275801e-004
 1.56951408e+003 2.66172168e-016 6.18710465e-017 3.46244162e-004
 1.57243940e+003 2.64418904e-016 6.14637194e-017 3.45212648e-004
 1.57536473e+003 2.62672196e-016 6.10579080e-017 3.44181259e-004
 1.57829006e+003 2.60932039e-016 6.06536113e-017 3.43149996e-004
 1.58121539e+003 2.59198428e-016 6.02508285e-017 3.42118860e-004
 1.58414072e+003 2.57471358e-016 5.98495584e-017 3.41087850e-004
 1.58706605e+003 2.55750823e-016 5.94498002e-017 3.40056969e-004
 1.58999138e+003 2.54036820e-016 5.90515528e-017 3.39026217e-004
 1.59291671e+003 2.52329341e-016 5.86548153e-017 3.37995594e-004
 1.59584204e+003 2.50628383e-016 5.82595867e-017 3.36965101e-004
 1.59876737e+003 2.48933939e-016 5.78658660e-017 3.35934740e-004
 1.60169270e+003 2.47246006e-016 5.74736520e-017 3.34904510e-004
 1.60461802e+003 2.45564576e-016 5.70829440e-017 3.33874413e-004
 1.60754335e+003 2.43889646e-016 5.66937406e-017 3.32844448e-004
 1.61046868e+003 2.42221209e-016 5.63060411e-017 3.31814618e-004
 1.61339401e+003 2.40559261e-016 5.59198442e-017 3.30784923e-004
 1.61631934e+003 2.38903797e-016 5.55351489e-017 3.29755363e-004
 1.61924467e+003 2.37254810e-016 5.51519542e-017 3.28725940e-004
 1.62217000e+003 2.35612295e-016 5.47702589e-017 3.27696654e-004
 1.62509533e+003 2.33976248e-016 5.43900621e-017 3.26667506e-004
 1.62802066e+003 2.32346662e-016 5.40113625e-017 3.25638497e-004
 1.63094599e+003 2.30723533e-016 5.36341591e-017 3.24609627e-004
 1.63387132e+003 2.29106855e-016 5.32584508e-017 3.23580898e-004
 1.63679664e+003 2.27496622e-016 5.28842365e-017 3.22552310e-004
 1.63972197e+003 2.25892829e-016 5.25115150e-017 3.21523864e-004
 1.64264730e+003 2.24295471e-016 5.21402852e-017 3.20495562e-004
 1.64557263e+003 2.22704542e-016 5.17705460e-017 3.19467403e-004
 1.64849796e+003 2.21120037e-016 5.14022962e-017 3.18439389e-004
 1.65142329e+003 2.19541950e-016 5.10355346e-017 3.17411520e-004
 1.65434862e+003 2.17970276e-016 5.06702602e-017 3.16383798e-004
 1.65727395e+003 2.16405008e-016 5.03064717e-017 3.15356223e-004
 1.66019928e+003 2.14846143e-016 4.99441679e-017 3.14328797e-004
 1.66312461e+003 2.13293673e-016 4.95833477e-017 3.13301520e-004
 1.66604994e+003 2.11747593e-016 4.92240099e-017 3.12274393e-004
 1.66897526e+003 2.10207899e-016 4.88661533e-017 3.11247416e-004
 1.67190059e+003 2.08674584e-016 4.85097767e-017 3.10220592e-004
 1.67482592e+003 2.07147642e-016 4.81548788e-017 3.09193921e-004
 1.67775125e+003 2.05627068e-016 4.78014584e-017 3.08167403e-004
 1.68067658e+003 2.04112856e-016 4.74495144e-017 3.07141040e-004
 1.68360191e+003 2.02605001e-016 4.70990455e-017 3.06114833e-004
 1.68652724e+003 2.01103497e-016 4.67500504e-017 3.05088782e-004
 1.68945257e+003 1.99608338e-016 4.64025280e-017 3.04062890e-004
 1.69237790e+003 1.98119518e-016 4.60564769e-017 3.03037156e-004
 1.69530323e+003 1.96637032e-016 4.57118959e-017 3.02011581e-004
 1.69822856e+003 1.95160874e-016 4.53687837e-017 3.00986167e-004
 1.70115388e+003 1.93691038e-016 4.50271391e-017 2.99960915e-004
 1.70407921e+003 1.92227518e-016 4.46869607e-017 2.98935826e-004
 1.70700454e+003 1.90770308e-016 4.43482474e-017 2.97910901e-004
 1.70992987e+003 1.89319404e-016 4.40109978e-017 2.96886140e-004
 1.71285520e+003 1.87874797e-016 4.36752106e-017 2.95861545e-004
 1.71578053e+003 1.86436484e-016 4.33408845e-017 2.94837117e-004
 1.71870586e+003 1.85004458e-016 4.30080182e-017 2.93812857e-004
 1.72163119e+003 1.83578713e-016 4.26766104e-017 2.92788766e-004
 1.72455652e+003 1.82159243e-016 4.23466598e-017 2.91764846e-004
 1.72748185e+003 1.80746042e-016 4.20181650e-017 2.90741096e-004
 1.73040718e+003 1.79339104e-016 4.16911247e-017 2.89717520e-004
 1.73333250e+003 1.77938423e-016 4.13655376e-017 2.88694116e-004
 1.73625783e+003 1.76543994e-016 4.10414023e-017 2.87670888e-004
 1.73918316e+003 1.75155810e-016 4.07187175e-017 2.86647835e-004
 1.74210849e+003 1.73773864e-016 4.03974818e-017 2.85624959e-004
 1.74503382e+003 1.72398152e-016 4.00776938e-017 2.84602262e-004
 1.74795915e+003 1.71028667e-016 3.97593522e-017 2.83579744e-004
 1.75088448e+003 1.69665403e-016 3.94424556e-017 2.82557406e-004
 1.75380981e+003 1.68308353e-016 3.91270026e-017 2.81535250e-004
 1.75673514e+003 1.66957512e-016 3.88129918e-017 2.80513278e-004
 1.75966047e+003 1.65612873e-016 3.85004219e-017 2.79491489e-004
 1.76258580e+003 1.64274431e-016 3.81892914e-017 2.78469886e-004
 1.76551112e+003 1.62942178e-016 3.78795990e-017 2.77448470e-004
 1.76843645e+003 1.61616109e-016 3.75713431e-017 2.76427242e-004
 1.77136178e+003 1.60296218e-016 3.72645224e-017 2.75406203e-004
 1.77428711e+003 1.58982498e-016 3.69591356e-017 2.74385355e-004
 1.77721244e+003 1.57674943e-016 3.66551810e-017 2.73364698e-004
 1.78013777e+003 1.56373546e-016 3.63526574e-017 2.72344235e-004
 1.78306310e+003 1.55078302e-016 3.60515632e-017 2.71323966e-004
 1.78598843e+003 1.53789204e-016 3.57518970e-017 2.70303894e-004
 1.78891376e+003 1.52506245e-016 3.54536574e-017 2.69284019e-004
 1.79183909e+003 1.51229419e-016 3.51568429e-017 2.68264342e-004
 1.79476442e+003 1.49958721e-016 3.48614520e-017 2.67244865e-004
 1.79768974e+003 1.48694142e-016 3.45674833e-017 2.66225590e-004
 1.80061507e+003 1.47435677e-016 3.42749352e-017 2.65206518e-004
 1.80354040e+003 1.46183320e-016 3.39838064e-017 2.64187650e-004
 1.80646573e+003 1.44937063e-016 3.36940952e-017 2.63168988e-004
 1.80939106e+003 1.43696900e-016 3.34058002e-017 2.62150533e-004
 1.81231639e+003 1.42462826e-016 3.31189200e-017 2.61132287e-004
 1.81524172e+003 1.41234832e-016 3.28334529e-017 2.60114251e-004
 1.81816705e+003 1.40012913e-016 3.25493975e-017 2.59096427e-004
 1.82109238e+003 1.38797062e-016 3.22667523e-017 2.58078816e-004
 1.82401771e+003 1.37587271e-016 3.19855157e-017 2.57061420e-004
 1.82694304e+003 1.36383536e-016 3.17056861e-017 2.56044241e-004
 1.82986836e+003 1.35185848e-016 3.14272622e-017 2.55027279e-004
 1.83279369e+003 1.33994202e-016 3.11502422e-017 2.54010537e-004
 1.83571902e+003 1.32808590e-016 3.08746247e-017 2.52994016e-004
 1.83864435e+003 1.31629005e-016 3.06004080e-017 2.51977718e-004
 1.84156968e+003 1.30455441e-016 3.03275907e-017 2.50961644e-004
 1.84449501e+003 1.29287891e-016 3.00561711e-017 2.49945797e-004
 1.84742034e+003 1.28126349e-016 2.97861478e-017 2.48930177e-004
 1.85034567e+003 1.26970806e-016 2.95175190e-017 2.47914787e-004
 1.85327100e+003 1.25821257e-016 2.92502831e-017 2.46899628e-004
 1.85619633e+003 1.24677694e-016 2.89844387e-017 2.45884702e-004
 1.85912166e+003 1.23540111e-016 2.87199841e-017 2.44870011e-004
 1.86204698e+003 1.22408500e-016 2.84569177e-017 2.43855556e-004
 1.86497231e+003 1.21282855e-016 2.81952378e-017 2.42841340e-004
 1.86789764e+003 1.20163168e-016 2.79349429e-017 2.41827364e-004
 1.87082297e+003 1.19049433e-016 2.76760313e-017 2.40813630e-004
 1.87374830e+003 1.17941641e-016 2.74185013e-017 2.39800140e-004
 1.87667363e+003 1.16839787e-016 2.71623514e-017 2.38786895e-004
 1.87959896e+003 1.15743863e-016 2.69075799e-017 2.37773898e-004
 1.88252429e+003 1.14653862e-016 2.66541850e-017 2.36761151e-004
 1.88544962e+003 1.13569776e-016 2.64021652e-017 2.35748655e-004
 1.88837495e+003 1.12491599e-016 2.61515188e-017 2.34736413e-004
 1.89130028e+003 1.11419323e-016 2.59022441e-017 2.33724426e-004
 1.89422560e+003 1.10352941e-016 2.56543395e-017 2.32712696e-004
 1.89715093e+003 1.09292446e-016 2.54078031e-017 2.31701226e-004
 1.90007626e+003 1.08237829e-016 2.51626334e-017 2.30690018e-004
 1.90300159e+003 1.07189085e-016 2.49188285e-017 2.29679074e-004
 1.90592692e+003 1.06146205e-016 2.46763869e-017 2.28668395e-004
 1.90885225e+003 1.05109182e-016 2.44353068e-017 2.27657984e-004
 1.91177758e+003 1.04078009e-016 2.41955864e-017 2.26647844e-004
 1.91470291e+003 1.03052678e-016 2.39572240e-017 2.25637975e-004
 1.91762824e+003 1.02033181e-016 2.37202179e-017 2.24628381e-004
 1.92055357e+003 1.01019511e-016 2.34845663e-017 2.23619064e-004
 1.92347890e+003 1.00011661e-016 2.32502675e-017 2.22610026e-004
 1.92640422e+003 9.90096221e-017 2.30173197e-017 2.21601269e-004
 1.92932955e+003 9.80133877e-017 2.27857211e-017 2.20592796e-004
 1.93225488e+003 9.70229497e-017 2.25554699e-017 2.19584609e-004
 1.93518021e+003 9.60383005e-017 2.23265644e-017 2.18576711e-004
 1.93810554e+003 9.50594322e-017 2.20990027e-017 2.17569103e-004
 1.94103087e+003 9.40863372e-017 2.18727831e-017 2.16561788e-004
 1.94395620e+003 9.31190076e-017 2.16479038e-017 2.15554769e-004
 1.94688153e+003 9.21574355e-017 2.14243628e-017 2.14548048e-004
 1.94980686e+003 9.12016132e-017 2.12021585e-017 2.13541628e-004
 1.95273219e+003 9.02515325e-017 2.09812889e-017 2.12535511e-004
 1.95565752e+003 8.93071857e-017 2.07617522e-017 2.11529700e-004
 1.95858284e+003 8.83685648e-017 2.05435465e-017 2.10524198e-004
 1.96150817e+003 8.74356616e-017 2.03266701e-017 2.09519006e-004
 1.96443350e+003 8.65084682e-017 2.01111209e-017 2.08514129e-004
 1.96735883e+003 8.55869765e-017 1.98968973e-017 2.07509568e-004
 1.97028416e+003 8.46711783e-017 1.96839971e-017 2.06505326e-004
 1.97320949e+003 8.37610654e-017 1.94724187e-017 2.05501407e-004
 1.97613482e+003 8.28566298e-017 1.92621600e-017 2.04497813e-004
 1.97906015e+003 8.19578631e-017 1.90532191e-017 2.03494546e-004
 1.98198548e+003 8.10647570e-017 1.88455942e-017 2.02491610e-004
 1.98491081e+003 8.01773033e-017 1.86392833e-017 2.01489008e-004
 1.98783614e+003 7.92954936e-017 1.84342844e-017 2.00486743e-004
 1.99076146e+003 7.84193195e-017 1.82305956e-017 1.99484817e-004
 1.99368679e+003 7.75487726e-017 1.80282150e-017 1.98483235e-004
 1.99661212e+003 7.66838445e-017 1.78271406e-017 1.97481998e-004
 1.99953745e+003 7.58245265e-017 1.76273704e-017 1.96481110e-004
 2.00246278e+003 7.49708102e-017 1.74289024e-017 1.95480574e-004
 2.00538811e+003 7.41226869e-017 1.72317346e-017 1.94480394e-004
 2.00831344e+003 7.32801482e-017 1.70358651e-017 1.93480572e-004
 2.01123877e+003 7.24431851e-017 1.68412917e-017 1.92481112e-004
 2.01416410e+003 7.16117892e-017 1.66480126e-017 1.91482018e-004
 2.01708943e+003 7.07859516e-017 1.64560256e-017 1.90483293e-004
 2.02001476e+003 6.99656634e-017 1.62653287e-017 1.89484940e-004
 2.02294008e+003 6.91509160e-017 1.60759198e-017 1.88486963e-004
 2.02586541e+003 6.83417003e-017 1.58877970e-017 1.87489364e-004
 2.02879074e+003 6.75380076e-017 1.57009580e-017 1.86492149e-004
 2.03171607e+003 6.67398287e-017 1.55154009e-017 1.85495321e-004
 2.03464140e+003 6.59471547e-017 1.53311235e-017 1.84498882e-004
 2.03756673e+003 6.51599765e-017 1.51481238e-017 1.83502838e-004
 2.04049206e+003 6.43782850e-017 1.49663996e-017 1.82507192e-004
 2.04341739e+003 6.36020711e-017 1.47859487e-017 1.81511947e-004
 2.04634272e+003 6.28313256e-017 1.46067691e-017 1.80517108e-004
 2.04926805e+003 6.20660391e-017 1.44288586e-017 1.79522678e-004
 2.05219338e+003 6.13062025e-017 1.42522151e-017 1.78528662e-004
 2.05511870e+003 6.05518064e-017 1.40768363e-017 1.77535063e-004
 2.05804403e+003 5.98028414e-017 1.39027201e-017 1.76541887e-004
 2.06096936e+003 5.90592980e-017 1.37298643e-017 1.75549136e-004
 2.06389469e+003 5.83211668e-017 1.35582667e-017 1.74556815e-004
 2.06682002e+003 5.75884382e-017 1.33879251e-017 1.73564930e-004
 2.06974535e+003 5.68611026e-017 1.32188372e-017 1.72573483e-004
 2.07267068e+003 5.61391505e-017 1.30510008e-017 1.71582479e-004
 2.07559601e+003 5.54225720e-017 1.28844136e-017 1.70591924e-004
 2.07852134e+003 5.47113575e-017 1.27190734e-017 1.69601821e-004
 2.08144667e+003 5.40054971e-017 1.25549780e-017 1.68612175e-004
 2.08437200e+003 5.33049811e-017 1.23921249e-017 1.67622992e-004
 2.08729732e+003 5.26097994e-017 1.22305120e-017 1.66634274e-004
 2.09022265e+003 5.19199422e-017 1.20701369e-017 1.65646029e-004
 2.09314798e+003 5.12353994e-017 1.19109972e-017 1.64658260e-004
 2.09607331e+003 5.05561609e-017 1.17530907e-017 1.63670973e-004
 2.09899864e+003 4.98822167e-017 1.15964149e-017 1.62684172e-004
 2.10192397e+003 4.92135565e-017 1.14409676e-017 1.61697863e-004
 2.10484930e+003 4.85501700e-017 1.12867462e-017 1.60712051e-004
 2.10777463e+003 4.78920471e-017 1.11337485e-017 1.59726742e-004
 2.11069996e+003 4.72391773e-017 1.09819720e-017 1.58741940e-004
 2.11362529e+003 4.65915501e-017 1.08314143e-017 1.57757652e-004
 2.11655062e+003 4.59491552e-017 1.06820730e-017 1.56773882e-004
 2.11947594e+003 4.53119820e-017 1.05339456e-017 1.55790637e-004
 2.12240127e+003 4.46800198e-017 1.03870296e-017 1.54807923e-004
 2.12532660e+003 4.40532580e-017 1.02413226e-017 1.53825745e-004
 2.12825193e+003 4.34316859e-017 1.00968221e-017 1.52844109e-004
 2.13117726e+003 4.28152926e-017 9.95352552e-018 1.51863021e-004
 2.13410259e+003 4.22040674e-017 9.81143037e-018 1.50882488e-004
 2.13702792e+003 4.15979992e-017 9.67053412e-018 1.49902515e-004
 2.13995325e+003 4.09970771e-017 9.53083421e-018 1.48923110e-004
 2.14287858e+003 4.04012900e-017 9.39232806e-018 1.47944278e-004
 2.14580391e+003 3.98106268e-017 9.25501309e-018 1.46966025e-004
 2.14872924e+003 3.92250763e-017 9.11888670e-018 1.45988360e-004
 2.15165456e+003 3.86446272e-017 8.98394625e-018 1.45011288e-004
 2.15457989e+003 3.80692681e-017 8.85018913e-018 1.44034817e-004
 2.15750522e+003 3.74989877e-017 8.71761267e-018 1.43058953e-004
 2.16043055e+003 3.69337745e-017 8.58621420e-018 1.42083703e-004
 2.16335588e+003 3.63736169e-017 8.45599104e-018 1.41109075e-004
 2.16628121e+003 3.58185033e-017 8.32694048e-018 1.40135077e-004
 2.16920654e+003 3.52684219e-017 8.19905981e-018 1.39161715e-004
 2.17213187e+003 3.47233610e-017 8.07234627e-018 1.38188998e-004
 2.17505720e+003 3.41833087e-017 7.94679711e-018 1.37216932e-004
 2.17798253e+003 3.36482531e-017 7.82240955e-018 1.36245527e-004
 2.18090786e+003 3.31181821e-017 7.69918081e-018 1.35274790e-004
 2.18383318e+003 3.25930837e-017 7.57710806e-018 1.34304729e-004
 2.18675851e+003 3.20729456e-017 7.45618847e-018 1.33335352e-004
 2.18968384e+003 3.15577556e-017 7.33641919e-018 1.32366669e-004
 2.19260917e+003 3.10475014e-017 7.21779736e-018 1.31398688e-004
 2.19553450e+003 3.05421704e-017 7.10032007e-018 1.30431416e-004
 2.19845983e+003 3.00417502e-017 6.98398441e-018 1.29464865e-004
 2.20138516e+003 2.95462282e-017 6.86878746e-018 1.28499042e-004
 2.20431049e+003 2.90555916e-017 6.75472627e-018 1.27533956e-004
 2.20723582e+003 2.85698277e-017 6.64179785e-018 1.26569618e-004
 2.21016115e+003 2.80889236e-017 6.52999921e-018 1.25606037e-004
 2.21308648e+003 2.76128664e-017 6.41932735e-018 1.24643223e-004
 2.21601180e+003 2.71416428e-017 6.30977921e-018 1.23681185e-004
 2.21893713e+003 2.66752399e-017 6.20135175e-018 1.22719935e-004
 2.22186246e+003 2.62136443e-017 6.09404187e-018 1.21759481e-004
 2.22478779e+003 2.57568427e-017 5.98784648e-018 1.20799835e-004
 2.22771312e+003 2.53048215e-017 5.88276244e-018 1.19841008e-004
 2.23063845e+003 2.48575674e-017 5.77878661e-018 1.18883010e-004
 2.23356378e+003 2.44150665e-017 5.67591581e-018 1.17925853e-004
 2.23648911e+003 2.39773053e-017 5.57414684e-018 1.16969548e-004
 2.23941444e+003 2.35442696e-017 5.47347647e-018 1.16014107e-004
 2.24233977e+003 2.31159457e-017 5.37390147e-018 1.15059541e-004
 2.24526510e+003 2.26923194e-017 5.27541854e-018 1.14105863e-004
 2.24819042e+003 2.22733766e-017 5.17802441e-018 1.13153085e-004
 2.25111575e+003 2.18591029e-017 5.08171573e-018 1.12201219e-004
 2.25404108e+003 2.14494839e-017 4.98648917e-018 1.11250279e-004
 2.25696641e+003 2.10445051e-017 4.89234134e-018 1.10300277e-004
 2.25989174e+003 2.06441518e-017 4.79926883e-018 1.09351227e-004
 2.26281707e+003 2.02484094e-017 4.70726822e-018 1.08403142e-004
 2.26574240e+003 1.98572628e-017 4.61633605e-018 1.07456036e-004
 2.26866773e+003 1.94706971e-017 4.52646882e-018 1.06509924e-004
 2.27159306e+003 1.90886971e-017 4.43766303e-018 1.05564820e-004
 2.27451839e+003 1.87112477e-017 4.34991511e-018 1.04620738e-004
 2.27744372e+003 1.83383334e-017 4.26322150e-018 1.03677694e-004
 2.28036904e+003 1.79699387e-017 4.17757859e-018 1.02735703e-004
 2.28329437e+003 1.76060479e-017 4.09298274e-018 1.01794780e-004
 2.28621970e+003 1.72466453e-017 4.00943028e-018 1.00854943e-004
 2.28914503e+003 1.68917150e-017 3.92691752e-018 9.99162066e-005
 2.29207036e+003 1.65412409e-017 3.84544072e-018 9.89785883e-005
 2.29499569e+003 1.61952069e-017 3.76499612e-018 9.80421051e-005
 2.29792102e+003 1.58535964e-017 3.68557992e-018 9.71067745e-005
 2.30084635e+003 1.55163932e-017 3.60718828e-018 9.61726143e-005
 2.30377168e+003 1.51835806e-017 3.52981734e-018 9.52396428e-005
 2.30669701e+003 1.48551417e-017 3.45346321e-018 9.43078786e-005
 2.30962234e+003 1.45310597e-017 3.37812194e-018 9.33773407e-005
 2.31254766e+003 1.42113175e-017 3.30378955e-018 9.24480488e-005
 2.31547299e+003 1.38958978e-017 3.23046205e-018 9.15200227e-005
 2.31839832e+003 1.35847831e-017 3.15813539e-018 9.05932828e-005
 2.32132365e+003 1.32779561e-017 3.08680547e-018 8.96678500e-005
 2.32424898e+003 1.29753988e-017 3.01646819e-018 8.87437456e-005
 2.32717431e+003 1.26770935e-017 2.94711936e-018 8.78209914e-005
 2.33009964e+003 1.23830219e-017 2.87875480e-018 8.68996097e-005
 2.33302497e+003 1.20931660e-017 2.81137027e-018 8.59796235e-005
 2.33595030e+003 1.18075072e-017 2.74496146e-018 8.50610560e-005
 2.33887563e+003 1.15260269e-017 2.67952407e-018 8.41439312e-005
 2.34180096e+003 1.12487064e-017 2.61505372e-018 8.32282736e-005
 2.34472628e+003 1.09755266e-017 2.55154599e-018 8.23141082e-005
 2.34765161e+003 1.07064685e-017 2.48899644e-018 8.14014608e-005
 2.35057694e+003 1.04415125e-017 2.42740056e-018 8.04903577e-005
 2.35350227e+003 1.01806392e-017 2.36675379e-018 7.95808257e-005
 2.35642760e+003 9.92382887e-018 2.30705156e-018 7.86728925e-005
 2.35935293e+003 9.67106142e-018 2.24828921e-018 7.77665864e-005
 2.36227826e+003 9.42231673e-018 2.19046205e-018 7.68619362e-005
 2.36520359e+003 9.17757440e-018 2.13356534e-018 7.59589718e-005
 2.36812892e+003 8.93681382e-018 2.07759430e-018 7.50577235e-005
 2.37105425e+003 8.70001417e-018 2.02254407e-018 7.41582224e-005
 2.37397958e+003 8.46715440e-018 1.96840977e-018 7.32605007e-005
 2.37690490e+003 8.23821322e-018 1.91518646e-018 7.23645909e-005
 2.37983023e+003 8.01316912e-018 1.86286912e-018 7.14705269e-005
 2.38275556e+003 7.79200036e-018 1.81145270e-018 7.05783429e-005
 2.38568089e+003 7.57468493e-018 1.76093209e-018 6.96880745e-005
 2.38860622e+003 7.36120061e-018 1.71130212e-018 6.87997578e-005
 2.39153155e+003 7.15152491e-018 1.66255756e-018 6.79134301e-005
 2.39445688e+003 6.94563507e-018 1.61469312e-018 6.70291297e-005
 2.39738221e+003 6.74350810e-018 1.56770346e-018 6.61468956e-005
 2.40030754e+003 6.54512072e-018 1.52158317e-018 6.52667682e-005
 2.40323287e+003 6.35044939e-018 1.47632677e-018 6.43887887e-005
 2.40615820e+003 6.15947031e-018 1.43192872e-018 6.35129996e-005
 2.40908352e+003 5.97215936e-018 1.38838343e-018 6.26394444e-005
 2.41200885e+003 5.78849217e-018 1.34568522e-018 6.17681678e-005
 2.41493418e+003 5.60844406e-018 1.30382837e-018 6.08992159e-005
 2.41785951e+003 5.43199005e-018 1.26280706e-018 6.00326357e-005
 2.42078484e+003 5.25910488e-018 1.22261541e-018 5.91684757e-005
 2.42371017e+003 5.08976296e-018 1.18324749e-018 5.83067859e-005
 2.42663550e+003 4.92393838e-018 1.14469726e-018 5.74476173e-005
 2.42956083e+003 4.76160493e-018 1.10695864e-018 5.65910227e-005
 2.43248616e+003 4.60273606e-018 1.07002544e-018 5.57370560e-005
 2.43541149e+003 4.44730488e-018 1.03389143e-018 5.48857729e-005
 2.43833682e+003 4.29528419e-018 9.98550278e-019 5.40372305e-005
 2.44126214e+003 4.14664640e-018 9.63995568e-019 5.31914876e-005
 2.44418747e+003 4.00136361e-018 9.30220812e-019 5.23486047e-005
 2.44711280e+003 3.85940753e-018 8.97219438e-019 5.15086439e-005
 2.45003813e+003 3.72074953e-018 8.64984787e-019 5.06716692e-005
 2.45296346e+003 3.58536058e-018 8.33510112e-019 4.98377462e-005
 2.45588879e+003 3.45321129e-018 8.02788579e-019 4.90069427e-005
 2.45881412e+003 3.32427187e-018 7.72813267e-019 4.81793282e-005
 2.46173945e+003 3.19851216e-018 7.43577158e-019 4.73549744e-005
 2.46466478e+003 3.07590157e-018 7.15073145e-019 4.65339548e-005
 2.46759011e+003 2.95640913e-018 6.87294026e-019 4.57163454e-005
 2.47051543e+003 2.84000343e-018 6.60232500e-019 4.49022240e-005
 2.47344076e+003 2.72665266e-018 6.33881172e-019 4.40916710e-005
 2.47636609e+003 2.61632457e-018 6.08232543e-019 4.32847690e-005
 2.47929142e+003 2.50898647e-018 5.83279017e-019 4.24816030e-005
 2.48221675e+003 2.40460524e-018 5.59012891e-019 4.16822605e-005
 2.48514208e+003 2.30314730e-018 5.35426360e-019 4.08868315e-005
 2.48806741e+003 2.20457862e-018 5.12511513e-019 4.00954086e-005
 2.49099274e+003 2.10886471e-018 4.90260330e-019 3.93080872e-005
 2.49391807e+003 2.01597060e-018 4.68664683e-019 3.85249654e-005
 2.49684340e+003 1.92586084e-018 4.47716331e-019 3.77461441e-005
 2.49976873e+003 1.83849952e-018 4.27406925e-019 3.69717272e-005
 2.50269405e+003 1.75385022e-018 4.07727999e-019 3.62018215e-005
 2.50561938e+003 1.67187604e-018 3.88670974e-019 3.54365370e-005
 2.50854471e+003 1.59253958e-018 3.70227154e-019 3.46759866e-005
 2.51147004e+003 1.51580292e-018 3.52387725e-019 3.39202866e-005
 2.51439537e+003 1.44162765e-018 3.35143759e-019 3.31695565e-005
 2.51732070e+003 1.36997484e-018 3.18486204e-019 3.24239190e-005
 2.52024603e+003 1.30080505e-018 3.02405891e-019 3.16835005e-005
 2.52317136e+003 1.23407832e-018 2.86893531e-019 3.09484304e-005
 2.52609669e+003 1.16975417e-018 2.71939713e-019 3.02188421e-005
 2.52902202e+003 1.10779160e-018 2.57534906e-019 2.94948721e-005
 2.53194735e+003 1.04814909e-018 2.43669458e-019 2.87766607e-005
 2.53487267e+003 9.90784611e-019 2.30333595e-019 2.80643519e-005
 2.53779800e+003 9.35655599e-019 2.17517426e-019 2.73580930e-005
 2.54072333e+003 8.82718990e-019 2.05210937e-019 2.66580353e-005
 2.54364866e+003 8.31931209e-019 1.93403999e-019 2.59643335e-005
 2.54657399e+003 7.83248180e-019 1.82086366e-019 2.52771459e-005
 2.54949932e+003 7.36625333e-019 1.71247675e-019 2.45966346e-005
 2.55242465e+003 6.92017615e-019 1.60877454e-019 2.39229649e-005
 2.55534998e+003 6.49379504e-019 1.50965118e-019 2.32563059e-005
 2.55827531e+003 6.08665017e-019 1.41499979e-019 2.25968298e-005
 2.56120064e+003 5.69827734e-019 1.32471245e-019 2.19447122e-005
 2.56412597e+003 5.32820811e-019 1.23868025e-019 2.13001316e-005
 2.56705129e+003 4.97597004e-019 1.15679337e-019 2.06632696e-005
 2.56997662e+003 4.64108693e-019 1.07894110e-019 2.00343104e-005
 2.57290195e+003 4.32307910e-019 1.00501193e-019 1.94134408e-005
 2.57582728e+003 4.02146367e-019 9.34893593e-020 1.88008495e-005
 2.57875261e+003 3.73575491e-019 8.68473178e-020 1.81967272e-005
 2.58167794e+003 3.46546463e-019 8.05637188e-020 1.76012663e-005
 2.58460327e+003 3.21010255e-019 7.46271646e-020 1.70146599e-005
 2.58752860e+003 2.96917677e-019 6.90262194e-020 1.64371020e-005
 2.59045393e+003 2.74219422e-019 6.37494210e-020 1.58687863e-005
 2.59337926e+003 2.52866122e-019 5.87852923e-020 1.53099065e-005
 2.59630459e+003 2.32808402e-019 5.41223547e-020 1.47606548e-005
 2.59922991e+003 2.13996936e-019 4.97491414e-020 1.42212218e-005
 2.60215524e+003 1.96382518e-019 4.56542128e-020 1.36917954e-005
 2.60508057e+003 1.79916122e-019 4.18261718e-020 1.31725603e-005
 2.60800590e+003 1.64548977e-019 3.82536799e-020 1.26636968e-005
 2.61093123e+003 1.50232637e-019 3.49254752e-020 1.21653803e-005
 2.61385656e+003 1.36919062e-019 3.18303893e-020 1.16777800e-005
 2.61678189e+003 1.24560697e-019 2.89573667e-020 1.12010579e-005
 2.61970722e+003 1.13110552e-019 2.62954832e-020 1.07353678e-005
 2.62263255e+003 1.02522286e-019 2.38339659e-020 1.02808545e-005
 2.62555788e+003 9.27502919e-020 2.15622124e-020 9.83765217e-006
 2.62848321e+003 8.37497834e-020 1.94698106e-020 9.40588347e-006
 2.63140853e+003 7.54768772e-020 1.75465589e-020 8.98565842e-006
 2.63433386e+003 6.78886781e-020 1.57824850e-020 8.57707322e-006
 2.63725919e+003 6.09433603e-020 1.41678657e-020 8.18020911e-006
 2.64018452e+003 5.46002464e-020 1.26932442e-020 7.79513134e-006
 2.64310985e+003 4.88198825e-020 1.13494486e-020 7.42188810e-006
 2.64603518e+003 4.35641083e-020 1.01276075e-020 7.06050960e-006
 2.64896051e+003 3.87961222e-020 9.01916543e-021 6.71100723e-006
 2.65188584e+003 3.44805392e-020 8.01589615e-021 6.37337274e-006
 2.65481117e+003 3.05834417e-020 7.10991470e-021 6.04757769e-006
 2.65773650e+003 2.70724226e-020 6.29368720e-021 5.73357294e-006
 2.66066183e+003 2.39166193e-020 5.56003883e-021 5.43128830e-006
 2.66358715e+003 2.10867386e-020 4.90215963e-021 5.14063241e-006
 2.66651248e+003 1.85550723e-020 4.31360810e-021 4.86149277e-006
 2.66943781e+003 1.62955027e-020 3.78831250e-021 4.59373588e-006
 2.67236314e+003 1.42834987e-020 3.32056996e-021 4.33720773e-006
 2.67528847e+003 1.24961022e-020 2.90504325e-021 4.09173431e-006
 2.67821380e+003 1.09119052e-020 2.53675553e-021 3.85712244e-006
 2.68113913e+003 9.51101802e-021 2.21108297e-021 3.63316065e-006
 2.68406446e+003 8.27502986e-021 1.92374544e-021 3.41962035e-006
 2.68698979e+003 7.18696118e-021 1.67079564e-021 3.21625706e-006
 2.68991512e+003 6.23121021e-021 1.44860652e-021 3.02281178e-006
 2.69284045e+003 5.39349364e-021 1.25385757e-021 2.83901252e-006
 2.69576577e+003 4.66078274e-021 1.08351990e-021 2.66457588e-006
 2.69869110e+003 4.02123603e-021 9.34840673e-022 2.49920866e-006
 2.70161643e+003 3.46412941e-021 8.05326781e-022 2.34260958e-006
 2.70454176e+003 2.97978474e-021 6.92728292e-022 2.19447097e-006
 2.70746709e+003 2.55949793e-021 5.95021716e-022 2.05448044e-006
 2.71039242e+003 2.19546733e-021 5.10393356e-022 1.92232256e-006
 2.71331775e+003 1.88072322e-021 4.37222921e-022 1.79768044e-006
 2.71624308e+003 1.60905913e-021 3.74067552e-022 1.68023727e-006
 2.71916841e+003 1.37496549e-021 3.19646410e-022 1.56967775e-006
 2.72209374e+003 1.17356623e-021 2.72825925e-022 1.46568944e-006
 2.72501907e+003 1.00055859e-021 2.32605810e-022 1.36796401e-006
 2.72794439e+003 8.52156463e-022 1.98105885e-022 1.27619835e-006
 2.73086972e+003 7.25037433e-022 1.68553767e-022 1.19009554e-006
 2.73379505e+003 6.16293635e-022 1.43273449e-022 1.10936575e-006
 2.73672038e+003 5.23386429e-022 1.21674758e-022 1.03372699e-006
 2.73964571e+003 4.44104847e-022 1.03243697e-022 9.62905728e-007
 2.74257104e+003 3.76527733e-022 8.75336430e-023 8.96637427e-007
 2.74549637e+003 3.18989413e-022 7.41573673e-023 8.34666927e-007
 2.74842170e+003 2.70048738e-022 6.27798373e-023 7.76748758e-007
 2.75134703e+003 2.28461292e-022 5.31117563e-023 7.22647346e-007
 2.75427236e+003 1.93154564e-022 4.49037911e-023 6.72137134e-007
 2.75719769e+003 1.63205849e-022 3.79414349e-023 6.25002618e-007
 2.76012301e+003 1.37822663e-022 3.20404547e-023 5.81038317e-007
 2.76304834e+003 1.16325458e-022 2.70428715e-023 5.40048680e-007
 2.76597367e+003 9.81323997e-023 2.28134230e-023 5.01847940e-007
 2.76889900e+003 8.27460288e-023 1.92364618e-023 4.66259917e-007
 2.77182433e+003 6.97415930e-023 1.62132432e-023 4.33117790e-007
 2.77474966e+003 5.87568775e-023 1.36595610e-023 4.02263831e-007
 2.77767499e+003 4.94833628e-023 1.15036918e-023 3.73549111e-007
 2.78060032e+003 4.16585565e-023 9.68461256e-024 3.46833198e-007
 2.78352565e+003 3.50593599e-023 8.15045805e-024 3.21983824e-007
 2.78645098e+003 2.94963406e-023 6.85718985e-024 2.98876558e-007
 2.78937631e+003 2.48087998e-023 5.76744933e-024 2.77394459e-007
 2.79230163e+003 2.08605301e-023 4.84957158e-024 2.57427737e-007
 2.79522696e+003 1.75361758e-023 4.07673916e-024 2.38873409e-007
 2.79815229e+003 1.47381136e-023 3.42625699e-024 2.21634959e-007
 2.80107762e+003 1.23837846e-023 2.87893212e-024 2.05622005e-007
 2.80400295e+003 1.04034153e-023 2.41854386e-024 1.90749972e-007
 2.80692828e+003 8.73807322e-024 2.03139189e-024 1.76939774e-007
 2.80985361e+003 7.33801130e-024 1.70591116e-024 1.64117502e-007
 2.81277894e+003 6.16125800e-024 1.43234432e-024 1.52214134e-007
 2.81570427e+003 5.17241963e-024 1.20246318e-024 1.41165239e-007
 2.81862960e+003 4.34166315e-024 1.00933227e-024 1.30910711e-007
 2.82155493e+003 3.64385328e-024 8.47108259e-025 1.21394499e-007
 2.82448025e+003 3.05782123e-024 7.10869901e-025 1.12564362e-007
 2.82740558e+003 2.56574533e-024 5.96474088e-025 1.04371628e-007
 2.83033091e+003 2.15262700e-024 5.00434009e-025 9.67709681e-008
 2.83325624e+003 1.80584756e-024 4.19816130e-025 8.97201814e-008
 2.83618157e+003 1.51479381e-024 3.52153132e-025 8.31799941e-008
 2.83910690e+003 1.27054174e-024 2.95370401e-025 7.71138665e-008
 2.84203223e+003 1.06558964e-024 2.47723964e-025 7.14878129e-008
 2.84495756e+003 8.93632870e-025 2.07748152e-025 6.62702316e-008
 2.84788289e+003 7.49374088e-025 1.74211454e-025 6.14317449e-008
 2.85080822e+003 6.28363182e-025 1.46079329e-025 5.69450491e-008
 2.85373355e+003 5.26862502e-025 1.22482861e-025 5.27847732e-008
 2.85665887e+003 4.41733352e-025 1.02692381e-025 4.89273472e-008
 2.85958420e+003 3.70340443e-025 8.60952468e-026 4.53508780e-008
 2.86250953e+003 3.10471493e-025 7.21771557e-026 4.20350337e-008
 2.86543486e+003 2.60269592e-025 6.05064209e-026 3.89609353e-008
 2.86836019e+003 2.18176320e-025 5.07207475e-026 3.61110554e-008
 2.87128552e+003 1.82883929e-025 4.25161155e-026 3.34691237e-008
 2.87421085e+003 1.53295147e-025 3.56374352e-026 3.10200389e-008
 2.87713618e+003 1.28489398e-025 2.98706951e-026 2.87497862e-008
 2.88006151e+003 1.07694426e-025 2.50363641e-026 2.66453604e-008
 2.88298684e+003 9.02624543e-026 2.09838499e-026 2.46946949e-008
 2.88591217e+003 7.56501702e-026 1.75868453e-026 2.28865944e-008
 2.88883749e+003 6.34019115e-026 1.47394197e-026 2.12106733e-008
 2.89176282e+003 5.31355543e-026 1.23527385e-026 1.96572980e-008
 2.89468815e+003 4.45306670e-026 1.03523092e-026 1.82175326e-008
 2.89761348e+003 3.73185665e-026 8.67566926e-027 1.68830895e-008
 2.90053881e+003 3.12739743e-026 7.27044694e-027 1.56462826e-008
 2.90346414e+003 2.62080146e-026 6.09273314e-027 1.44999840e-008
 2.90638947e+003 2.19623401e-026 5.10571592e-027 1.34375841e-008
 2.90931480e+003 1.84042034e-026 4.27853470e-027 1.24529539e-008
 2.91224013e+003 1.54223232e-026 3.58531927e-027 1.15404106e-008
 2.91516546e+003 1.29234169e-026 3.00438364e-027 1.06946852e-008
 2.91809079e+003 1.08292921e-026 2.51754998e-027 9.91089262e-009
 2.92101611e+003 9.07440783e-027 2.10958159e-027 9.18450386e-009
 2.92394144e+003 7.60382934e-027 1.76770746e-027 8.51132022e-009
 2.92686677e+003 6.37151299e-027 1.48122355e-027 7.88744934e-009
 2.92979210e+003 5.33886836e-027 1.24115850e-027 7.30928296e-009
 2.93271743e+003 4.47355253e-027 1.03999338e-027 6.77347625e-009
 2.93564276e+003 3.74845931e-027 8.71426644e-028 6.27692869e-009
 2.93856809e+003 3.14087184e-027 7.30177170e-028 5.81676629e-009
 2.94149342e+003 2.63175220e-027 6.11819097e-028 5.39032506e-009
 2.94441875e+003 2.20514591e-027 5.12643394e-028 4.99513579e-009
 2.94734408e+003 1.84768275e-027 4.29541805e-028 4.62890977e-009
 2.95026941e+003 1.54815834e-027 3.59909584e-028 4.28952569e-009
 2.95319473e+003 1.29718347e-027 3.01563962e-028 3.97501742e-009
 2.95612006e+003 1.08689010e-027 2.52675811e-028 3.68356267e-009
 2.95904539e+003 9.10685015e-028 2.11712365e-028 3.41347248e-009
 2.96197072e+003 7.63043329e-028 1.77389224e-028 3.16318153e-009
 2.96489605e+003 6.39335433e-028 1.48630113e-028 2.93123907e-009
 2.96782138e+003 5.35681959e-028 1.24533173e-028 2.71630054e-009
 2.97074671e+003 4.48832228e-028 1.04342699e-028 2.51711986e-009
 2.97367204e+003 3.76062393e-028 8.74254627e-029 2.33254218e-009
 2.97659737e+003 3.15090072e-028 7.32508644e-029 2.16149723e-009
 2.97952270e+003 2.64002813e-028 6.13743050e-029 2.00299313e-009
 2.98244803e+003 2.21198144e-028 5.14232490e-029 1.85611065e-009
 2.98537335e+003 1.85333344e-028 4.30855455e-029 1.71999793e-009
 2.98829868e+003 1.55283341e-028 3.60996423e-029 1.59386548e-009
 2.99122401e+003 1.30105437e-028 3.02463852e-029 1.47698169e-009
 2.99414934e+003 1.09009753e-028 2.53421460e-029 1.36866853e-009
 2.99707467e+003 9.13344556e-029 2.12330645e-029 1.26829768e-009
 3.00000000e+003 7.65250036e-029 1.77902230e-029 1.17528686e-009
