-46.289989 -222.334854 127.691010
-63.477703 -201.576477 130.893158
-75.454216 -188.472595 133.922852
-93.511597 -171.192459 138.158524
-93.649178 -171.070099 138.189560
-103.150482 -162.938248 140.338852
-128.829208 -143.756683 145.783569
-139.952148 -136.557648 148.030701
-140.143707 -136.439011 148.068802
-155.520645 -127.411949 150.399918
-186.111389 -111.277534 155.720001
-194.922287 -107.511734 157.524780
-211.249802 -101.394394 161.061188
-239.852081 -93.389435 167.176529
-257.565918 -90.036987 170.904266
-292.714294 -86.861519 178.192078
-322.038757 -83.861885 165.683044
-328.837677 -81.673584 160.963593
-339.475586 -76.912041 153.185226
-345.929291 -73.106300 148.149368
-355.950043 -65.489281 139.750412
-370.268738 -49.175964 125.201210
-370.324768 -49.093021 125.137238
-374.971130 -41.331558 119.076271
