 0.00000000e+000 4.26000000e+006 0.00000000e+000
 1.20000000e-001 -1.56045624e+017 1.56045624e+017
 2.40000000e-001 -1.56045624e+017 1.56045624e+017
 3.60000000e-001 -1.56045624e+017 1.56045624e+017
 4.80000000e-001 -1.56045624e+017 1.56045624e+017
 6.00000000e-001 -1.56045624e+017 1.56045624e+017
 7.20000000e-001 -1.56045624e+017 1.56045624e+017
 8.40000000e-001 -1.56045624e+017 1.56045624e+017
 9.60000000e-001 -1.56045624e+017 1.56045624e+017
 1.08000000e+000 -1.56045624e+017 1.56045624e+017
 1.20000000e+000 -1.56045624e+017 1.56045624e+017
 1.32000000e+000 -1.56045624e+017 1.56045624e+017
 1.44000000e+000 -1.56045624e+017 1.56045624e+017
 1.56000000e+000 -1.56045624e+017 1.56045624e+017
 1.68000000e+000 -1.56045624e+017 1.56045624e+017
 1.80000000e+000 -1.56045624e+017 1.56045624e+017
 1.92000000e+000 -1.56045624e+017 1.56045624e+017
 2.04000000e+000 -1.56045624e+017 1.56045624e+017
 2.16000000e+000 -1.56045624e+017 1.56045624e+017
 2.28000000e+000 -1.56045624e+017 1.56045624e+017
 2.40000000e+000 -1.56045624e+017 1.56045624e+017
 2.52000000e+000 -1.56045624e+017 1.56045624e+017
 2.64000000e+000 -1.56045624e+017 1.56045624e+017
 2.76000000e+000 -1.56045624e+017 1.56045624e+017
 2.88000000e+000 -1.56045624e+017 1.56045624e+017
 3.00000000e+000 -1.56045624e+017 1.56045624e+017
 3.12000000e+000 -1.56045624e+017 1.56045624e+017
 3.24000000e+000 -1.56045624e+017 1.56045624e+017
 3.36000000e+000 -1.56045624e+017 1.56045624e+017
 3.48000000e+000 -1.56045624e+017 1.56045624e+017
 3.60000000e+000 -1.56045624e+017 1.56045624e+017
 3.72000000e+000 -1.56045624e+017 1.56045624e+017
 3.84000000e+000 -1.56045624e+017 1.56045624e+017
 3.96000000e+000 -1.56045624e+017 1.56045624e+017
 4.08000000e+000 -1.56045624e+017 1.56045624e+017
 4.20000000e+000 -1.56045624e+017 1.56045624e+017
 4.32000000e+000 -1.56045624e+017 1.56045624e+017
 4.44000000e+000 -1.56045624e+017 1.56045624e+017
 4.56000000e+000 -1.56045624e+017 1.56045624e+017
 4.68000000e+000 -1.56045624e+017 1.56045624e+017
 4.80000000e+000 -1.56045624e+017 1.56045624e+017
 4.92000000e+000 -1.56045624e+017 1.56045624e+017
 5.04000000e+000 -1.56045624e+017 1.56045624e+017
 5.16000000e+000 -1.56045624e+017 1.56045624e+017
 5.28000000e+000 -1.56045624e+017 1.56045624e+017
 5.40000000e+000 -1.56045624e+017 1.56045624e+017
 5.52000000e+000 -1.56045624e+017 1.56045624e+017
 5.64000000e+000 -1.56045624e+017 1.56045624e+017
 5.76000000e+000 -1.56045624e+017 1.56045624e+017
 5.88000000e+000 -1.56045624e+017 1.56045624e+017
 6.00000000e+000 -1.56045624e+017 1.56045624e+017
 6.12000000e+000 -1.56045624e+017 1.56045624e+017
 6.24000000e+000 -1.56045624e+017 1.56045624e+017
 6.36000000e+000 -1.56045624e+017 1.56045624e+017
 6.48000000e+000 -1.56045624e+017 1.56045624e+017
 6.60000000e+000 -1.56045624e+017 1.56045624e+017
 6.72000000e+000 -1.56045624e+017 1.56045624e+017
 6.84000000e+000 -1.56045624e+017 1.56045624e+017
 6.96000000e+000 -1.56045624e+017 1.56045624e+017
 7.08000000e+000 -1.56045624e+017 1.56045624e+017
 7.20000000e+000 -1.56045624e+017 1.56045624e+017
 7.32000000e+000 -1.56045624e+017 1.56045624e+017
 7.44000000e+000 -1.56045624e+017 1.56045624e+017
 7.56000000e+000 -1.56045624e+017 1.56045624e+017
 7.68000000e+000 -1.56045624e+017 1.56045624e+017
 7.80000000e+000 -1.56045624e+017 1.56045624e+017
 7.92000000e+000 -1.56045624e+017 1.56045624e+017
 8.04000000e+000 -1.56045624e+017 1.56045624e+017
 8.16000000e+000 -1.56045624e+017 1.56045624e+017
 8.28000000e+000 -1.56045624e+017 1.56045624e+017
 8.40000000e+000 -1.56045624e+017 1.56045624e+017
 8.52000000e+000 -1.56045624e+017 1.56045624e+017
 8.64000000e+000 -1.56045624e+017 1.56045624e+017
 8.76000000e+000 -1.56045624e+017 1.56045624e+017
 8.88000000e+000 -1.56045624e+017 1.56045624e+017
 9.00000000e+000 -1.56045624e+017 1.56045624e+017
 9.12000000e+000 -1.56045624e+017 1.56045624e+017
 9.24000000e+000 -1.56045624e+017 1.56045624e+017
 9.36000000e+000 -1.56045624e+017 1.56045624e+017
 9.48000000e+000 -1.56045624e+017 1.56045624e+017
 9.60000000e+000 -1.56045624e+017 1.56045624e+017
 9.72000000e+000 -1.56045624e+017 1.56045624e+017
 9.84000000e+000 -1.56045624e+017 1.56045624e+017
 9.96000000e+000 -1.56045624e+017 1.56045624e+017
 1.00800000e+001 -1.56045624e+017 1.56045624e+017
 1.02000000e+001 -1.56045624e+017 1.56045624e+017
 1.03200000e+001 -1.56045624e+017 1.56045624e+017
 1.04400000e+001 -1.56045624e+017 1.56045624e+017
 1.05600000e+001 -1.56045624e+017 1.56045624e+017
 1.06800000e+001 -1.56045624e+017 1.56045624e+017
 1.08000000e+001 -1.56045624e+017 1.56045624e+017
 1.09200000e+001 -1.56045624e+017 1.56045624e+017
 1.10400000e+001 -1.56045624e+017 1.56045624e+017
 1.11600000e+001 -1.56045624e+017 1.56045624e+017
 1.12800000e+001 -1.56045624e+017 1.56045624e+017
 1.14000000e+001 -1.56045624e+017 1.56045624e+017
 1.15200000e+001 -1.56045624e+017 1.56045624e+017
 1.16400000e+001 -1.56045624e+017 1.56045624e+017
 1.17600000e+001 -1.56045624e+017 1.56045624e+017
 1.18800000e+001 -1.56045624e+017 1.56045624e+017
 1.20000000e+001 -1.56045624e+017 1.56045624e+017
 1.21200000e+001 -1.56045624e+017 1.56045624e+017
 1.22400000e+001 -1.56045624e+017 1.56045624e+017
 1.23600000e+001 -1.56045624e+017 1.56045624e+017
 1.24800000e+001 -1.56045624e+017 1.56045624e+017
 1.26000000e+001 -1.56045624e+017 1.56045624e+017
 1.27200000e+001 -1.56045624e+017 1.56045624e+017
 1.28400000e+001 -1.56045624e+017 1.56045624e+017
 1.29600000e+001 -1.56045624e+017 1.56045624e+017
 1.30800000e+001 -1.56045624e+017 1.56045624e+017
 1.32000000e+001 -1.56045624e+017 1.56045624e+017
 1.33200000e+001 -1.56045624e+017 1.56045624e+017
 1.34400000e+001 -1.56045624e+017 1.56045624e+017
 1.35600000e+001 -1.56045624e+017 1.56045624e+017
 1.36800000e+001 -1.56045624e+017 1.56045624e+017
 1.38000000e+001 -1.56045624e+017 1.56045624e+017
 1.39200000e+001 -1.56045624e+017 1.56045624e+017
 1.40400000e+001 -1.56045624e+017 1.56045624e+017
 1.41600000e+001 -1.56045624e+017 1.56045624e+017
 1.42800000e+001 -1.56045624e+017 1.56045624e+017
 1.44000000e+001 -1.56045624e+017 1.56045624e+017
 1.45200000e+001 -1.56045624e+017 1.56045624e+017
 1.46400000e+001 -1.56045624e+017 1.56045624e+017
 1.47600000e+001 -1.56045624e+017 1.56045624e+017
 1.48800000e+001 -1.56045624e+017 1.56045624e+017
 1.50000000e+001 -1.56045624e+017 1.56045624e+017
 1.51200000e+001 -1.56045624e+017 1.56045624e+017
 1.52400000e+001 -1.56045624e+017 1.56045624e+017
 1.53600000e+001 -1.56045624e+017 1.56045624e+017
 1.54800000e+001 -1.56045624e+017 1.56045624e+017
 1.56000000e+001 -1.56045624e+017 1.56045624e+017
 1.57200000e+001 -1.56045624e+017 1.56045624e+017
 1.58400000e+001 -1.56045624e+017 1.56045624e+017
 1.59600000e+001 -1.56045624e+017 1.56045624e+017
 1.60800000e+001 -1.56045624e+017 1.56045624e+017
 1.62000000e+001 -1.56045624e+017 1.56045624e+017
 1.63200000e+001 -1.56045624e+017 1.56045624e+017
 1.64400000e+001 -1.56045624e+017 1.56045624e+017
 1.65600000e+001 -1.56045624e+017 1.56045624e+017
 1.66800000e+001 -1.56045624e+017 1.56045624e+017
 1.68000000e+001 -1.56045624e+017 1.56045624e+017
 1.69200000e+001 -1.56045624e+017 1.56045624e+017
 1.70400000e+001 -1.56045624e+017 1.56045624e+017
 1.71600000e+001 -1.56045624e+017 1.56045624e+017
 1.72800000e+001 -1.56045624e+017 1.56045624e+017
 1.74000000e+001 -1.56045624e+017 1.56045624e+017
 1.75200000e+001 -1.56045624e+017 1.56045624e+017
 1.76400000e+001 -1.56045624e+017 1.56045624e+017
 1.77600000e+001 -1.56045624e+017 1.56045624e+017
 1.78800000e+001 -1.56045624e+017 1.56045624e+017
 1.80000000e+001 -1.56045624e+017 1.56045624e+017
 1.81200000e+001 -1.56045624e+017 1.56045624e+017
 1.82400000e+001 -1.56045624e+017 1.56045624e+017
 1.83600000e+001 -1.56045624e+017 1.56045624e+017
 1.84800000e+001 -1.56045624e+017 1.56045624e+017
 1.86000000e+001 -1.56045624e+017 1.56045624e+017
 1.87200000e+001 -1.56045624e+017 1.56045624e+017
 1.88400000e+001 -1.56045624e+017 1.56045624e+017
 1.89600000e+001 -1.56045624e+017 1.56045624e+017
 1.90800000e+001 -1.56045624e+017 1.56045624e+017
 1.92000000e+001 -1.56045624e+017 1.56045624e+017
 1.93200000e+001 -1.56045624e+017 1.56045624e+017
 1.94400000e+001 -1.56045624e+017 1.56045624e+017
 1.95600000e+001 -1.56045624e+017 1.56045624e+017
 1.96800000e+001 -1.56045624e+017 1.56045624e+017
 1.98000000e+001 -1.56045624e+017 1.56045624e+017
 1.99200000e+001 -1.56045624e+017 1.56045624e+017
 2.00400000e+001 -1.56045624e+017 1.56045624e+017
 2.01600000e+001 -1.56045624e+017 1.56045624e+017
 2.02800000e+001 -1.56045624e+017 1.56045624e+017
 2.04000000e+001 -1.56045624e+017 1.56045624e+017
 2.05200000e+001 -1.56045624e+017 1.56045624e+017
 2.06400000e+001 -1.56045624e+017 1.56045624e+017
 2.07600000e+001 -1.56045624e+017 1.56045624e+017
 2.08800000e+001 -1.56045624e+017 1.56045624e+017
 2.10000000e+001 -1.56045624e+017 1.56045624e+017
 2.11200000e+001 -1.56045624e+017 1.56045624e+017
 2.12400000e+001 -1.56045624e+017 1.56045624e+017
 2.13600000e+001 -1.56045624e+017 1.56045624e+017
 2.14800000e+001 -1.56045624e+017 1.56045624e+017
 2.16000000e+001 -1.56045624e+017 1.56045624e+017
 2.17200000e+001 -1.56045624e+017 1.56045624e+017
 2.18400000e+001 -1.56045624e+017 1.56045624e+017
 2.19600000e+001 -1.56045624e+017 1.56045624e+017
 2.20800000e+001 -1.56045624e+017 1.56045624e+017
 2.22000000e+001 -1.56045624e+017 1.56045624e+017
 2.23200000e+001 -1.56045624e+017 1.56045624e+017
 2.24400000e+001 -1.56045624e+017 1.56045624e+017
 2.25600000e+001 -1.56045624e+017 1.56045624e+017
 2.26800000e+001 -1.56045624e+017 1.56045624e+017
 2.28000000e+001 -1.56045624e+017 1.56045624e+017
 2.29200000e+001 -1.56045624e+017 1.56045624e+017
 2.30400000e+001 -1.56045624e+017 1.56045624e+017
 2.31600000e+001 -1.56045624e+017 1.56045624e+017
 2.32800000e+001 -1.56045624e+017 1.56045624e+017
 2.34000000e+001 -1.56045624e+017 1.56045624e+017
 2.35200000e+001 -1.56045624e+017 1.56045624e+017
 2.36400000e+001 -1.56045624e+017 1.56045624e+017
 2.37600000e+001 -1.56045624e+017 1.56045624e+017
 2.38800000e+001 -1.56045624e+017 1.56045624e+017
 2.40000000e+001 -1.56045624e+017 1.56045624e+017
 2.41200000e+001 -1.56045624e+017 1.56045624e+017
 2.42400000e+001 -1.56045624e+017 1.56045624e+017
 2.43600000e+001 -1.56045624e+017 1.56045624e+017
 2.44800000e+001 -1.56045624e+017 1.56045624e+017
 2.46000000e+001 -1.56045624e+017 1.56045624e+017
 2.47200000e+001 -1.56045624e+017 1.56045624e+017
 2.48400000e+001 -1.56045624e+017 1.56045624e+017
 2.49600000e+001 -1.56045624e+017 1.56045624e+017
 2.50800000e+001 -1.56045624e+017 1.56045624e+017
 2.52000000e+001 -1.56045624e+017 1.56045624e+017
 2.53200000e+001 -1.56045624e+017 1.56045624e+017
 2.54400000e+001 -1.56045624e+017 1.56045624e+017
 2.55600000e+001 -1.56045624e+017 1.56045624e+017
 2.56800000e+001 -1.56045624e+017 1.56045624e+017
 2.58000000e+001 -1.56045624e+017 1.56045624e+017
 2.59200000e+001 -1.56045624e+017 1.56045624e+017
 2.60400000e+001 -1.56045624e+017 1.56045624e+017
 2.61600000e+001 -1.56045624e+017 1.56045624e+017
 2.62800000e+001 -1.56045624e+017 1.56045624e+017
 2.64000000e+001 -1.56045624e+017 1.56045624e+017
 2.65200000e+001 -1.56045624e+017 1.56045624e+017
 2.66400000e+001 -1.56045624e+017 1.56045624e+017
 2.67600000e+001 -1.56045624e+017 1.56045624e+017
 2.68800000e+001 -1.56045624e+017 1.56045624e+017
 2.70000000e+001 -1.56045624e+017 1.56045624e+017
 2.71200000e+001 -1.56045624e+017 1.56045624e+017
 2.72400000e+001 -1.56045624e+017 1.56045624e+017
 2.73600000e+001 -1.56045624e+017 1.56045624e+017
 2.74800000e+001 -1.56045624e+017 1.56045624e+017
 2.76000000e+001 -1.56045624e+017 1.56045624e+017
 2.77200000e+001 -1.56045624e+017 1.56045624e+017
 2.78400000e+001 -1.56045624e+017 1.56045624e+017
 2.79600000e+001 -1.56045624e+017 1.56045624e+017
 2.80800000e+001 -1.56045624e+017 1.56045624e+017
 2.82000000e+001 -1.56045624e+017 1.56045624e+017
 2.83200000e+001 -1.56045624e+017 1.56045624e+017
 2.84400000e+001 -1.56045624e+017 1.56045624e+017
 2.85600000e+001 -1.56045624e+017 1.56045624e+017
 2.86800000e+001 -1.56045624e+017 1.56045624e+017
 2.88000000e+001 -1.56045624e+017 1.56045624e+017
 2.89200000e+001 -1.56045624e+017 1.56045624e+017
 2.90400000e+001 -1.56045624e+017 1.56045624e+017
 2.91600000e+001 -1.56045624e+017 1.56045624e+017
 2.92800000e+001 -1.56045624e+017 1.56045624e+017
 2.94000000e+001 -1.56045624e+017 1.56045624e+017
 2.95200000e+001 -1.56045624e+017 1.56045624e+017
 2.96400000e+001 -1.56045624e+017 1.56045624e+017
 2.97600000e+001 -1.56045624e+017 1.56045624e+017
 2.98800000e+001 -1.56045624e+017 1.56045624e+017
 3.00000000e+001 -1.56045624e+017 1.56045624e+017
 3.01200000e+001 -1.56045624e+017 1.56045624e+017
 3.02400000e+001 -1.56045624e+017 1.56045624e+017
 3.03600000e+001 -1.56045624e+017 1.56045624e+017
 3.04800000e+001 -1.56045624e+017 1.56045624e+017
 3.06000000e+001 -1.56045624e+017 1.56045624e+017
 3.07200000e+001 -1.56045624e+017 1.56045624e+017
 3.08400000e+001 -1.56045624e+017 1.56045624e+017
 3.09600000e+001 -1.56045624e+017 1.56045624e+017
 3.10800000e+001 -1.56045624e+017 1.56045624e+017
 3.12000000e+001 -1.56045624e+017 1.56045624e+017
 3.13200000e+001 -1.56045624e+017 1.56045624e+017
 3.14400000e+001 -1.56045624e+017 1.56045624e+017
 3.15600000e+001 -1.56045624e+017 1.56045624e+017
 3.16800000e+001 -1.56045624e+017 1.56045624e+017
 3.18000000e+001 -1.56045624e+017 1.56045624e+017
 3.19200000e+001 -1.56045624e+017 1.56045624e+017
 3.20400000e+001 -1.56045624e+017 1.56045624e+017
 3.21600000e+001 -1.56045624e+017 1.56045624e+017
 3.22800000e+001 -1.56045624e+017 1.56045624e+017
 3.24000000e+001 -1.56045624e+017 1.56045624e+017
 3.25200000e+001 -1.56045624e+017 1.56045624e+017
 3.26400000e+001 -1.56045624e+017 1.56045624e+017
 3.27600000e+001 -1.56045624e+017 1.56045624e+017
 3.28800000e+001 -1.56045624e+017 1.56045624e+017
 3.30000000e+001 -1.56045624e+017 1.56045624e+017
 3.31200000e+001 -1.56045624e+017 1.56045624e+017
 3.32400000e+001 -1.56045624e+017 1.56045624e+017
 3.33600000e+001 -1.56045624e+017 1.56045624e+017
 3.34800000e+001 -1.56045624e+017 1.56045624e+017
 3.36000000e+001 -1.56045624e+017 1.56045624e+017
 3.37200000e+001 -1.56045624e+017 1.56045624e+017
 3.38400000e+001 -1.56045624e+017 1.56045624e+017
 3.39600000e+001 -1.56045624e+017 1.56045624e+017
 3.40800000e+001 -1.56045624e+017 1.56045624e+017
 3.42000000e+001 -1.56045624e+017 1.56045624e+017
 3.43200000e+001 -1.56045624e+017 1.56045624e+017
 3.44400000e+001 -1.56045624e+017 1.56045624e+017
 3.45600000e+001 -1.56045624e+017 1.56045624e+017
 3.46800000e+001 -1.56045624e+017 1.56045624e+017
 3.48000000e+001 -1.56045624e+017 1.56045624e+017
 3.49200000e+001 -1.56045624e+017 1.56045624e+017
 3.50400000e+001 -1.56045624e+017 1.56045624e+017
 3.51600000e+001 -1.56045624e+017 1.56045624e+017
 3.52800000e+001 -1.56045624e+017 1.56045624e+017
 3.54000000e+001 -1.56045624e+017 1.56045624e+017
 3.55200000e+001 -1.56045624e+017 1.56045624e+017
 3.56400000e+001 -1.56045624e+017 1.56045624e+017
 3.57600000e+001 -1.56045624e+017 1.56045624e+017
 3.58800000e+001 -1.56045624e+017 1.56045624e+017
 3.60000000e+001 -1.56045624e+017 1.56045624e+017
 3.61200000e+001 -1.56045624e+017 1.56045624e+017
 3.62400000e+001 -1.56045624e+017 1.56045624e+017
 3.63600000e+001 -1.56045624e+017 1.56045624e+017
 3.64800000e+001 -1.56045624e+017 1.56045624e+017
 3.66000000e+001 -1.56045624e+017 1.56045624e+017
 3.67200000e+001 -1.56045624e+017 1.56045624e+017
 3.68400000e+001 -1.56045624e+017 1.56045624e+017
 3.69600000e+001 -1.56045624e+017 1.56045624e+017
 3.70800000e+001 -1.56045624e+017 1.56045624e+017
 3.72000000e+001 -1.56045624e+017 1.56045624e+017
 3.73200000e+001 -1.56045624e+017 1.56045624e+017
 3.74400000e+001 -1.56045624e+017 1.56045624e+017
 3.75600000e+001 -1.56045624e+017 1.56045624e+017
 3.76800000e+001 -1.56045624e+017 1.56045624e+017
 3.78000000e+001 -1.56045624e+017 1.56045624e+017
 3.79200000e+001 -1.56045624e+017 1.56045624e+017
 3.80400000e+001 -1.56045624e+017 1.56045624e+017
 3.81600000e+001 -1.56045624e+017 1.56045624e+017
 3.82800000e+001 -1.56045624e+017 1.56045624e+017
 3.84000000e+001 -1.56045624e+017 1.56045624e+017
 3.85200000e+001 -1.56045624e+017 1.56045624e+017
 3.86400000e+001 -1.56045624e+017 1.56045624e+017
 3.87600000e+001 -1.56045624e+017 1.56045624e+017
 3.88800000e+001 -1.56045624e+017 1.56045624e+017
 3.90000000e+001 -1.56045624e+017 1.56045624e+017
 3.91200000e+001 -1.56045624e+017 1.56045624e+017
 3.92400000e+001 -1.56045624e+017 1.56045624e+017
 3.93600000e+001 -1.56045624e+017 1.56045624e+017
 3.94800000e+001 -1.56045624e+017 1.56045624e+017
 3.96000000e+001 -1.56045624e+017 1.56045624e+017
 3.97200000e+001 -1.56045624e+017 1.56045624e+017
 3.98400000e+001 -1.56045624e+017 1.56045624e+017
 3.99600000e+001 -1.56045624e+017 1.56045624e+017
 4.00800000e+001 -1.56045624e+017 1.56045624e+017
 4.02000000e+001 -1.56045624e+017 1.56045624e+017
 4.03200000e+001 -1.56045624e+017 1.56045624e+017
 4.04400000e+001 -1.56045624e+017 1.56045624e+017
 4.05600000e+001 -1.56045624e+017 1.56045624e+017
 4.06800000e+001 -1.56045624e+017 1.56045624e+017
 4.08000000e+001 -1.56045624e+017 1.56045624e+017
 4.09200000e+001 -1.56045624e+017 1.56045624e+017
 4.10400000e+001 -1.56045624e+017 1.56045624e+017
 4.11600000e+001 -1.56045624e+017 1.56045624e+017
 4.12800000e+001 -1.56045624e+017 1.56045624e+017
 4.14000000e+001 -1.56045624e+017 1.56045624e+017
 4.15200000e+001 -1.56045624e+017 1.56045624e+017
 4.16400000e+001 -1.56045624e+017 1.56045624e+017
 4.17600000e+001 -1.56045624e+017 1.56045624e+017
 4.18800000e+001 -1.56045624e+017 1.56045624e+017
 4.20000000e+001 -1.56045624e+017 1.56045624e+017
 4.21200000e+001 -1.56045624e+017 1.56045624e+017
 4.22400000e+001 -1.56045624e+017 1.56045624e+017
 4.23600000e+001 -1.56045624e+017 1.56045624e+017
 4.24800000e+001 -1.56045624e+017 1.56045624e+017
 4.26000000e+001 -1.56045624e+017 1.56045624e+017
 4.27200000e+001 -1.56045624e+017 1.56045624e+017
 4.28400000e+001 -1.56045624e+017 1.56045624e+017
 4.29600000e+001 -1.56045624e+017 1.56045624e+017
 4.30800000e+001 -1.56045624e+017 1.56045624e+017
 4.32000000e+001 -1.56045624e+017 1.56045624e+017
 4.33200000e+001 -1.56045624e+017 1.56045624e+017
 4.34400000e+001 -1.56045624e+017 1.56045624e+017
 4.35600000e+001 -1.56045624e+017 1.56045624e+017
 4.36800000e+001 -1.56045624e+017 1.56045624e+017
 4.38000000e+001 -1.56045624e+017 1.56045624e+017
 4.39200000e+001 -1.56045624e+017 1.56045624e+017
 4.40400000e+001 -1.56045624e+017 1.56045624e+017
 4.41600000e+001 -1.56045624e+017 1.56045624e+017
 4.42800000e+001 -1.56045624e+017 1.56045624e+017
 4.44000000e+001 -1.56045624e+017 1.56045624e+017
 4.45200000e+001 -1.56045624e+017 1.56045624e+017
 4.46400000e+001 -1.56045624e+017 1.56045624e+017
 4.47600000e+001 -1.56045624e+017 1.56045624e+017
 4.48800000e+001 -1.56045624e+017 1.56045624e+017
 4.50000000e+001 -1.56045624e+017 1.56045624e+017
 4.51200000e+001 -1.56045624e+017 1.56045624e+017
 4.52400000e+001 -1.56045624e+017 1.56045624e+017
 4.53600000e+001 -1.56045624e+017 1.56045624e+017
 4.54800000e+001 -1.56045624e+017 1.56045624e+017
 4.56000000e+001 -1.56045624e+017 1.56045624e+017
 4.57200000e+001 -1.56045624e+017 1.56045624e+017
 4.58400000e+001 -1.56045624e+017 1.56045624e+017
 4.59600000e+001 -1.56045624e+017 1.56045624e+017
 4.60800000e+001 -1.56045624e+017 1.56045624e+017
 4.62000000e+001 -1.56045624e+017 1.56045624e+017
 4.63200000e+001 -1.56045624e+017 1.56045624e+017
 4.64400000e+001 -1.56045624e+017 1.56045624e+017
 4.65600000e+001 -1.56045624e+017 1.56045624e+017
 4.66800000e+001 -1.56045624e+017 1.56045624e+017
 4.68000000e+001 -1.56045624e+017 1.56045624e+017
 4.69200000e+001 -1.56045624e+017 1.56045624e+017
 4.70400000e+001 -1.56045624e+017 1.56045624e+017
 4.71600000e+001 -1.56045624e+017 1.56045624e+017
 4.72800000e+001 -1.56045624e+017 1.56045624e+017
 4.74000000e+001 -1.56045624e+017 1.56045624e+017
 4.75200000e+001 -1.56045624e+017 1.56045624e+017
 4.76400000e+001 -1.56045624e+017 1.56045624e+017
 4.77600000e+001 -1.56045624e+017 1.56045624e+017
 4.78800000e+001 -1.56045624e+017 1.56045624e+017
 4.80000000e+001 -1.56045624e+017 1.56045624e+017
 4.81200000e+001 -1.56045624e+017 1.56045624e+017
 4.82400000e+001 -1.56045624e+017 1.56045624e+017
 4.83600000e+001 -1.56045624e+017 1.56045624e+017
 4.84800000e+001 -1.56045624e+017 1.56045624e+017
 4.86000000e+001 -1.56045624e+017 1.56045624e+017
 4.87200000e+001 -1.56045624e+017 1.56045624e+017
 4.88400000e+001 -1.56045624e+017 1.56045624e+017
 4.89600000e+001 -1.56045624e+017 1.56045624e+017
 4.90800000e+001 -1.56045624e+017 1.56045624e+017
 4.92000000e+001 -1.56045624e+017 1.56045624e+017
 4.93200000e+001 -1.56045624e+017 1.56045624e+017
 4.94400000e+001 -1.56045624e+017 1.56045624e+017
 4.95600000e+001 -1.56045624e+017 1.56045624e+017
 4.96800000e+001 -1.56045624e+017 1.56045624e+017
 4.98000000e+001 -1.56045624e+017 1.56045624e+017
 4.99200000e+001 -1.56045624e+017 1.56045624e+017
 5.00400000e+001 -1.56045624e+017 1.56045624e+017
 5.01600000e+001 -1.56045624e+017 1.56045624e+017
 5.02800000e+001 -1.56045624e+017 1.56045624e+017
 5.04000000e+001 -1.56045624e+017 1.56045624e+017
 5.05200000e+001 -1.56045624e+017 1.56045624e+017
 5.06400000e+001 -1.56045624e+017 1.56045624e+017
 5.07600000e+001 -1.56045624e+017 1.56045624e+017
 5.08800000e+001 -1.56045624e+017 1.56045624e+017
 5.10000000e+001 -1.56045624e+017 1.56045624e+017
 5.11200000e+001 -1.56045624e+017 1.56045624e+017
 5.12400000e+001 -1.56045624e+017 1.56045624e+017
 5.13600000e+001 -1.56045624e+017 1.56045624e+017
 5.14800000e+001 -1.56045624e+017 1.56045624e+017
 5.16000000e+001 -1.56045624e+017 1.56045624e+017
 5.17200000e+001 -1.56045624e+017 1.56045624e+017
 5.18400000e+001 -1.56045624e+017 1.56045624e+017
 5.19600000e+001 -1.56045624e+017 1.56045624e+017
 5.20800000e+001 -1.56045624e+017 1.56045624e+017
 5.22000000e+001 -1.56045624e+017 1.56045624e+017
 5.23200000e+001 -1.56045624e+017 1.56045624e+017
 5.24400000e+001 -1.56045624e+017 1.56045624e+017
 5.25600000e+001 -1.56045624e+017 1.56045624e+017
 5.26800000e+001 -1.56045624e+017 1.56045624e+017
 5.28000000e+001 -1.56045624e+017 1.56045624e+017
 5.29200000e+001 -1.56045624e+017 1.56045624e+017
 5.30400000e+001 -1.56045624e+017 1.56045624e+017
 5.31600000e+001 -1.56045624e+017 1.56045624e+017
 5.32800000e+001 -1.56045624e+017 1.56045624e+017
 5.34000000e+001 -1.56045624e+017 1.56045624e+017
 5.35200000e+001 -1.56045624e+017 1.56045624e+017
 5.36400000e+001 -1.56045624e+017 1.56045624e+017
 5.37600000e+001 -1.56045624e+017 1.56045624e+017
 5.38800000e+001 -1.56045624e+017 1.56045624e+017
 5.40000000e+001 -1.56045624e+017 1.56045624e+017
 5.41200000e+001 -1.56045624e+017 1.56045624e+017
 5.42400000e+001 -1.56045624e+017 1.56045624e+017
 5.43600000e+001 -1.56045624e+017 1.56045624e+017
 5.44800000e+001 -1.56045624e+017 1.56045624e+017
 5.46000000e+001 -1.56045624e+017 1.56045624e+017
 5.47200000e+001 -1.56045624e+017 1.56045624e+017
 5.48400000e+001 -1.56045624e+017 1.56045624e+017
 5.49600000e+001 -1.56045624e+017 1.56045624e+017
 5.50800000e+001 -1.56045624e+017 1.56045624e+017
 5.52000000e+001 -1.56045624e+017 1.56045624e+017
 5.53200000e+001 -1.56045624e+017 1.56045624e+017
 5.54400000e+001 -1.56045624e+017 1.56045624e+017
 5.55600000e+001 -1.56045624e+017 1.56045624e+017
 5.56800000e+001 -1.56045624e+017 1.56045624e+017
 5.58000000e+001 -1.56045624e+017 1.56045624e+017
 5.59200000e+001 -1.56045624e+017 1.56045624e+017
 5.60400000e+001 -1.56045624e+017 1.56045624e+017
 5.61600000e+001 -1.56045624e+017 1.56045624e+017
 5.62800000e+001 -1.56045624e+017 1.56045624e+017
 5.64000000e+001 -1.56045624e+017 1.56045624e+017
 5.65200000e+001 -1.56045624e+017 1.56045624e+017
 5.66400000e+001 -1.56045624e+017 1.56045624e+017
 5.67600000e+001 -1.56045624e+017 1.56045624e+017
 5.68800000e+001 -1.56045624e+017 1.56045624e+017
 5.70000000e+001 -1.56045624e+017 1.56045624e+017
 5.71200000e+001 -1.56045624e+017 1.56045624e+017
 5.72400000e+001 -1.56045624e+017 1.56045624e+017
 5.73600000e+001 -1.56045624e+017 1.56045624e+017
 5.74800000e+001 -1.56045624e+017 1.56045624e+017
 5.76000000e+001 -1.56045624e+017 1.56045624e+017
 5.77200000e+001 -1.56045624e+017 1.56045624e+017
 5.78400000e+001 -1.56045624e+017 1.56045624e+017
 5.79600000e+001 -1.56045624e+017 1.56045624e+017
 5.80800000e+001 -1.56045624e+017 1.56045624e+017
 5.82000000e+001 -1.56045624e+017 1.56045624e+017
 5.83200000e+001 -1.56045624e+017 1.56045624e+017
 5.84400000e+001 -1.56045624e+017 1.56045624e+017
 5.85600000e+001 -1.56045624e+017 1.56045624e+017
 5.86800000e+001 -1.56045624e+017 1.56045624e+017
 5.88000000e+001 -1.56045624e+017 1.56045624e+017
 5.89200000e+001 -1.56045624e+017 1.56045624e+017
 5.90400000e+001 -1.56045624e+017 1.56045624e+017
 5.91600000e+001 -1.56045624e+017 1.56045624e+017
 5.92800000e+001 -1.56045624e+017 1.56045624e+017
 5.94000000e+001 -1.56045624e+017 1.56045624e+017
 5.95200000e+001 -1.56045624e+017 1.56045624e+017
 5.96400000e+001 -1.56045624e+017 1.56045624e+017
 5.97600000e+001 -1.56045624e+017 1.56045624e+017
 5.98800000e+001 -1.56045624e+017 1.56045624e+017
 6.00000000e+001 -1.56045624e+017 1.56045624e+017
 6.01200000e+001 -1.56045624e+017 1.56045624e+017
 6.02400000e+001 -1.56045624e+017 1.56045624e+017
 6.03600000e+001 -1.56045624e+017 1.56045624e+017
 6.04800000e+001 -1.56045624e+017 1.56045624e+017
 6.06000000e+001 -1.56045624e+017 1.56045624e+017
 6.07200000e+001 -1.56045624e+017 1.56045624e+017
 6.08400000e+001 -1.56045624e+017 1.56045624e+017
 6.09600000e+001 -1.56045624e+017 1.56045624e+017
 6.10800000e+001 -1.56045624e+017 1.56045624e+017
 6.12000000e+001 -1.56045624e+017 1.56045624e+017
 6.13200000e+001 -1.56045624e+017 1.56045624e+017
 6.14400000e+001 -1.56045624e+017 1.56045624e+017
 6.15600000e+001 -1.56045624e+017 1.56045624e+017
 6.16800000e+001 -1.56045624e+017 1.56045624e+017
 6.18000000e+001 -1.56045624e+017 1.56045624e+017
 6.19200000e+001 -1.56045624e+017 1.56045624e+017
 6.20400000e+001 -1.56045624e+017 1.56045624e+017
 6.21600000e+001 -1.56045624e+017 1.56045624e+017
 6.22800000e+001 -1.56045624e+017 1.56045624e+017
 6.24000000e+001 -1.56045624e+017 1.56045624e+017
 6.25200000e+001 -1.56045624e+017 1.56045624e+017
 6.26400000e+001 -1.56045624e+017 1.56045624e+017
 6.27600000e+001 -1.56045624e+017 1.56045624e+017
 6.28800000e+001 -1.56045624e+017 1.56045624e+017
 6.30000000e+001 -1.56045624e+017 1.56045624e+017
 6.31200000e+001 -1.56045624e+017 1.56045624e+017
 6.32400000e+001 -1.56045624e+017 1.56045624e+017
 6.33600000e+001 -1.56045624e+017 1.56045624e+017
 6.34800000e+001 -1.56045624e+017 1.56045624e+017
 6.36000000e+001 -1.56045624e+017 1.56045624e+017
 6.37200000e+001 -1.56045624e+017 1.56045624e+017
 6.38400000e+001 -1.56045624e+017 1.56045624e+017
 6.39600000e+001 -1.56045624e+017 1.56045624e+017
 6.40800000e+001 -1.56045624e+017 1.56045624e+017
 6.42000000e+001 -1.56045624e+017 1.56045624e+017
 6.43200000e+001 -1.56045624e+017 1.56045624e+017
 6.44400000e+001 -1.56045624e+017 1.56045624e+017
 6.45600000e+001 -1.56045624e+017 1.56045624e+017
 6.46800000e+001 -1.56045624e+017 1.56045624e+017
 6.48000000e+001 -1.56045624e+017 1.56045624e+017
 6.49200000e+001 -1.56045624e+017 1.56045624e+017
 6.50400000e+001 -1.56045624e+017 1.56045624e+017
 6.51600000e+001 -1.56045624e+017 1.56045624e+017
 6.52800000e+001 -1.56045624e+017 1.56045624e+017
 6.54000000e+001 -1.56045624e+017 1.56045624e+017
 6.55200000e+001 -1.56045624e+017 1.56045624e+017
 6.56400000e+001 -1.56045624e+017 1.56045624e+017
 6.57600000e+001 -1.56045624e+017 1.56045624e+017
 6.58800000e+001 -1.56045624e+017 1.56045624e+017
 6.60000000e+001 -1.56045624e+017 1.56045624e+017
 6.61200000e+001 -1.56045624e+017 1.56045624e+017
 6.62400000e+001 -1.56045624e+017 1.56045624e+017
 6.63600000e+001 -1.56045624e+017 1.56045624e+017
 6.64800000e+001 -1.56045624e+017 1.56045624e+017
 6.66000000e+001 -1.56045624e+017 1.56045624e+017
 6.67200000e+001 -1.56045624e+017 1.56045624e+017
 6.68400000e+001 -1.56045624e+017 1.56045624e+017
 6.69600000e+001 -1.56045624e+017 1.56045624e+017
 6.70800000e+001 -1.56045624e+017 1.56045624e+017
 6.72000000e+001 -1.56045624e+017 1.56045624e+017
 6.73200000e+001 -1.56045624e+017 1.56045624e+017
 6.74400000e+001 -1.56045624e+017 1.56045624e+017
 6.75600000e+001 -1.56045624e+017 1.56045624e+017
 6.76800000e+001 -1.56045624e+017 1.56045624e+017
 6.78000000e+001 -1.56045624e+017 1.56045624e+017
 6.79200000e+001 -1.56045624e+017 1.56045624e+017
 6.80400000e+001 -1.56045624e+017 1.56045624e+017
 6.81600000e+001 -1.56045624e+017 1.56045624e+017
 6.82800000e+001 -1.56045624e+017 1.56045624e+017
 6.84000000e+001 -1.56045624e+017 1.56045624e+017
 6.85200000e+001 -1.56045624e+017 1.56045624e+017
 6.86400000e+001 -1.56045624e+017 1.56045624e+017
 6.87600000e+001 -1.56045624e+017 1.56045624e+017
 6.88800000e+001 -1.56045624e+017 1.56045624e+017
 6.90000000e+001 -1.56045624e+017 1.56045624e+017
 6.91200000e+001 -1.56045624e+017 1.56045624e+017
 6.92400000e+001 -1.56045624e+017 1.56045624e+017
 6.93600000e+001 -1.56045624e+017 1.56045624e+017
 6.94800000e+001 -1.56045624e+017 1.56045624e+017
 6.96000000e+001 -1.56045624e+017 1.56045624e+017
 6.97200000e+001 -1.56045624e+017 1.56045624e+017
 6.98400000e+001 -1.56045624e+017 1.56045624e+017
 6.99600000e+001 -1.56045624e+017 1.56045624e+017
 7.00800000e+001 -1.56045624e+017 1.56045624e+017
 7.02000000e+001 -1.56045624e+017 1.56045624e+017
 7.03200000e+001 -1.56045624e+017 1.56045624e+017
 7.04400000e+001 -1.56045624e+017 1.56045624e+017
 7.05600000e+001 -1.56045624e+017 1.56045624e+017
 7.06800000e+001 -1.56045624e+017 1.56045624e+017
 7.08000000e+001 -1.56045624e+017 1.56045624e+017
 7.09200000e+001 -1.56045624e+017 1.56045624e+017
 7.10400000e+001 -1.56045624e+017 1.56045624e+017
 7.11600000e+001 -1.56045624e+017 1.56045624e+017
 7.12800000e+001 -1.56045624e+017 1.56045624e+017
 7.14000000e+001 -1.56045624e+017 1.56045624e+017
 7.15200000e+001 -1.56045624e+017 1.56045624e+017
 7.16400000e+001 -1.56045624e+017 1.56045624e+017
 7.17600000e+001 -1.56045624e+017 1.56045624e+017
 7.18800000e+001 -1.56045624e+017 1.56045624e+017
 7.20000000e+001 -1.56045624e+017 1.56045624e+017
 7.21200000e+001 -1.56045624e+017 1.56045624e+017
 7.22400000e+001 -1.56045624e+017 1.56045624e+017
 7.23600000e+001 -1.56045624e+017 1.56045624e+017
 7.24800000e+001 -1.56045624e+017 1.56045624e+017
 7.26000000e+001 -1.56045624e+017 1.56045624e+017
 7.27200000e+001 -1.56045624e+017 1.56045624e+017
 7.28400000e+001 -1.56045624e+017 1.56045624e+017
 7.29600000e+001 -1.56045624e+017 1.56045624e+017
 7.30800000e+001 -1.56045624e+017 1.56045624e+017
 7.32000000e+001 -1.56045624e+017 1.56045624e+017
 7.33200000e+001 -1.56045624e+017 1.56045624e+017
 7.34400000e+001 -1.56045624e+017 1.56045624e+017
 7.35600000e+001 -1.56045624e+017 1.56045624e+017
 7.36800000e+001 -1.56045624e+017 1.56045624e+017
 7.38000000e+001 -1.56045624e+017 1.56045624e+017
 7.39200000e+001 -1.56045624e+017 1.56045624e+017
 7.40400000e+001 -1.56045624e+017 1.56045624e+017
 7.41600000e+001 -1.56045624e+017 1.56045624e+017
 7.42800000e+001 -1.56045624e+017 1.56045624e+017
 7.44000000e+001 -1.56045624e+017 1.56045624e+017
 7.45200000e+001 -1.56045624e+017 1.56045624e+017
 7.46400000e+001 -1.56045624e+017 1.56045624e+017
 7.47600000e+001 -1.56045624e+017 1.56045624e+017
 7.48800000e+001 -1.56045624e+017 1.56045624e+017
 7.50000000e+001 -1.56045624e+017 1.56045624e+017
 7.51200000e+001 -1.56045624e+017 1.56045624e+017
 7.52400000e+001 -1.56045624e+017 1.56045624e+017
 7.53600000e+001 -1.56045624e+017 1.56045624e+017
 7.54800000e+001 -1.56045624e+017 1.56045624e+017
 7.56000000e+001 -1.56045624e+017 1.56045624e+017
 7.57200000e+001 -1.56045624e+017 1.56045624e+017
 7.58400000e+001 -1.56045624e+017 1.56045624e+017
 7.59600000e+001 -1.56045624e+017 1.56045624e+017
 7.60800000e+001 -1.56045624e+017 1.56045624e+017
 7.62000000e+001 -1.56045624e+017 1.56045624e+017
 7.63200000e+001 -1.56045624e+017 1.56045624e+017
 7.64400000e+001 -1.56045624e+017 1.56045624e+017
 7.65600000e+001 -1.56045624e+017 1.56045624e+017
 7.66800000e+001 -1.56045624e+017 1.56045624e+017
 7.68000000e+001 -1.56045624e+017 1.56045624e+017
 7.69200000e+001 -1.56045624e+017 1.56045624e+017
 7.70400000e+001 -1.56045624e+017 1.56045624e+017
 7.71600000e+001 -1.56045624e+017 1.56045624e+017
 7.72800000e+001 -1.56045624e+017 1.56045624e+017
 7.74000000e+001 -1.56045624e+017 1.56045624e+017
 7.75200000e+001 -1.56045624e+017 1.56045624e+017
 7.76400000e+001 -1.56045624e+017 1.56045624e+017
 7.77600000e+001 -1.56045624e+017 1.56045624e+017
 7.78800000e+001 -1.56045624e+017 1.56045624e+017
 7.80000000e+001 -1.56045624e+017 1.56045624e+017
 7.81200000e+001 -1.56045624e+017 1.56045624e+017
 7.82400000e+001 -1.56045624e+017 1.56045624e+017
 7.83600000e+001 -1.56045624e+017 1.56045624e+017
 7.84800000e+001 -1.56045624e+017 1.56045624e+017
 7.86000000e+001 -1.56045624e+017 1.56045624e+017
 7.87200000e+001 -1.56045624e+017 1.56045624e+017
 7.88400000e+001 -1.56045624e+017 1.56045624e+017
 7.89600000e+001 -1.56045624e+017 1.56045624e+017
 7.90800000e+001 -1.56045624e+017 1.56045624e+017
 7.92000000e+001 -1.56045624e+017 1.56045624e+017
 7.93200000e+001 -1.56045624e+017 1.56045624e+017
 7.94400000e+001 -1.56045624e+017 1.56045624e+017
 7.95600000e+001 -1.56045624e+017 1.56045624e+017
 7.96800000e+001 -1.56045624e+017 1.56045624e+017
 7.98000000e+001 -1.56045624e+017 1.56045624e+017
 7.99200000e+001 -1.56045624e+017 1.56045624e+017
 8.00400000e+001 -1.56045624e+017 1.56045624e+017
 8.01600000e+001 -1.56045624e+017 1.56045624e+017
 8.02800000e+001 -1.56045624e+017 1.56045624e+017
 8.04000000e+001 -1.56045624e+017 1.56045624e+017
 8.05200000e+001 -1.56045624e+017 1.56045624e+017
 8.06400000e+001 -1.56045624e+017 1.56045624e+017
 8.07600000e+001 -1.56045624e+017 1.56045624e+017
 8.08800000e+001 -1.56045624e+017 1.56045624e+017
 8.10000000e+001 -1.56045624e+017 1.56045624e+017
 8.11200000e+001 -1.56045624e+017 1.56045624e+017
 8.12400000e+001 -1.56045624e+017 1.56045624e+017
 8.13600000e+001 -1.56045624e+017 1.56045624e+017
 8.14800000e+001 -1.56045624e+017 1.56045624e+017
 8.16000000e+001 -1.56045624e+017 1.56045624e+017
 8.17200000e+001 -1.56045624e+017 1.56045624e+017
 8.18400000e+001 -1.56045624e+017 1.56045624e+017
 8.19600000e+001 -1.56045624e+017 1.56045624e+017
 8.20800000e+001 -1.56045624e+017 1.56045624e+017
 8.22000000e+001 -1.56045624e+017 1.56045624e+017
 8.23200000e+001 -1.56045624e+017 1.56045624e+017
 8.24400000e+001 -1.56045624e+017 1.56045624e+017
 8.25600000e+001 -1.56045624e+017 1.56045624e+017
 8.26800000e+001 -1.56045624e+017 1.56045624e+017
 8.28000000e+001 -1.56045624e+017 1.56045624e+017
 8.29200000e+001 -1.56045624e+017 1.56045624e+017
 8.30400000e+001 -1.56045624e+017 1.56045624e+017
 8.31600000e+001 -1.56045624e+017 1.56045624e+017
 8.32800000e+001 -1.56045624e+017 1.56045624e+017
 8.34000000e+001 -1.56045624e+017 1.56045624e+017
 8.35200000e+001 -1.56045624e+017 1.56045624e+017
 8.36400000e+001 -1.56045624e+017 1.56045624e+017
 8.37600000e+001 -1.56045624e+017 1.56045624e+017
 8.38800000e+001 -1.56045624e+017 1.56045624e+017
 8.40000000e+001 -1.56045624e+017 1.56045624e+017
 8.41200000e+001 -1.56045624e+017 1.56045624e+017
 8.42400000e+001 -1.56045624e+017 1.56045624e+017
 8.43600000e+001 -1.56045624e+017 1.56045624e+017
 8.44800000e+001 -1.56045624e+017 1.56045624e+017
 8.46000000e+001 -1.56045624e+017 1.56045624e+017
 8.47200000e+001 -1.56045624e+017 1.56045624e+017
 8.48400000e+001 -1.56045624e+017 1.56045624e+017
 8.49600000e+001 -1.56045624e+017 1.56045624e+017
 8.50800000e+001 -1.56045624e+017 1.56045624e+017
 8.52000000e+001 -1.56045624e+017 1.56045624e+017
 8.53200000e+001 -1.56045624e+017 1.56045624e+017
 8.54400000e+001 -1.56045624e+017 1.56045624e+017
 8.55600000e+001 -1.56045624e+017 1.56045624e+017
 8.56800000e+001 -1.56045624e+017 1.56045624e+017
 8.58000000e+001 -1.56045624e+017 1.56045624e+017
 8.59200000e+001 -1.56045624e+017 1.56045624e+017
 8.60400000e+001 -1.56045624e+017 1.56045624e+017
 8.61600000e+001 -1.56045624e+017 1.56045624e+017
 8.62800000e+001 -1.56045624e+017 1.56045624e+017
 8.64000000e+001 -1.56045624e+017 1.56045624e+017
 8.65200000e+001 -1.56045624e+017 1.56045624e+017
 8.66400000e+001 -1.56045624e+017 1.56045624e+017
 8.67600000e+001 -1.56045624e+017 1.56045624e+017
 8.68800000e+001 -1.56045624e+017 1.56045624e+017
 8.70000000e+001 -1.56045624e+017 1.56045624e+017
 8.71200000e+001 -1.56045624e+017 1.56045624e+017
 8.72400000e+001 -1.56045624e+017 1.56045624e+017
 8.73600000e+001 -1.56045624e+017 1.56045624e+017
 8.74800000e+001 -1.56045624e+017 1.56045624e+017
 8.76000000e+001 -1.56045624e+017 1.56045624e+017
 8.77200000e+001 -1.56045624e+017 1.56045624e+017
 8.78400000e+001 -1.56045624e+017 1.56045624e+017
 8.79600000e+001 -1.56045624e+017 1.56045624e+017
 8.80800000e+001 -1.56045624e+017 1.56045624e+017
 8.82000000e+001 -1.56045624e+017 1.56045624e+017
 8.83200000e+001 -1.56045624e+017 1.56045624e+017
 8.84400000e+001 -1.56045624e+017 1.56045624e+017
 8.85600000e+001 -1.56045624e+017 1.56045624e+017
 8.86800000e+001 -1.56045624e+017 1.56045624e+017
 8.88000000e+001 -1.56045624e+017 1.56045624e+017
 8.89200000e+001 -1.56045624e+017 1.56045624e+017
 8.90400000e+001 -1.56045624e+017 1.56045624e+017
 8.91600000e+001 -1.56045624e+017 1.56045624e+017
 8.92800000e+001 -1.56045624e+017 1.56045624e+017
 8.94000000e+001 -1.56045624e+017 1.56045624e+017
 8.95200000e+001 -1.56045624e+017 1.56045624e+017
 8.96400000e+001 -1.56045624e+017 1.56045624e+017
 8.97600000e+001 -1.56045624e+017 1.56045624e+017
 8.98800000e+001 -1.56045624e+017 1.56045624e+017
 9.00000000e+001 -1.56045624e+017 1.56045624e+017
 9.01200000e+001 -1.56045624e+017 1.56045624e+017
 9.02400000e+001 -1.56045624e+017 1.56045624e+017
 9.03600000e+001 -1.56045624e+017 1.56045624e+017
 9.04800000e+001 -1.56045624e+017 1.56045624e+017
 9.06000000e+001 -1.56045624e+017 1.56045624e+017
 9.07200000e+001 -1.56045624e+017 1.56045624e+017
 9.08400000e+001 -1.56045624e+017 1.56045624e+017
 9.09600000e+001 -1.56045624e+017 1.56045624e+017
 9.10800000e+001 -1.56045624e+017 1.56045624e+017
 9.12000000e+001 -1.56045624e+017 1.56045624e+017
 9.13200000e+001 -1.56045624e+017 1.56045624e+017
 9.14400000e+001 -1.56045624e+017 1.56045624e+017
 9.15600000e+001 -1.56045624e+017 1.56045624e+017
 9.16800000e+001 -1.56045624e+017 1.56045624e+017
 9.18000000e+001 -1.56045624e+017 1.56045624e+017
 9.19200000e+001 -1.56045624e+017 1.56045624e+017
 9.20400000e+001 -1.56045624e+017 1.56045624e+017
 9.21600000e+001 -1.56045624e+017 1.56045624e+017
 9.22800000e+001 -1.56045624e+017 1.56045624e+017
 9.24000000e+001 -1.56045624e+017 1.56045624e+017
 9.25200000e+001 -1.56045624e+017 1.56045624e+017
 9.26400000e+001 -1.56045624e+017 1.56045624e+017
 9.27600000e+001 -1.56045624e+017 1.56045624e+017
 9.28800000e+001 -1.56045624e+017 1.56045624e+017
 9.30000000e+001 -1.56045624e+017 1.56045624e+017
 9.31200000e+001 -1.56045624e+017 1.56045624e+017
 9.32400000e+001 -1.56045624e+017 1.56045624e+017
 9.33600000e+001 -1.56045624e+017 1.56045624e+017
 9.34800000e+001 -1.56045624e+017 1.56045624e+017
 9.36000000e+001 -1.56045624e+017 1.56045624e+017
 9.37200000e+001 -1.56045624e+017 1.56045624e+017
 9.38400000e+001 -1.56045624e+017 1.56045624e+017
 9.39600000e+001 -1.56045624e+017 1.56045624e+017
 9.40800000e+001 -1.56045624e+017 1.56045624e+017
 9.42000000e+001 -1.56045624e+017 1.56045624e+017
 9.43200000e+001 -1.56045624e+017 1.56045624e+017
 9.44400000e+001 -1.56045624e+017 1.56045624e+017
 9.45600000e+001 -1.56045624e+017 1.56045624e+017
 9.46800000e+001 -1.56045624e+017 1.56045624e+017
 9.48000000e+001 -1.56045624e+017 1.56045624e+017
 9.49200000e+001 -1.56045624e+017 1.56045624e+017
 9.50400000e+001 -1.56045624e+017 1.56045624e+017
 9.51600000e+001 -1.56045624e+017 1.56045624e+017
 9.52800000e+001 -1.56045624e+017 1.56045624e+017
 9.54000000e+001 -1.56045624e+017 1.56045624e+017
 9.55200000e+001 -1.56045624e+017 1.56045624e+017
 9.56400000e+001 -1.56045624e+017 1.56045624e+017
 9.57600000e+001 -1.56045624e+017 1.56045624e+017
 9.58800000e+001 -1.56045624e+017 1.56045624e+017
 9.60000000e+001 -1.56045624e+017 1.56045624e+017
 9.61200000e+001 -1.56045624e+017 1.56045624e+017
 9.62400000e+001 -1.56045624e+017 1.56045624e+017
 9.63600000e+001 -1.56045624e+017 1.56045624e+017
 9.64800000e+001 -1.56045624e+017 1.56045624e+017
 9.66000000e+001 -1.56045624e+017 1.56045624e+017
 9.67200000e+001 -1.56045624e+017 1.56045624e+017
 9.68400000e+001 -1.56045624e+017 1.56045624e+017
 9.69600000e+001 -1.56045624e+017 1.56045624e+017
 9.70800000e+001 -1.56045624e+017 1.56045624e+017
 9.72000000e+001 -1.56045624e+017 1.56045624e+017
 9.73200000e+001 -1.56045624e+017 1.56045624e+017
 9.74400000e+001 -1.56045624e+017 1.56045624e+017
 9.75600000e+001 -1.56045624e+017 1.56045624e+017
 9.76800000e+001 -1.56045624e+017 1.56045624e+017
 9.78000000e+001 -1.56045624e+017 1.56045624e+017
 9.79200000e+001 -1.56045624e+017 1.56045624e+017
 9.80400000e+001 -1.56045624e+017 1.56045624e+017
 9.81600000e+001 -1.56045624e+017 1.56045624e+017
 9.82800000e+001 -1.56045624e+017 1.56045624e+017
 9.84000000e+001 -1.56045624e+017 1.56045624e+017
 9.85200000e+001 -1.56045624e+017 1.56045624e+017
 9.86400000e+001 -1.56045624e+017 1.56045624e+017
 9.87600000e+001 -1.56045624e+017 1.56045624e+017
 9.88800000e+001 -1.56045624e+017 1.56045624e+017
 9.90000000e+001 -1.56045624e+017 1.56045624e+017
 9.91200000e+001 -1.56045624e+017 1.56045624e+017
 9.92400000e+001 -1.56045624e+017 1.56045624e+017
 9.93600000e+001 -1.56045624e+017 1.56045624e+017
 9.94800000e+001 -1.56045624e+017 1.56045624e+017
 9.96000000e+001 -1.56045624e+017 1.56045624e+017
 9.97200000e+001 -1.56045624e+017 1.56045624e+017
 9.98400000e+001 -1.56045624e+017 1.56045624e+017
 9.99600000e+001 -1.56045624e+017 1.56045624e+017
 1.00080000e+002 -1.56045624e+017 1.56045624e+017
 1.00200000e+002 -1.56045624e+017 1.56045624e+017
 1.00320000e+002 -1.56045624e+017 1.56045624e+017
 1.00440000e+002 -1.56045624e+017 1.56045624e+017
 1.00560000e+002 -1.56045624e+017 1.56045624e+017
 1.00680000e+002 -1.56045624e+017 1.56045624e+017
 1.00800000e+002 -1.56045624e+017 1.56045624e+017
 1.00920000e+002 -1.56045624e+017 1.56045624e+017
 1.01040000e+002 -1.56045624e+017 1.56045624e+017
 1.01160000e+002 -1.56045624e+017 1.56045624e+017
 1.01280000e+002 -1.56045624e+017 1.56045624e+017
 1.01400000e+002 -1.56045624e+017 1.56045624e+017
 1.01520000e+002 -1.56045624e+017 1.56045624e+017
 1.01640000e+002 -1.56045624e+017 1.56045624e+017
 1.01760000e+002 -1.56045624e+017 1.56045624e+017
 1.01880000e+002 -1.56045624e+017 1.56045624e+017
 1.02000000e+002 -1.56045624e+017 1.56045624e+017
 1.02120000e+002 -1.56045624e+017 1.56045624e+017
 1.02240000e+002 -1.56045624e+017 1.56045624e+017
 1.02360000e+002 -1.56045624e+017 1.56045624e+017
 1.02480000e+002 -1.56045624e+017 1.56045624e+017
 1.02600000e+002 -1.56045624e+017 1.56045624e+017
 1.02720000e+002 -1.56045624e+017 1.56045624e+017
 1.02840000e+002 -1.56045624e+017 1.56045624e+017
 1.02960000e+002 -1.56045624e+017 1.56045624e+017
 1.03080000e+002 -1.56045624e+017 1.56045624e+017
 1.03200000e+002 -1.56045624e+017 1.56045624e+017
 1.03320000e+002 -1.56045624e+017 1.56045624e+017
 1.03440000e+002 -1.56045624e+017 1.56045624e+017
 1.03560000e+002 -1.56045624e+017 1.56045624e+017
 1.03680000e+002 -1.56045624e+017 1.56045624e+017
 1.03800000e+002 -1.56045624e+017 1.56045624e+017
 1.03920000e+002 -1.56045624e+017 1.56045624e+017
 1.04040000e+002 -1.56045624e+017 1.56045624e+017
 1.04160000e+002 -1.56045624e+017 1.56045624e+017
 1.04280000e+002 -1.56045624e+017 1.56045624e+017
 1.04400000e+002 -1.56045624e+017 1.56045624e+017
 1.04520000e+002 -1.56045624e+017 1.56045624e+017
 1.04640000e+002 -1.56045624e+017 1.56045624e+017
 1.04760000e+002 -1.56045624e+017 1.56045624e+017
 1.04880000e+002 -1.56045624e+017 1.56045624e+017
 1.05000000e+002 -1.56045624e+017 1.56045624e+017
 1.05120000e+002 -1.56045624e+017 1.56045624e+017
 1.05240000e+002 -1.56045624e+017 1.56045624e+017
 1.05360000e+002 -1.56045624e+017 1.56045624e+017
 1.05480000e+002 -1.56045624e+017 1.56045624e+017
 1.05600000e+002 -1.56045624e+017 1.56045624e+017
 1.05720000e+002 -1.56045624e+017 1.56045624e+017
 1.05840000e+002 -1.56045624e+017 1.56045624e+017
 1.05960000e+002 -1.56045624e+017 1.56045624e+017
 1.06080000e+002 -1.56045624e+017 1.56045624e+017
 1.06200000e+002 -1.56045624e+017 1.56045624e+017
 1.06320000e+002 -1.56045624e+017 1.56045624e+017
 1.06440000e+002 -1.56045624e+017 1.56045624e+017
 1.06560000e+002 -1.56045624e+017 1.56045624e+017
 1.06680000e+002 -1.56045624e+017 1.56045624e+017
 1.06800000e+002 -1.56045624e+017 1.56045624e+017
 1.06920000e+002 -1.56045624e+017 1.56045624e+017
 1.07040000e+002 -1.56045624e+017 1.56045624e+017
 1.07160000e+002 -1.56045624e+017 1.56045624e+017
 1.07280000e+002 -1.56045624e+017 1.56045624e+017
 1.07400000e+002 -1.56045624e+017 1.56045624e+017
 1.07520000e+002 -1.56045624e+017 1.56045624e+017
 1.07640000e+002 -1.56045624e+017 1.56045624e+017
 1.07760000e+002 -1.56045624e+017 1.56045624e+017
 1.07880000e+002 -1.56045624e+017 1.56045624e+017
 1.08000000e+002 -1.56045624e+017 1.56045624e+017
 1.08120000e+002 -1.56045624e+017 1.56045624e+017
 1.08240000e+002 -1.56045624e+017 1.56045624e+017
 1.08360000e+002 -1.56045624e+017 1.56045624e+017
 1.08480000e+002 -1.56045624e+017 1.56045624e+017
 1.08600000e+002 -1.56045624e+017 1.56045624e+017
 1.08720000e+002 -1.56045624e+017 1.56045624e+017
 1.08840000e+002 -1.56045624e+017 1.56045624e+017
 1.08960000e+002 -1.56045624e+017 1.56045624e+017
 1.09080000e+002 -1.56045624e+017 1.56045624e+017
 1.09200000e+002 -1.56045624e+017 1.56045624e+017
 1.09320000e+002 -1.56045624e+017 1.56045624e+017
 1.09440000e+002 -1.56045624e+017 1.56045624e+017
 1.09560000e+002 -1.56045624e+017 1.56045624e+017
 1.09680000e+002 -1.56045624e+017 1.56045624e+017
 1.09800000e+002 -1.56045624e+017 1.56045624e+017
 1.09920000e+002 -1.56045624e+017 1.56045624e+017
 1.10040000e+002 -1.56045624e+017 1.56045624e+017
 1.10160000e+002 -1.56045624e+017 1.56045624e+017
 1.10280000e+002 -1.56045624e+017 1.56045624e+017
 1.10400000e+002 -1.56045624e+017 1.56045624e+017
 1.10520000e+002 -1.56045624e+017 1.56045624e+017
 1.10640000e+002 -1.56045624e+017 1.56045624e+017
 1.10760000e+002 -1.56045624e+017 1.56045624e+017
 1.10880000e+002 -1.56045624e+017 1.56045624e+017
 1.11000000e+002 -1.56045624e+017 1.56045624e+017
 1.11120000e+002 -1.56045624e+017 1.56045624e+017
 1.11240000e+002 -1.56045624e+017 1.56045624e+017
 1.11360000e+002 -1.56045624e+017 1.56045624e+017
 1.11480000e+002 -1.56045624e+017 1.56045624e+017
 1.11600000e+002 -1.56045624e+017 1.56045624e+017
 1.11720000e+002 -1.56045624e+017 1.56045624e+017
 1.11840000e+002 -1.56045624e+017 1.56045624e+017
 1.11960000e+002 -1.56045624e+017 1.56045624e+017
 1.12080000e+002 -1.56045624e+017 1.56045624e+017
 1.12200000e+002 -1.56045624e+017 1.56045624e+017
 1.12320000e+002 -1.56045624e+017 1.56045624e+017
 1.12440000e+002 -1.56045624e+017 1.56045624e+017
 1.12560000e+002 -1.56045624e+017 1.56045624e+017
 1.12680000e+002 -1.56045624e+017 1.56045624e+017
 1.12800000e+002 -1.56045624e+017 1.56045624e+017
 1.12920000e+002 -1.56045624e+017 1.56045624e+017
 1.13040000e+002 -1.56045624e+017 1.56045624e+017
 1.13160000e+002 -1.56045624e+017 1.56045624e+017
 1.13280000e+002 -1.56045624e+017 1.56045624e+017
 1.13400000e+002 -1.56045624e+017 1.56045624e+017
 1.13520000e+002 -1.56045624e+017 1.56045624e+017
 1.13640000e+002 -1.56045624e+017 1.56045624e+017
 1.13760000e+002 -1.56045624e+017 1.56045624e+017
 1.13880000e+002 -1.56045624e+017 1.56045624e+017
 1.14000000e+002 -1.56045624e+017 1.56045624e+017
 1.14120000e+002 -1.56045624e+017 1.56045624e+017
 1.14240000e+002 -1.56045624e+017 1.56045624e+017
 1.14360000e+002 -1.56045624e+017 1.56045624e+017
 1.14480000e+002 -1.56045624e+017 1.56045624e+017
 1.14600000e+002 -1.56045624e+017 1.56045624e+017
 1.14720000e+002 -1.56045624e+017 1.56045624e+017
 1.14840000e+002 -1.56045624e+017 1.56045624e+017
 1.14960000e+002 -1.56045624e+017 1.56045624e+017
 1.15080000e+002 -1.56045624e+017 1.56045624e+017
 1.15200000e+002 -1.56045624e+017 1.56045624e+017
 1.15320000e+002 -1.56045624e+017 1.56045624e+017
 1.15440000e+002 -1.56045624e+017 1.56045624e+017
 1.15560000e+002 -1.56045624e+017 1.56045624e+017
 1.15680000e+002 -1.56045624e+017 1.56045624e+017
 1.15800000e+002 -1.56045624e+017 1.56045624e+017
 1.15920000e+002 -1.56045624e+017 1.56045624e+017
 1.16040000e+002 -1.56045624e+017 1.56045624e+017
 1.16160000e+002 -1.56045624e+017 1.56045624e+017
 1.16280000e+002 -1.56045624e+017 1.56045624e+017
 1.16400000e+002 -1.56045624e+017 1.56045624e+017
 1.16520000e+002 -1.56045624e+017 1.56045624e+017
 1.16640000e+002 -1.56045624e+017 1.56045624e+017
 1.16760000e+002 -1.56045624e+017 1.56045624e+017
 1.16880000e+002 -1.56045624e+017 1.56045624e+017
 1.17000000e+002 -1.56045624e+017 1.56045624e+017
 1.17120000e+002 -1.56045624e+017 1.56045624e+017
 1.17240000e+002 -1.56045624e+017 1.56045624e+017
 1.17360000e+002 -1.56045624e+017 1.56045624e+017
 1.17480000e+002 -1.56045624e+017 1.56045624e+017
 1.17600000e+002 -1.56045624e+017 1.56045624e+017
 1.17720000e+002 -1.56045624e+017 1.56045624e+017
 1.17840000e+002 -1.56045624e+017 1.56045624e+017
 1.17960000e+002 -1.56045624e+017 1.56045624e+017
 1.18080000e+002 -1.56045624e+017 1.56045624e+017
 1.18200000e+002 -1.56045624e+017 1.56045624e+017
 1.18320000e+002 -1.56045624e+017 1.56045624e+017
 1.18440000e+002 -1.56045624e+017 1.56045624e+017
 1.18560000e+002 -1.56045624e+017 1.56045624e+017
 1.18680000e+002 -1.56045624e+017 1.56045624e+017
 1.18800000e+002 -1.56045624e+017 1.56045624e+017
 1.18920000e+002 -1.56045624e+017 1.56045624e+017
 1.19040000e+002 -1.56045624e+017 1.56045624e+017
 1.19160000e+002 -1.56045624e+017 1.56045624e+017
 1.19280000e+002 -1.56045624e+017 1.56045624e+017
 1.19400000e+002 -1.56045624e+017 1.56045624e+017
 1.19520000e+002 -1.56045624e+017 1.56045624e+017
 1.19640000e+002 -1.56045624e+017 1.56045624e+017
 1.19760000e+002 -1.56045624e+017 1.56045624e+017
 1.19880000e+002 -1.56045624e+017 1.56045624e+017
 1.20000000e+002 -1.56045624e+017 1.56045624e+017
